200 60
300 103 106 147 110 174 91 427 415 464 201 405 264 281 347 70 277 106 248 208 284 109 253 113 211 165 224 93 194 243 243 251 250 112 212 279 115 246 180 312 241 103 77 238 377 281 184 408 342 238 246 204 209 456 344 126 111 365 122 206
46 23 37 15 29 22 22 16 29 36 18 11 10 38 39 10 24 42 30 21 16 31 29 50 16 40 47 49 40 29 16 27 30 35 27 45 39 46 26 20 35 17 30 42 27 15 29 31 20 24 38 18 12 17 47 12 34 32 46 33 42 22 25 47 37 18 32 39 18 21 37 21 27 37 16 33 22 17 42 40 48 35 44 44 38 27 24 11 43 50 28 25 40 32 23 29 36 40 46 20 26 38 44 48 12 45 41 16 37 43 32 34 43 42 36 10 44 23 43 36 34 49 38 31 38 22 19 12 50 24 23 29 14 40 39 17 19 12 41 17 48 50 44 43 21 23 26 36 37 31 23 11 32 30 46 36 30 26 22 44 30 48 35 45 17 18 19 46 36 35 14 49 18 42 14 42 42 22 26 41 13 20 44 15 32 20 30 23 21 26 11 45 42 15 25 16 19 36 25 48
497 152 116 277 202 301 120 464 489 498 293 442 386 447 446 133 386 152 278 405 428 113 447 218 351 286 246 149 385 352 388 328 408 200 229 320 164 371 217 346 323 174 152 391 424 345 203 419 407 252 284 271 297 476 416 144 136 458 230 396
52 142 18 133 95 26 155 107 96 30 78 207 31 46 140 49 198 182 2 156 218 109 125 99 86 79 121 34 12 167 114 66 118 35 135 143 155 103 168 157 163 130 136 26 108 95 83 104 33 161 32 168 86 154 181 176 34 25 123 146
37 72 83 87 85 105 130 52 11 116 22 120 62 103 94 39 111 94 90 124 130 70 43 104 77 38 76 72 80 135 31 89 36 76 74 92 69 38 128 88 76 106 62 74 22 33 11 22 110 112 92 88 94 113 93 90 121 112 56 61
105 169 129 187 176 144 38 55 95 142 80 165 118 160 41 95 173 154 118 224 177 169 92 191 167 132 176 132 106 235 126 54 131 83 59 192 146 68 228 80 130 13 79 92 99 133 110 120 151 212 91 176 179 43 150 131 135 129 155 109
53 129 14 113 69 21 180 122 99 37 88 208 29 18 159 57 195 181 31 130 218 90 131 71 61 68 102 17 39 142 110 95 112 62 150 124 151 114 144 170 165 154 146 52 111 85 82 100 22 140 62 158 58 175 181 179 51 45 111 150
93 69 103 32 26 115 227 149 107 132 115 174 93 91 191 103 152 145 122 36 180 29 132 34 35 62 31 87 123 47 88 165 86 137 171 42 114 136 49 181 142 202 155 129 111 65 87 86 113 50 146 100 41 211 148 159 146 139 62 140
129 176 160 201 198 176 19 64 107 176 99 150 146 190 25 120 163 145 151 239 161 185 93 215 189 151 191 161 138 250 135 90 139 116 51 204 145 78 241 62 122 23 73 124 107 149 126 132 183 223 126 177 203 10 140 118 170 164 166 103
121 108 167 144 164 189 115 68 76 197 89 55 146 189 73 120 68 51 169 183 67 138 44 184 158 120 138 158 158 190 80 138 82 144 51 142 63 66 178 33 33 105 35 147 65 107 96 85 194 157 160 95 176 87 47 23 199 190 107 28
132 71 177 110 146 199 172 109 90 211 111 34 156 191 129 135 15 9 186 144 40 115 71 166 144 114 109 164 176 149 71 175 68 170 104 104 29 100 135 93 31 159 82 169 78 97 101 81 202 114 186 45 162 145 14 38 217 208 80 52
70 24 108 45 69 129 174 95 53 143 70 110 89 116 134 78 91 81 122 84 118 39 69 89 66 41 37 93 116 93 23 136 20 118 111 46 49 81 84 117 75 152 92 113 51 25 43 27 131 65 132 49 84 154 83 92 153 144 8 73
75 56 121 87 105 143 139 63 33 154 54 82 99 137 97 78 73 56 128 126 92 79 28 125 100 63 79 108 119 135 21 121 23 113 72 87 32 50 124 75 40 119 51 112 21 49 44 27 147 104 129 58 118 116 55 55 160 151 49 31
124 42 165 79 121 186 194 122 91 200 112 69 145 173 151 130 43 44 177 110 72 89 84 139 120 98 81 150 170 114 62 180 58 169 125 71 31 110 100 119 57 177 102 165 81 81 93 72 188 79 184 10 138 169 49 70 209 200 57 72
54 46 97 66 77 119 151 72 29 132 47 108 76 111 112 60 95 80 108 105 118 53 49 97 71 35 56 83 100 115 9 114 13 99 89 69 51 57 106 98 68 128 72 96 29 20 23 4 122 89 114 64 90 132 81 84 139 130 31 59
39 115 72 126 111 92 101 39 43 97 22 149 57 101 75 30 146 127 69 161 160 105 63 126 101 68 114 71 56 172 74 46 79 42 67 132 107 37 167 90 105 75 69 44 54 72 49 65 98 152 57 130 113 92 125 114 97 88 98 85
67 123 39 100 52 41 201 138 109 57 102 212 47 14 178 74 197 184 57 111 221 79 141 48 47 69 91 32 65 122 113 119 114 86 166 112 153 129 126 185 171 176 159 76 120 85 89 104 37 125 88 154 37 195 184 186 72 67 107 159
168 108 213 147 184 235 185 134 124 247 143 16 192 228 144 170 25 37 221 178 6 153 99 203 182 151 146 200 211 182 108 204 106 203 122 139 67 127 167 104 57 176 103 203 111 135 137 117 239 147 219 78 200 157 38 51 252 243 118 77
108 85 113 46 37 122 244 167 125 139 132 190 106 96 209 119 167 161 132 31 195 47 150 34 47 79 48 97 134 41 106 180 104 150 189 54 131 153 48 199 159 219 173 141 129 83 104 104 119 56 158 114 45 229 164 176 153 147 79 157
123 53 145 29 72 160 242 163 120 177 135 152 131 138 202 134 126 126 163 28 155 52 135 81 78 89 41 128 162 31 91 196 87 172 178 22 99 149 17 182 131 219 159 164 119 82 106 95 159 4 183 74 88 222 129 147 190 182 60 135
128 45 169 81 124 190 197 125 95 204 116 69 149 177 154 134 42 45 181 111 71 92 88 142 123 102 83 154 174 115 66 184 62 173 128 73 34 113 100 122 60 180 105 170 85 85 97 76 192 80 188 13 141 172 50 72 213 204 60 75
16 84 47 80 57 69 155 83 51 82 46 157 27 63 125 26 145 130 60 110 167 57 83 72 47 22 68 33 55 122 59 89 62 63 110 89 101 72 119 127 115 129 101 55 62 37 31 50 72 109 74 110 60 143 130 129 91 82 66 101
81 13 118 41 72 138 183 104 63 153 81 107 99 124 142 89 87 78 132 79 114 41 75 92 71 51 36 102 126 88 32 147 27 129 118 39 47 90 77 122 76 161 98 124 59 35 54 37 140 57 143 40 89 162 81 93 163 154 7 77
121 149 160 178 183 179 57 50 87 183 87 112 143 188 20 115 126 108 156 217 123 165 65 202 175 135 168 157 143 226 110 105 113 123 23 179 112 61 216 24 86 52 42 129 83 129 109 109 186 197 136 144 191 29 104 80 180 172 141 70
133 104 179 142 168 201 134 86 87 211 103 35 158 199 93 133 51 36 183 179 47 140 57 188 163 126 138 169 172 186 84 157 84 161 71 138 57 82 173 53 26 125 54 162 75 112 105 91 206 152 176 86 181 106 31 9 214 205 106 36
97 30 124 10 58 141 214 135 92 157 107 135 108 121 175 107 111 107 141 46 140 30 109 74 62 63 18 107 138 54 64 169 60 146 151 6 78 121 43 156 108 191 132 140 91 54 78 67 141 26 158 59 76 194 110 125 169 161 33 110
40 132 20 126 91 36 147 95 83 42 66 195 23 51 129 37 187 170 14 151 206 102 112 98 81 70 114 31 7 163 103 61 107 28 123 136 144 91 162 145 151 121 123 18 96 85 72 93 43 154 31 157 84 144 169 163 45 36 114 134
134 186 161 209 204 176 7 72 115 175 105 163 149 192 36 124 176 158 151 248 174 193 104 220 195 158 199 163 138 258 144 87 149 116 62 213 156 86 250 75 134 20 85 124 116 156 133 140 184 232 124 188 208 23 153 131 168 162 175 115
64 150 20 137 95 13 169 122 109 16 93 220 40 38 155 62 210 194 14 157 231 114 139 97 87 88 126 37 27 168 125 80 129 49 150 148 167 118 170 172 177 144 150 41 122 104 95 115 20 165 43 177 84 169 194 189 25 18 132 160
83 154 106 169 155 122 60 45 79 121 62 163 96 137 51 73 168 148 96 205 175 149 83 170 145 112 157 110 84 216 111 36 116 61 60 175 136 56 210 84 124 34 76 70 86 115 91 104 129 195 71 164 157 60 145 128 115 109 139 103
70 145 26 126 80 13 191 137 116 28 104 225 45 15 173 73 212 198 36 140 235 104 148 77 73 85 116 34 48 151 127 103 129 71 165 138 169 130 155 186 182 165 162 62 128 102 99 117 8 152 68 174 66 188 198 196 44 40 127 167
50 44 89 55 62 110 162 83 40 124 53 121 69 99 124 58 106 93 102 93 130 39 64 82 56 23 44 74 95 103 23 117 23 98 103 60 62 69 96 113 82 138 86 93 43 6 24 17 113 80 112 68 75 144 93 98 133 124 26 74
75 167 41 158 118 36 157 121 117 25 98 228 56 62 149 70 221 204 23 180 239 134 144 121 110 105 146 58 30 191 138 66 142 42 148 169 178 119 193 171 184 133 152 38 129 120 107 128 42 186 29 192 108 160 203 195 15 10 148 165
111 150 147 176 177 166 46 41 83 168 78 125 131 176 3 104 137 118 142 215 137 161 66 194 168 129 166 146 128 225 109 88 113 108 23 178 117 54 216 38 95 35 46 115 81 125 103 107 173 197 120 149 183 22 114 92 165 157 140 76
155 112 201 151 182 223 157 112 109 233 127 14 180 219 117 156 39 35 206 186 23 153 81 202 179 144 148 190 195 192 101 182 100 185 96 145 65 107 177 77 42 149 79 186 96 129 126 109 228 157 201 87 197 129 32 29 237 228 118 59
131 177 162 202 200 179 21 65 108 179 100 148 149 193 24 123 162 144 154 240 159 186 93 216 191 153 191 163 141 251 135 93 140 119 50 204 144 79 242 60 121 26 72 127 108 150 127 132 186 224 129 176 205 7 139 116 174 167 166 103
46 63 92 81 86 114 135 56 13 125 31 111 70 110 97 49 101 85 99 120 121 66 39 105 79 39 71 80 90 130 21 99 26 87 76 85 59 42 122 87 68 112 61 84 17 30 16 13 118 105 102 78 96 117 84 82 131 122 48 54
47 139 49 141 113 63 118 75 76 64 56 186 45 81 104 37 181 163 38 170 197 117 100 123 103 81 128 57 25 182 103 32 108 4 102 149 141 74 180 125 142 93 106 11 89 92 73 93 71 169 20 160 109 117 161 152 61 53 121 122
70 93 114 119 124 136 100 24 29 144 36 99 95 139 59 67 99 80 116 158 111 106 14 143 117 77 109 107 104 168 52 90 56 92 36 121 67 14 158 49 57 80 23 94 24 69 51 50 142 140 108 97 134 79 77 64 146 137 83 36
25 101 65 110 96 86 115 47 35 93 15 145 46 91 87 18 140 122 66 145 156 90 61 111 86 52 98 60 54 156 63 59 67 46 75 117 99 40 151 96 102 90 72 45 47 57 35 53 92 137 61 119 99 105 120 112 96 87 84 83
77 75 123 105 119 145 120 46 31 155 48 82 102 143 78 77 79 60 128 144 93 95 9 138 112 73 97 113 117 153 37 110 40 108 53 105 45 35 143 57 39 102 32 108 18 61 50 39 150 123 123 75 130 97 58 50 158 149 67 21
60 121 32 100 54 36 194 131 103 53 95 208 39 13 171 66 193 179 50 114 217 78 135 52 47 65 90 25 57 125 108 112 110 79 159 112 149 122 129 178 166 168 153 69 114 81 83 99 34 126 81 152 40 187 180 181 68 62 104 153
170 113 216 152 189 238 182 133 125 249 144 14 194 231 142 172 31 40 223 184 3 157 100 208 186 155 151 203 212 188 111 203 109 204 120 145 71 128 173 101 58 174 102 204 113 138 139 120 242 153 220 84 204 154 40 50 254 245 123 78
73 88 72 59 10 82 213 139 101 99 103 188 66 58 182 83 168 158 91 68 195 42 131 14 13 53 52 57 94 79 92 142 91 112 164 70 127 127 83 178 150 187 152 102 109 64 79 86 80 82 118 120 8 201 160 167 113 107 75 143
71 163 66 165 136 74 112 87 97 68 76 203 67 96 107 61 201 182 49 194 215 142 117 144 126 106 153 77 40 206 126 21 131 22 111 174 162 90 204 135 160 89 120 31 109 116 96 116 81 193 18 182 131 117 180 168 60 54 145 140
124 40 151 35 83 168 233 154 113 184 130 133 135 148 192 133 106 107 168 49 135 57 124 96 88 89 45 134 165 51 82 194 77 173 167 23 83 140 36 169 114 211 146 166 110 79 102 87 168 16 185 55 100 212 111 130 197 189 52 121
124 162 158 189 190 176 37 54 96 178 91 132 143 188 12 116 145 127 152 228 143 174 78 207 181 142 179 157 139 238 122 95 126 118 35 191 128 67 229 44 105 34 57 125 94 138 116 119 183 210 129 161 196 10 123 100 174 166 153 87
116 179 140 198 188 154 27 64 105 152 91 170 130 171 42 107 179 160 129 235 181 180 100 203 178 144 187 144 116 246 136 64 141 94 64 203 154 78 239 83 136 9 85 103 109 144 121 131 162 223 101 184 190 39 156 135 145 139 166 116
21 115 35 114 86 56 134 75 62 64 44 173 21 64 112 15 165 149 36 143 184 91 90 98 76 55 102 35 26 155 83 57 87 29 104 123 123 70 153 125 129 108 102 22 74 67 51 72 62 142 41 138 84 128 147 141 67 58 97 112
52 85 98 106 108 119 111 31 12 128 21 110 77 121 72 51 107 88 101 145 121 91 26 126 99 60 96 90 89 155 42 84 47 80 52 109 69 17 147 67 67 88 41 80 16 54 34 37 125 129 95 94 116 92 86 77 131 122 72 47
91 174 46 158 112 25 191 149 137 13 121 248 67 47 180 90 238 222 41 172 258 135 167 109 105 113 147 61 53 183 152 100 156 73 177 169 194 145 187 200 204 167 178 66 149 130 122 142 25 184 63 203 98 193 221 217 21 25 156 188
10 86 49 85 63 71 148 77 46 83 40 154 28 67 118 21 143 127 59 116 164 62 78 78 53 25 72 37 53 127 58 83 61 59 104 93 99 66 124 121 111 122 96 52 58 38 28 48 75 113 71 111 66 137 127 125 91 82 67 97
108 30 149 68 107 170 184 110 76 184 97 76 129 158 141 114 53 48 161 103 81 75 74 126 106 82 68 134 154 108 46 165 42 153 115 62 23 97 95 113 54 166 93 150 67 65 77 56 172 74 168 11 124 160 52 70 192 183 42 65
65 61 111 88 101 133 133 55 22 144 43 92 90 129 91 67 83 66 118 128 102 78 25 121 95 57 80 100 108 137 20 110 24 102 67 89 43 41 127 74 48 112 48 101 11 44 35 22 138 108 118 67 113 111 65 63 150 140 51 36
35 60 74 65 60 96 155 77 36 109 43 132 54 87 119 43 118 104 86 101 141 45 65 79 53 13 53 60 80 112 33 103 35 83 100 72 74 64 106 113 90 130 86 78 43 12 14 24 99 92 97 84 70 139 104 106 118 109 41 79
128 51 151 34 79 167 243 164 121 183 137 147 137 145 203 138 121 121 169 36 149 58 135 90 85 93 46 134 167 37 92 200 87 177 178 25 96 150 22 181 127 221 158 169 119 85 108 96 166 6 188 69 96 222 125 143 196 189 61 134
77 152 98 165 149 113 68 48 78 112 59 167 88 129 59 67 170 151 87 200 179 145 85 163 139 107 153 102 75 212 110 27 115 52 67 171 137 57 206 91 127 43 80 61 85 111 88 102 120 191 62 164 150 69 148 132 106 100 136 106
39 107 76 120 108 97 102 34 35 103 14 140 59 104 73 31 137 119 75 156 152 100 55 124 99 64 108 73 63 167 66 54 71 50 63 126 99 30 161 84 97 77 62 51 46 66 42 58 103 146 65 122 112 91 117 106 104 95 91 77
117 26 155 60 104 175 202 126 90 190 111 89 136 160 159 125 63 63 169 90 92 72 91 122 105 88 63 139 163 94 59 179 54 164 134 51 42 113 80 131 72 183 112 160 83 72 88 68 177 59 179 10 122 178 67 87 200 191 44 83
130 42 169 76 120 190 205 132 99 204 120 78 149 176 162 136 51 55 182 104 80 88 95 138 120 102 79 153 175 107 69 188 64 176 136 66 42 119 92 130 69 187 113 172 90 85 99 79 192 72 190 12 137 180 59 82 213 204 59 83
91 177 47 162 117 28 184 145 135 12 118 247 67 53 175 89 238 221 38 178 257 139 164 116 110 115 151 63 50 189 153 93 156 67 173 173 194 142 192 196 203 160 175 62 148 131 122 142 30 189 56 204 104 187 221 215 12 18 158 186
65 72 111 98 108 133 122 44 19 143 38 93 90 131 81 65 88 70 116 138 104 87 16 128 101 62 89 101 105 147 30 103 35 97 57 100 50 31 137 65 50 101 39 97 6 51 38 30 138 119 113 77 119 100 68 62 147 138 62 33
73 69 84 39 11 98 209 133 92 115 98 170 74 75 175 84 149 141 103 55 177 22 119 29 16 45 31 68 104 66 77 146 76 118 156 50 109 120 67 168 135 184 141 109 98 51 71 73 97 63 126 100 28 195 143 151 128 121 57 129
71 73 117 102 114 140 121 45 25 149 44 87 96 138 79 72 83 64 123 141 98 91 12 133 107 68 93 107 112 150 34 107 37 103 54 102 47 33 140 61 43 101 35 103 13 57 44 35 144 121 119 76 125 99 62 55 153 144 64 26
36 116 14 104 66 34 166 105 82 48 71 191 12 33 144 40 180 165 31 126 201 81 114 72 56 54 93 4 33 138 94 85 97 52 133 115 136 97 139 153 148 140 129 42 94 71 65 84 38 132 57 144 58 160 164 162 59 51 98 133
68 159 33 150 111 30 156 116 110 23 91 221 48 56 146 63 214 197 15 172 232 126 138 114 102 97 138 50 23 183 130 65 134 38 144 161 171 114 185 167 178 132 146 33 122 112 99 120 37 178 28 184 101 158 196 189 19 11 140 159
103 174 121 190 175 135 48 63 99 132 82 178 113 153 56 92 184 165 109 225 189 170 101 189 165 132 178 127 97 236 131 43 136 74 72 195 155 75 231 94 141 27 90 83 105 135 112 125 142 215 80 183 175 58 161 142 124 118 159 119
103 54 148 92 122 170 157 86 62 182 83 58 127 162 113 107 44 29 157 129 66 92 48 141 118 86 88 135 147 136 42 149 40 142 87 88 7 75 123 83 25 140 65 141 50 69 72 52 173 102 158 40 137 131 30 41 188 179 57 35
62 155 35 149 112 38 146 107 103 33 83 214 46 62 136 57 207 190 16 173 225 125 129 117 103 93 137 51 17 184 125 56 129 28 134 159 165 105 185 157 170 122 138 24 115 108 93 114 45 177 18 180 103 148 189 181 29 21 137 151
73 26 113 53 77 134 169 90 49 148 68 102 93 122 128 80 84 72 125 92 109 48 61 97 74 46 46 98 118 101 17 135 13 120 104 53 41 76 90 109 66 147 84 115 45 29 43 24 136 71 134 45 93 148 74 83 157 148 15 64
99 31 126 11 59 142 216 137 94 159 109 136 110 123 177 109 112 108 143 44 141 32 111 74 63 65 20 109 140 52 66 171 62 148 153 4 79 123 41 158 110 194 134 142 93 56 80 69 143 24 160 59 77 197 111 126 171 163 35 112
70 112 110 134 133 131 82 3 40 136 36 117 92 137 45 64 119 100 109 173 128 119 35 151 125 86 124 106 96 183 69 73 74 80 29 138 88 11 175 50 76 60 31 84 42 82 60 65 137 157 95 118 140 64 97 81 136 127 100 55
87 13 120 28 66 139 195 116 74 155 91 117 102 123 155 96 95 88 135 66 123 34 88 85 67 54 26 104 131 75 44 156 40 136 131 26 58 102 64 135 88 173 111 130 72 41 63 48 140 45 149 44 84 175 91 105 165 157 13 89
29 98 71 109 97 92 113 42 29 100 8 139 52 97 83 24 134 116 72 145 150 89 55 114 88 52 97 65 60 156 58 62 63 51 70 115 94 34 150 90 95 88 66 51 41 55 32 49 98 136 67 115 102 101 114 106 102 93 81 76
103 170 126 188 175 140 41 57 96 138 80 169 116 157 46 93 176 157 115 224 181 168 95 190 166 132 176 130 102 235 127 50 132 79 63 193 148 70 229 85 133 18 82 88 101 133 110 121 147 213 87 178 177 48 153 134 131 125 156 112
98 14 137 53 91 157 187 110 72 172 92 91 117 144 145 105 69 63 150 89 97 59 76 110 90 69 52 121 144 95 40 160 35 145 119 48 34 96 82 120 66 167 98 141 65 53 69 49 160 61 159 21 108 164 66 82 181 172 27 72
70 150 24 133 88 3 184 134 116 18 102 226 45 25 168 71 215 200 29 149 236 110 147 87 81 89 123 37 41 160 129 95 132 64 162 145 171 128 163 184 183 159 160 55 129 106 100 120 4 160 59 179 75 183 199 197 34 30 132 167
74 156 28 139 94 6 184 136 120 13 106 231 50 31 170 75 220 205 29 155 241 116 151 93 87 94 129 42 42 166 134 95 137 64 164 151 176 131 169 186 188 160 164 56 133 111 105 124 8 166 58 184 81 184 204 201 28 25 138 171
72 71 81 42 8 95 208 132 92 111 97 172 71 72 175 82 152 142 100 57 179 24 119 27 13 44 34 65 101 69 78 144 77 115 156 53 111 119 70 168 136 183 142 107 98 52 70 74 94 66 124 103 25 194 144 153 125 118 59 130
69 101 112 125 128 134 92 15 33 140 35 106 93 138 52 65 108 89 113 164 118 111 23 147 120 80 115 106 100 174 59 83 64 86 32 128 76 8 165 48 65 72 25 89 31 74 54 56 139 147 102 106 136 72 86 71 141 133 90 44
93 161 116 177 165 131 50 49 86 130 70 164 106 147 46 83 170 151 106 213 176 158 87 179 155 121 166 120 93 225 118 43 123 70 60 182 141 61 218 82 127 25 77 79 91 123 99 111 138 203 79 169 166 53 147 129 124 117 146 105
59 42 102 64 78 123 154 75 33 136 52 105 81 115 115 65 91 77 113 103 114 53 50 98 73 38 55 88 105 113 6 119 8 104 91 66 47 61 103 99 65 132 73 101 31 22 28 8 127 85 119 59 91 134 77 82 144 135 28 58
56 78 102 101 106 124 116 37 11 134 27 103 81 124 77 56 99 81 107 140 114 87 21 125 99 59 91 93 95 150 36 92 40 87 55 104 61 23 141 67 60 94 40 87 8 51 33 32 129 124 103 87 116 96 79 71 137 128 66 41
120 117 164 151 168 186 101 60 76 193 86 68 145 188 60 117 82 65 166 190 79 144 44 188 161 122 144 157 153 199 85 130 88 139 39 150 74 61 187 20 44 92 28 142 66 111 97 89 192 166 154 106 179 74 60 36 194 185 114 34
94 95 140 127 141 161 107 44 49 170 62 75 119 162 64 93 79 60 142 166 86 118 17 161 134 95 119 131 130 175 59 115 62 118 38 126 57 40 164 35 36 92 15 120 39 84 70 62 167 144 134 89 152 81 56 39 172 163 89 16
98 18 138 57 94 159 184 107 70 173 91 87 118 146 142 105 65 59 151 93 93 63 73 113 93 71 56 123 144 99 39 159 34 145 116 52 30 94 86 116 61 164 95 141 63 54 68 48 161 65 159 19 111 161 62 78 182 173 29 68
21 107 25 100 68 48 153 90 67 60 55 177 4 48 129 25 166 151 37 126 187 76 98 78 58 45 88 17 33 138 81 76 84 46 118 110 123 82 137 138 134 127 114 37 79 60 51 71 52 128 55 133 64 146 150 147 68 59 89 118
63 156 39 151 115 43 141 104 101 38 82 212 48 67 131 56 206 189 21 176 223 127 127 121 106 95 139 54 18 187 124 50 129 25 131 161 164 102 187 154 168 117 135 22 114 108 93 114 51 179 13 180 107 144 187 179 33 25 138 149
101 31 128 13 62 145 217 138 95 161 110 135 112 125 177 111 111 107 145 44 140 34 111 76 65 67 22 111 142 52 66 173 62 150 154 3 79 124 41 158 109 195 134 144 94 58 81 70 145 22 162 58 79 197 110 126 173 165 35 112
96 23 125 17 63 143 210 130 88 159 104 128 109 124 170 106 104 100 142 52 133 33 103 79 65 62 21 108 138 60 59 167 54 146 146 11 71 116 49 150 101 187 126 139 86 52 75 62 144 30 158 52 81 190 103 118 171 163 28 104
73 52 118 83 101 140 142 65 32 152 54 85 97 134 100 76 74 58 127 122 95 75 32 121 96 59 75 106 117 131 17 121 19 112 75 83 32 52 120 79 43 122 55 111 22 45 42 24 144 101 128 57 114 119 58 59 158 149 45 35
101 160 128 180 171 144 39 45 87 144 74 154 116 159 31 91 162 143 119 217 166 162 82 187 162 126 169 130 106 228 117 59 122 84 48 184 136 59 221 69 119 14 68 92 90 126 103 112 151 204 94 166 175 37 139 119 139 132 147 98
109 71 155 109 136 177 145 80 65 188 84 48 134 172 102 111 43 24 162 146 58 107 42 156 131 97 104 143 152 153 53 147 53 144 76 105 24 71 140 68 7 130 54 144 52 81 79 61 181 120 160 56 150 119 22 24 193 184 73 23
77 125 115 146 144 134 70 9 52 138 44 125 98 143 35 70 129 110 111 185 136 130 46 161 135 96 136 112 98 195 82 67 87 80 26 150 100 24 187 50 86 48 37 85 54 94 71 77 141 170 94 130 149 54 107 89 137 128 112 64
86 168 97 178 157 108 76 69 95 104 75 188 91 128 77 75 191 172 83 211 200 157 106 169 147 119 166 104 72 223 127 16 132 49 87 185 157 77 219 111 148 54 101 59 104 125 102 119 115 205 53 182 156 84 169 153 96 90 152 127
73 166 62 166 134 67 121 95 103 60 82 211 66 91 117 64 208 189 44 194 222 143 125 142 125 107 154 74 37 206 130 31 135 24 120 175 168 98 204 144 167 98 128 31 115 119 100 121 74 194 13 187 128 127 187 176 51 46 148 147
84 160 38 140 93 17 198 148 130 23 116 239 59 28 183 85 227 212 42 153 249 118 161 89 87 100 130 49 55 163 142 108 144 77 176 152 183 142 168 198 196 173 175 69 142 117 113 132 11 166 71 189 79 197 212 210 38 37 142 181
105 52 149 90 121 171 160 89 64 184 85 58 128 163 117 108 42 29 158 127 66 91 51 141 118 87 87 136 149 134 43 152 41 145 91 86 4 78 121 86 27 143 68 143 52 70 73 53 175 100 160 37 137 135 30 43 190 181 56 38
92 160 116 176 164 131 50 48 85 130 69 163 105 147 45 82 169 150 106 213 175 157 86 179 154 120 165 119 93 224 117 43 122 70 59 182 140 60 217 81 126 25 76 79 91 122 98 110 138 202 79 168 166 52 146 128 124 117 145 104
9 94 53 98 80 75 132 62 39 85 26 151 33 77 103 9 142 125 59 131 161 76 70 95 70 38 86 46 49 143 60 69 64 48 90 106 100 53 138 109 107 106 84 44 52 47 28 49 80 126 63 116 82 121 125 120 90 81 76 90
84 60 130 93 114 152 138 65 40 163 61 73 109 147 95 87 64 47 137 133 83 88 28 134 109 73 87 118 127 141 30 127 31 121 70 92 27 53 129 70 30 120 48 120 28 58 54 37 156 109 137 57 128 114 46 46 169 159 56 23
37 129 20 123 88 38 146 93 81 44 64 192 20 51 128 34 184 167 17 148 203 99 110 96 79 67 111 29 10 160 100 61 104 29 122 133 141 89 160 144 149 121 121 19 93 82 69 90 44 151 33 154 82 143 166 161 48 39 111 131
36 108 23 95 55 41 171 107 80 57 71 187 17 33 147 42 174 160 41 116 197 71 112 62 46 47 83 6 43 128 89 93 91 61 135 105 130 98 129 154 145 145 129 51 92 64 61 79 43 122 67 137 49 164 160 159 68 60 90 131
106 176 125 193 178 139 44 64 102 136 85 178 117 157 54 96 185 165 113 228 189 173 102 192 169 136 181 131 101 240 134 47 139 78 72 198 156 77 234 93 141 24 91 88 107 138 115 127 146 218 84 185 179 55 162 143 128 122 162 120
61 111 42 88 41 49 199 132 101 66 95 201 44 25 173 69 185 173 61 101 210 67 133 40 35 58 79 31 67 112 102 119 103 87 159 100 142 122 116 177 161 173 151 77 111 74 80 94 47 114 91 142 27 190 174 176 81 75 95 149
167 113 213 152 188 235 177 129 122 246 141 11 192 229 137 169 32 38 220 185 4 157 96 207 185 153 151 201 209 189 109 200 108 200 115 145 70 124 175 96 54 169 97 201 110 137 137 118 239 154 216 85 204 149 38 46 251 242 122 74
122 71 136 35 59 148 250 171 128 165 140 174 125 124 212 133 149 147 155 4 178 52 148 63 68 89 45 120 155 15 103 195 99 169 190 37 119 157 17 196 149 226 172 160 129 87 111 104 146 29 178 96 73 232 150 166 179 172 72 151
117 55 162 94 129 183 171 102 78 196 99 50 140 174 127 122 31 22 171 129 57 98 64 149 127 97 92 148 162 135 55 165 52 158 102 88 14 91 121 94 32 155 79 156 66 81 86 65 187 100 174 32 145 145 25 45 203 194 63 48
32 122 17 115 80 38 150 94 77 47 62 188 12 47 130 31 179 163 22 140 199 91 107 88 71 60 103 21 18 152 94 68 98 35 122 125 136 88 151 143 145 124 120 25 90 75 63 84 44 143 41 148 75 146 162 157 54 45 103 128
107 98 153 132 150 174 113 57 61 183 75 63 132 175 70 106 70 51 156 171 74 125 30 170 144 105 125 144 144 179 67 127 69 132 45 131 55 53 167 35 28 100 25 133 50 93 82 71 180 147 147 88 162 86 47 27 185 176 95 15
114 51 134 20 60 148 236 156 113 165 127 154 121 126 197 124 129 127 152 24 158 42 131 70 67 79 32 117 151 31 86 186 82 162 173 17 99 142 21 179 130 213 154 154 113 74 98 88 148 13 173 76 77 217 130 146 179 171 55 133
135 90 181 129 160 203 154 99 90 214 109 22 160 198 112 136 29 15 187 165 33 130 64 180 156 123 126 169 177 171 79 168 78 168 88 124 43 92 157 73 22 143 68 168 77 107 105 87 207 136 184 67 175 127 11 17 219 209 96 42
24 117 27 113 82 48 142 83 67 57 51 179 14 56 120 21 170 154 30 140 190 89 97 92 72 55 101 28 22 152 86 62 90 32 112 122 127 77 151 133 135 116 110 23 80 69 55 76 54 141 41 141 79 136 153 148 62 53 98 118
129 37 167 67 113 187 212 137 102 202 123 89 148 171 169 137 62 66 181 93 91 82 101 130 115 99 72 151 175 96 71 191 66 176 143 57 50 124 81 139 78 194 121 172 94 84 100 80 188 61 191 17 131 188 70 92 212 203 55 92
146 93 157 60 80 167 276 197 154 184 165 194 148 141 238 157 168 167 176 21 196 77 173 79 89 114 70 141 178 11 128 220 124 192 215 60 141 183 25 221 172 252 196 183 155 112 136 129 164 46 201 115 90 258 171 188 198 192 97 175
94 115 136 143 150 157 83 28 55 163 59 96 117 162 39 89 103 84 135 182 107 131 30 169 143 103 134 130 123 192 75 97 79 107 13 144 81 32 182 24 60 67 9 111 49 95 77 75 163 163 122 113 159 58 80 60 163 154 106 40
79 28 120 60 87 142 166 88 50 155 70 92 100 131 125 85 74 63 132 99 100 57 57 107 84 54 54 106 124 107 18 138 13 124 100 59 31 74 96 103 57 145 79 121 43 37 48 27 145 76 139 39 102 144 65 74 163 154 23 57
103 64 149 101 128 171 147 79 60 182 80 54 128 165 104 106 46 28 156 139 64 99 41 148 124 89 96 137 146 146 46 144 45 140 78 97 18 69 133 72 15 131 56 139 47 74 72 54 175 112 156 50 142 122 27 32 188 179 65 25
68 125 103 144 137 122 74 15 51 126 38 134 87 132 44 60 137 118 99 181 146 126 52 153 128 91 133 102 86 192 82 56 87 67 39 148 105 25 185 63 94 50 48 72 55 90 66 76 129 168 81 133 141 62 115 99 124 116 111 73
82 21 113 23 58 132 196 116 74 147 89 125 96 115 156 92 103 96 129 62 131 26 91 76 58 48 18 96 125 71 46 152 42 131 133 24 65 102 62 139 94 173 114 125 73 37 60 48 133 44 144 53 75 176 98 111 159 150 15 94
58 83 62 60 16 75 197 124 87 92 87 178 53 53 167 68 160 149 80 77 186 38 117 29 7 39 50 45 82 89 80 128 81 98 150 71 118 112 90 164 139 172 138 89 95 52 65 74 74 86 105 115 18 185 150 156 105 98 68 131
50 144 33 139 105 43 138 94 89 43 70 200 37 63 125 44 194 177 17 165 211 116 116 112 96 82 127 45 7 177 112 49 116 18 122 149 152 92 176 145 157 113 125 11 102 96 81 102 50 168 17 167 99 138 175 168 41 33 125 138
49 141 50 143 114 64 118 76 78 64 57 187 46 81 104 39 183 165 38 172 198 119 102 124 104 83 130 58 26 184 105 31 110 3 103 151 143 76 182 126 144 92 107 12 90 94 75 95 71 171 18 162 111 117 163 153 60 52 123 124
126 183 152 204 197 167 15 68 110 165 98 165 141 183 37 116 177 158 141 242 177 187 101 212 187 151 193 155 129 253 140 77 145 106 62 208 155 82 245 77 134 12 84 115 112 151 127 136 174 228 114 186 200 28 154 132 158 152 170 115
56 40 97 58 71 119 159 79 37 132 53 111 77 109 120 63 96 83 109 97 120 46 56 91 66 32 49 83 102 107 13 120 13 103 97 61 52 65 98 105 72 136 80 99 37 16 27 11 122 81 117 61 85 140 84 88 141 132 24 65
87 158 110 173 159 125 56 48 83 124 66 165 100 141 50 77 170 151 100 209 177 153 86 174 150 116 161 114 87 220 115 38 120 64 61 179 139 59 214 85 127 31 77 73 89 119 95 108 132 199 73 167 161 58 147 130 118 111 143 105
45 91 88 109 105 110 108 30 16 118 10 121 69 113 73 41 117 99 91 146 132 91 36 123 97 58 98 82 79 157 49 74 54 69 56 113 79 18 150 73 77 84 49 69 25 55 32 42 116 133 85 103 112 92 97 88 121 112 76 58
156 94 202 132 170 223 184 128 113 236 134 20 180 216 142 159 11 26 210 164 18 139 92 190 168 139 132 188 200 168 96 196 93 193 118 125 54 120 153 103 49 173 98 193 101 122 125 105 227 133 209 64 187 156 28 47 241 232 104 70
89 72 135 106 125 157 128 58 43 168 62 69 114 154 85 90 65 47 141 145 80 99 20 145 119 82 99 124 130 153 41 124 43 121 59 105 35 48 142 57 25 111 37 122 31 68 60 46 162 122 137 67 138 103 44 38 172 163 68 11
116 22 149 43 91 168 214 136 96 184 116 109 131 151 172 124 83 83 164 70 112 60 103 107 93 83 49 133 160 74 65 182 59 164 146 33 59 122 60 146 90 193 125 159 91 69 89 72 169 39 178 30 108 191 87 106 194 186 40 98
147 84 192 123 160 214 180 121 104 226 125 25 170 205 138 150 3 18 200 155 27 129 84 179 158 129 122 178 191 159 86 188 83 185 113 115 44 112 145 99 42 168 92 184 92 112 115 95 217 124 200 55 176 153 21 43 232 223 94 63
116 102 162 138 158 184 116 65 71 193 85 56 141 184 74 115 66 48 165 177 67 132 39 178 152 114 132 153 153 184 74 136 76 141 50 136 58 62 172 36 28 105 33 143 59 101 91 79 189 152 156 90 170 89 44 21 195 186 101 22
163 96 208 134 174 230 194 137 121 242 142 28 187 221 152 167 16 35 217 164 23 142 101 193 172 144 134 194 208 167 102 205 99 202 128 126 60 129 152 113 58 183 108 201 109 127 132 112 233 132 217 65 190 166 37 57 249 239 108 80
56 105 42 83 37 52 194 127 95 69 90 195 41 30 168 64 179 166 61 98 203 61 126 39 30 51 73 28 66 109 95 117 97 85 154 95 135 116 112 171 154 168 145 75 105 68 73 87 51 109 90 136 26 185 167 170 83 77 88 143
107 32 134 18 67 151 221 142 100 167 115 134 118 131 181 117 109 107 151 44 138 40 114 81 71 72 28 117 148 51 70 178 66 156 157 6 79 128 38 161 110 199 137 149 98 63 87 74 151 18 168 56 85 201 110 127 179 171 39 114
87 55 132 89 113 154 144 71 45 166 66 71 111 149 102 90 60 44 140 128 80 85 34 133 108 73 84 120 131 136 29 132 29 125 76 88 21 59 125 75 30 126 54 124 33 58 56 38 159 104 141 51 127 120 43 46 172 163 52 28
113 36 155 75 114 176 184 111 80 190 101 70 134 164 141 119 46 43 166 108 75 82 74 133 112 88 75 140 159 114 51 169 47 158 115 68 22 99 100 111 51 167 93 154 70 71 82 61 179 79 173 11 130 160 47 66 198 189 48 64
88 73 97 37 19 108 224 147 106 125 112 177 87 84 190 99 155 148 116 42 183 30 132 27 28 59 34 80 117 54 88 161 87 132 170 48 117 134 56 181 144 199 154 123 110 64 85 85 106 57 140 104 33 209 150 161 139 133 64 140
100 161 126 180 171 142 41 47 87 141 74 158 114 157 35 90 165 146 116 217 169 162 84 186 161 126 169 128 103 228 119 55 123 81 52 185 138 61 221 73 122 15 71 89 91 127 103 113 149 205 91 168 174 41 142 123 135 128 148 101
140 195 166 217 211 181 2 80 123 178 112 171 155 197 45 131 184 166 155 255 182 200 112 227 201 165 206 169 143 266 152 90 157 120 71 221 165 94 258 83 143 26 93 129 125 164 141 148 188 241 127 196 214 30 161 139 171 165 183 124
69 45 113 74 92 135 148 70 33 148 54 91 92 128 107 73 79 64 123 113 101 66 40 112 87 52 66 100 114 122 8 122 9 111 83 74 35 56 112 88 51 127 63 108 26 36 37 17 139 93 126 54 106 127 64 67 154 145 36 45
94 32 136 69 102 158 170 94 60 171 81 77 116 147 127 100 58 48 147 107 85 71 59 121 99 71 66 122 140 114 31 149 27 138 101 66 17 81 101 100 47 150 79 135 51 54 63 42 161 80 153 27 117 146 50 64 179 170 36 52
17 102 30 95 64 52 154 88 63 65 52 172 9 51 128 24 161 146 42 122 182 71 95 76 54 39 83 20 38 134 76 79 79 50 116 105 118 79 133 135 129 128 110 41 75 55 46 66 57 123 59 128 62 145 145 143 73 64 83 114
71 165 59 164 132 64 123 96 102 58 81 210 63 88 118 62 207 188 41 191 221 140 124 139 122 105 152 72 34 203 129 32 134 22 121 173 167 97 202 145 167 100 128 28 114 117 99 119 72 192 10 186 126 128 186 176 49 44 146 146
58 120 30 100 53 36 192 129 101 53 93 206 37 14 169 64 191 178 49 114 215 77 133 53 47 63 90 23 56 125 107 110 108 77 157 111 147 120 128 176 164 166 151 67 113 80 81 98 34 126 79 150 40 186 178 179 68 62 103 151
63 100 54 75 27 63 203 133 98 80 96 193 51 39 174 72 176 165 73 87 202 54 129 28 22 52 66 40 77 98 95 127 96 96 159 86 133 122 101 175 154 177 149 86 107 67 76 88 61 100 101 131 14 193 166 170 94 88 84 144
127 159 163 187 191 182 46 56 96 184 93 123 147 192 17 120 138 120 158 226 134 174 75 209 182 143 178 161 145 236 119 103 123 124 32 189 123 68 226 36 98 44 52 131 93 137 117 118 189 207 136 156 198 18 115 92 181 173 151 81
138 116 183 154 177 205 125 85 92 214 106 44 163 205 86 137 63 50 186 191 55 150 60 197 172 134 148 174 174 199 93 155 94 162 65 150 69 83 186 45 38 118 52 164 80 121 112 99 211 165 177 99 190 97 45 22 216 207 117 42
135 107 181 145 171 203 133 87 89 213 105 36 160 202 92 135 53 39 185 183 47 143 59 191 166 129 141 171 174 189 87 158 87 162 71 141 60 84 176 52 29 124 54 164 77 115 108 93 208 155 178 89 184 105 34 12 215 206 109 38
107 140 145 167 170 164 57 36 75 168 73 116 128 173 13 100 127 108 140 206 127 153 56 188 162 122 158 142 127 216 100 91 104 108 13 169 107 47 207 29 85 45 35 114 73 117 96 98 171 188 121 139 177 32 104 82 165 157 131 66
115 158 148 183 182 166 36 47 90 168 83 135 134 178 7 107 147 128 141 222 147 168 75 199 173 135 173 148 128 232 117 85 121 107 33 186 127 61 223 48 105 26 55 114 89 131 109 114 173 205 119 159 188 15 124 102 163 156 148 86
44 83 52 66 29 68 183 111 75 85 74 172 40 51 153 54 156 143 70 88 180 42 106 43 19 29 55 35 70 100 73 114 74 85 137 77 112 99 100 152 132 158 126 76 84 45 53 65 69 93 93 113 31 172 144 147 97 89 66 121
72 138 100 154 143 118 68 30 63 120 47 149 87 131 48 62 152 133 93 190 161 135 68 158 133 98 142 102 80 201 95 42 100 59 50 159 120 40 195 74 109 43 62 66 69 100 76 88 125 179 72 148 146 62 130 114 116 108 123 88
97 132 135 158 160 155 63 25 65 159 62 114 118 163 21 90 123 104 131 197 126 143 48 178 151 112 148 132 118 207 91 85 95 100 9 160 100 37 197 32 80 47 29 105 63 107 86 88 161 179 114 132 167 40 100 80 157 149 122 60
63 136 21 118 72 17 187 131 109 34 97 217 38 11 168 66 204 190 36 133 227 95 140 71 65 76 108 26 46 144 119 101 121 69 159 129 160 124 147 180 174 162 156 59 121 93 91 109 16 144 67 166 59 184 190 188 49 44 118 160
130 120 175 156 175 197 110 72 85 205 97 59 155 198 70 128 76 60 177 194 70 150 53 195 169 130 149 167 165 202 92 142 93 150 51 153 74 72 190 30 43 103 40 153 75 118 106 96 202 169 166 106 187 82 55 31 206 197 118 39
80 78 126 108 122 148 119 46 34 158 51 80 105 147 76 80 78 59 131 148 91 99 8 142 116 77 100 116 120 157 41 112 44 110 50 108 46 36 146 53 36 100 29 110 22 65 54 43 153 127 126 77 134 95 56 47 161 152 71 17
125 56 168 95 133 190 179 111 86 203 108 50 147 180 136 129 27 24 179 128 55 101 73 152 131 103 94 154 170 133 62 174 59 166 110 88 22 100 119 102 39 164 88 164 75 86 93 72 193 98 182 29 149 153 29 51 210 201 67 57
101 121 143 150 158 164 79 34 63 170 66 95 125 170 36 97 104 86 142 190 106 139 37 177 151 111 142 138 129 199 82 102 86 113 11 151 85 39 189 17 62 66 14 117 57 103 85 82 170 170 128 117 167 53 81 60 170 161 113 43
113 39 155 78 115 176 181 109 78 190 99 67 134 165 138 118 44 39 166 112 72 84 72 134 114 89 77 140 158 117 50 167 46 157 112 71 18 97 103 108 48 164 90 154 68 72 81 60 179 82 172 15 132 157 43 62 198 189 50 60
77 44 121 76 98 143 151 74 39 155 61 84 100 135 109 81 71 56 130 115 93 70 40 118 93 59 69 108 122 124 15 129 14 118 84 75 27 60 112 87 45 131 63 116 30 43 45 25 147 93 134 48 112 128 56 61 162 153 38 41
127 34 164 60 107 183 216 140 103 198 123 97 145 167 173 135 70 73 178 85 99 77 105 124 109 96 66 147 172 88 71 191 66 175 147 50 55 127 73 144 84 196 125 170 96 81 99 80 184 53 189 22 125 192 77 98 209 200 52 96
86 173 43 159 115 26 180 141 131 9 114 243 64 52 171 84 233 217 33 176 253 136 160 114 108 111 148 60 45 187 149 89 152 63 168 170 190 138 190 191 199 156 170 57 144 127 118 138 29 186 52 201 102 183 216 211 9 14 155 181
114 71 160 109 138 182 150 86 70 193 90 43 138 176 107 116 37 18 167 146 53 109 49 158 134 100 105 147 157 152 56 153 55 150 82 105 23 77 139 72 10 136 60 149 57 84 83 65 186 118 165 53 153 124 16 25 198 189 74 29
93 178 48 162 117 28 188 148 138 13 121 249 69 52 179 91 239 223 40 177 260 139 167 114 110 116 151 64 53 188 154 97 158 71 176 173 196 145 192 199 205 164 178 65 150 132 124 144 29 189 60 205 103 191 223 218 16 22 159 188
92 49 112 10 40 127 219 140 97 144 109 154 99 105 182 103 131 125 130 35 159 21 119 54 46 59 14 95 129 46 73 166 70 140 159 21 95 126 41 167 124 195 142 132 99 56 79 73 126 34 151 79 57 201 128 141 157 149 44 124
115 64 160 102 134 182 159 92 72 194 93 45 139 175 116 118 33 17 168 138 54 104 54 154 130 98 99 147 159 145 55 158 53 153 90 97 16 82 131 81 19 144 67 151 60 82 83 64 186 110 168 44 149 133 18 33 200 191 69 37
117 114 162 148 165 184 103 59 73 191 84 67 142 186 61 115 80 63 163 187 79 141 41 184 158 119 141 154 151 195 82 129 84 137 39 147 71 59 184 22 42 93 26 140 63 108 94 86 189 163 152 103 176 75 58 35 192 183 110 31
115 80 123 41 46 133 248 170 128 150 137 185 115 108 212 126 161 157 142 18 190 49 151 46 56 84 46 107 144 28 106 188 103 159 191 48 127 156 36 200 157 224 174 150 131 86 108 105 131 45 168 108 57 232 160 174 165 159 77 157
61 154 55 155 124 64 119 86 91 60 70 199 55 85 111 52 196 178 39 183 211 131 114 133 114 96 142 66 29 195 118 28 123 12 112 164 156 87 193 136 156 95 118 20 103 107 88 108 71 183 9 175 119 122 176 165 54 47 136 136
120 137 161 168 178 182 73 51 82 187 85 96 143 188 34 115 110 93 159 208 107 157 55 197 170 130 160 157 146 217 100 114 104 128 22 168 98 58 206 9 71 66 32 133 76 122 104 101 188 186 142 131 187 45 88 65 185 177 131 56
46 50 87 62 67 108 154 75 32 122 46 120 66 100 117 53 106 92 98 100 129 47 57 87 61 24 52 73 91 111 20 110 23 93 95 67 62 61 103 106 79 131 80 88 36 10 17 12 112 87 107 72 79 136 92 95 130 121 33 69
59 67 105 92 101 128 127 48 14 138 35 98 84 125 86 61 91 73 112 131 108 80 23 121 94 55 83 95 101 141 25 102 29 95 63 94 51 34 132 72 54 105 46 94 3 44 31 23 132 113 111 75 112 106 72 67 143 134 56 39
43 72 89 91 92 112 126 47 4 122 22 114 68 110 88 45 106 89 95 129 124 75 36 111 84 44 80 79 85 139 30 90 35 80 68 95 65 33 131 82 70 103 55 78 15 38 18 23 116 115 95 86 101 108 88 83 127 118 58 54
94 15 126 24 67 144 203 124 82 160 99 120 108 127 163 103 97 92 141 60 125 36 96 85 69 60 26 109 137 68 52 163 47 143 139 19 63 110 56 143 93 181 119 137 80 48 71 56 145 37 156 45 85 183 95 110 171 163 21 96
104 57 121 18 46 135 232 153 110 152 121 162 109 112 194 115 138 134 140 23 167 33 131 55 53 71 26 104 139 34 85 178 82 151 172 25 105 139 30 179 134 208 154 143 112 69 92 86 134 28 162 85 62 214 137 151 165 158 56 135
78 17 116 46 75 137 177 98 57 151 76 104 97 124 137 86 85 75 130 85 111 44 70 94 72 49 40 101 123 93 26 143 21 126 112 45 44 84 82 117 71 156 93 121 54 33 50 32 139 63 140 41 91 156 77 88 161 152 9 71
86 71 132 103 122 154 128 57 40 165 59 71 111 151 85 87 67 49 138 143 82 97 19 142 116 79 96 121 127 151 38 122 40 119 60 103 35 47 140 59 28 111 37 119 28 65 57 43 159 120 135 67 135 104 47 41 169 160 66 14
45 114 81 127 115 100 95 31 40 105 20 142 64 109 68 37 140 121 78 163 153 107 56 131 106 71 115 78 65 174 72 50 77 50 59 133 103 29 168 81 99 70 61 53 49 73 49 64 107 153 65 127 119 85 119 107 105 97 98 78
84 61 130 95 115 152 137 64 40 163 61 72 109 148 94 86 65 47 137 134 83 89 26 135 110 73 88 118 127 142 31 126 32 120 68 94 28 52 131 68 30 119 46 120 28 59 54 38 157 111 136 58 128 113 46 45 169 159 57 22
84 165 38 148 102 16 191 145 130 12 115 241 60 37 178 84 230 214 37 162 251 125 161 99 95 104 138 52 50 173 144 100 147 71 173 159 186 140 177 195 197 166 173 64 143 121 115 134 15 174 63 194 88 191 214 211 26 27 147 181
53 51 97 72 81 119 145 66 24 131 42 107 76 112 106 58 95 80 107 111 117 59 44 101 75 37 62 84 98 121 10 110 15 96 84 75 51 52 112 93 65 123 67 93 23 24 21 2 123 94 111 67 93 126 80 81 138 129 37 55
33 122 15 114 79 37 152 95 78 47 63 189 11 45 132 32 179 163 22 139 200 90 108 86 69 59 102 19 20 150 95 70 98 37 124 124 136 89 150 145 146 127 121 28 91 74 64 84 42 142 43 148 73 148 163 158 54 45 103 129
73 28 114 56 80 135 166 87 47 149 67 99 93 124 125 80 82 70 126 95 107 51 58 100 77 47 49 99 118 104 15 134 10 119 101 56 38 73 93 106 63 145 81 115 43 30 43 23 138 74 134 45 95 145 71 80 157 148 18 61
113 23 152 59 102 172 199 123 86 187 107 88 132 157 156 121 63 62 165 90 92 70 88 120 102 84 61 136 159 95 55 175 50 160 130 51 39 109 81 128 70 179 108 156 79 68 84 64 174 60 175 10 119 175 66 85 196 187 40 80
26 68 64 70 57 86 154 78 40 99 42 141 44 78 121 36 128 114 77 103 151 48 71 75 49 11 57 50 70 115 43 97 45 75 103 77 84 66 110 118 99 129 91 69 49 21 18 33 89 97 88 93 65 140 114 114 108 99 50 87
27 81 73 92 85 95 127 51 19 106 16 130 52 95 94 28 122 105 79 128 141 73 50 102 76 37 80 64 69 139 42 79 47 65 76 98 80 39 133 93 86 103 67 63 31 38 14 32 100 118 80 98 91 113 104 99 111 101 64 70
100 15 132 28 73 150 207 128 86 166 104 118 114 133 166 109 94 90 148 61 123 42 98 90 75 66 31 115 143 68 55 169 51 149 141 20 62 114 55 144 93 185 121 143 83 54 76 61 151 35 162 41 91 186 94 109 177 169 26 97
107 98 153 132 150 174 113 57 61 183 75 63 132 175 70 106 70 51 156 171 74 125 30 170 144 105 125 144 144 179 67 127 69 132 45 131 55 53 167 35 28 100 25 133 50 93 82 71 180 147 147 88 162 86 47 27 185 176 95 15
118 78 164 116 145 186 148 86 74 197 93 38 143 181 105 120 36 17 171 153 49 115 50 165 140 106 112 153 161 159 62 154 62 153 80 112 30 78 146 69 7 134 58 152 61 90 88 71 191 125 168 59 159 121 14 18 202 193 81 29
58 86 60 62 17 72 198 126 89 89 89 181 52 51 168 68 163 152 79 79 189 41 119 28 9 41 53 44 81 90 83 127 83 97 151 74 120 114 92 166 142 172 140 88 97 55 66 76 72 88 104 118 16 186 153 158 103 96 71 133
104 175 123 191 176 136 47 64 101 133 84 178 114 154 56 94 185 166 110 227 190 171 102 190 166 134 179 128 98 238 133 44 138 75 73 196 156 76 232 94 142 27 91 85 106 137 113 126 143 217 81 184 177 58 162 143 125 119 161 120
67 123 102 141 135 122 76 14 48 126 36 133 86 131 46 59 135 116 98 179 145 124 50 152 126 89 130 100 85 190 80 57 85 67 39 146 103 23 182 62 92 52 47 72 53 88 64 74 128 166 81 131 140 63 113 98 124 116 109 71
74 20 112 43 70 132 177 98 56 147 74 109 92 119 137 82 89 80 125 82 116 39 71 90 68 44 36 96 119 91 26 140 22 122 113 43 48 84 81 119 75 155 94 117 54 28 47 31 134 62 136 46 86 157 82 92 156 147 5 74
132 122 177 157 177 199 110 74 87 206 99 59 157 200 71 130 77 61 179 196 70 152 55 197 171 132 151 169 166 204 94 143 95 152 52 155 76 74 191 30 45 103 42 155 77 120 108 98 204 171 167 107 189 82 56 32 207 199 120 41
47 123 12 109 66 26 175 115 93 42 81 201 22 23 153 50 189 174 31 128 211 85 124 70 58 62 98 11 37 139 103 91 106 58 144 120 145 108 141 164 158 149 139 48 105 79 75 94 28 136 60 152 57 170 174 172 54 47 105 144
91 179 49 166 122 33 179 143 135 16 117 247 69 59 171 88 238 222 38 183 257 142 164 121 114 117 155 66 48 194 154 88 157 64 170 177 195 140 197 193 203 156 173 60 148 133 123 143 36 193 52 206 109 183 221 215 7 16 161 185
68 155 25 142 99 13 171 125 113 11 97 224 45 40 158 66 215 199 17 160 235 118 143 100 91 92 130 41 30 172 130 81 133 51 153 153 171 121 174 176 181 146 154 43 126 108 99 120 20 169 44 182 88 171 198 193 21 15 136 164
47 61 70 49 33 89 180 103 63 104 68 151 54 73 146 57 134 123 87 79 160 25 92 52 26 15 37 53 84 91 53 120 54 94 127 59 91 90 88 140 113 155 113 86 70 25 41 47 90 77 105 91 44 165 124 129 116 107 44 104
145 93 191 132 166 213 166 111 101 224 120 13 170 207 124 147 20 16 198 167 22 136 76 186 163 131 130 179 188 172 87 180 85 179 100 126 48 104 157 85 33 155 81 179 88 114 114 96 217 137 195 67 182 138 15 29 229 220 101 54
69 97 113 122 126 134 96 19 30 141 34 103 93 137 56 65 104 85 114 161 115 108 19 145 118 78 112 106 102 171 55 86 60 88 34 124 72 10 162 49 62 76 24 91 28 72 52 53 140 144 104 102 134 76 82 69 143 134 86 40
121 169 152 193 190 169 25 56 99 169 91 146 139 182 18 113 158 140 144 232 157 177 86 207 181 143 183 153 131 242 127 84 132 109 44 196 138 70 233 58 116 19 67 117 99 141 118 124 176 216 119 170 195 12 135 113 164 157 158 97
138 92 184 131 163 206 157 102 93 217 112 18 163 201 115 140 27 16 191 166 29 133 68 183 159 126 128 173 180 172 82 172 81 172 91 126 45 96 158 76 25 146 72 172 81 110 108 90 211 137 187 68 178 129 12 20 222 213 98 46
