200 40
178 167 342 143 414 252 445 113 444 159 229 153 426 138 192 212 347 185 291 244 138 155 301 138 81 164 471 301 182 177 128 322 348 320 345 182 405 205 287 101
25 24 11 36 48 23 24 32 33 44 47 31 24 34 35 42 31 30 35 47 11 28 18 40 43 16 42 22 24 29 16 20 24 18 39 37 46 31 11 16 37 46 17 31 25 29 12 24 43 33 46 39 10 12 11 25 37 37 22 24 29 47 24 32 15 50 30 28 31 42 20 21 49 15 16 47 36 49 31 15 39 40 11 33 21 32 33 39 32 11 40 25 13 26 40 15 42 23 25 33 46 25 20 33 48 36 24 50 33 21 35 29 35 37 10 22 31 22 33 21 38 20 38 23 50 50 41 45 11 25 44 36 49 36 45 23 38 46 14 11 15 24 23 37 34 43 39 21 36 29 12 13 33 40 24 14 48 22 24 44 44 38 26 18 50 44 20 42 20 39 36 30 18 19 42 22 37 47 33 43 32 48 31 14 11 12 20 11 45 47 25 38 12 49 11 29 32 17 39 27
327 183 458 180 465 467 465 141 471 249 254 173 453 229 339 247 451 208 363 457 182 155 317 141 119 269 483 412 183 215 238 329 435 477 459 339 424 410 453 112
61 189 174 174 133 113 72 94 162 178 132 154 42 71 72 157 107 122 152 175 138 70 86 102 109 160 35 81 144 195 39 109 130 86 19 116 93 93 30 94
9 174 146 123 124 129 66 56 111 127 96 152 52 19 68 105 87 95 128 139 89 83 69 99 113 108 41 49 94 168 14 62 84 72 64 81 54 45 23 82
102 157 107 13 140 184 127 76 12 20 69 168 157 92 129 22 107 93 109 77 26 153 111 140 156 41 135 123 17 123 124 53 40 152 168 75 76 68 131 121
15 161 129 103 115 130 64 38 91 107 77 144 72 9 66 87 76 80 113 119 68 86 61 94 109 91 51 59 74 151 34 41 63 86 80 64 36 24 41 75
29 167 129 87 125 147 81 43 74 90 76 155 84 18 83 68 86 85 117 115 56 104 74 108 124 72 71 58 59 151 51 33 55 87 100 66 41 19 60 88
12 181 148 111 135 146 81 58 96 113 96 164 60 11 83 89 96 100 133 136 80 100 80 113 127 90 61 38 83 170 31 55 78 66 84 83 56 39 42 94
85 98 59 80 69 114 66 33 82 91 8 98 140 78 67 86 37 22 47 52 48 90 47 70 85 102 90 127 58 81 99 42 33 156 123 8 34 52 100 53
148 80 31 88 94 153 124 97 101 99 57 112 204 140 125 111 88 69 52 14 82 145 106 114 125 130 154 187 87 37 163 97 76 216 186 73 99 112 165 105
46 219 185 136 171 175 114 96 119 135 133 199 47 49 116 110 133 138 171 172 111 129 116 146 160 104 85 2 112 208 49 90 112 30 96 121 93 76 59 129
138 36 36 134 31 91 85 89 140 145 62 45 185 134 85 147 52 46 19 65 109 96 72 61 65 164 122 184 118 47 145 105 96 210 149 66 91 112 142 63
154 46 11 116 70 130 114 101 128 128 64 82 206 148 115 137 77 63 32 39 103 130 98 96 103 155 149 197 109 12 165 109 92 225 179 75 103 121 165 93
104 77 73 138 21 58 41 65 139 149 62 49 144 103 41 142 23 37 49 90 105 50 34 16 28 157 79 151 114 90 107 89 90 174 103 54 67 89 102 21
116 96 45 64 89 144 102 67 74 76 29 114 173 108 104 83 69 50 51 19 50 126 84 100 114 101 127 154 56 63 133 63 43 183 160 45 68 79 136 87
55 151 136 151 94 84 33 64 142 157 97 117 73 61 33 140 68 84 114 140 113 37 48 64 73 147 7 94 121 157 43 85 102 110 34 81 64 72 34 55
103 186 136 33 165 204 143 92 17 26 95 194 153 93 145 9 129 118 137 107 48 168 129 160 177 13 144 112 38 153 125 67 63 140 174 98 91 76 134 140
118 180 129 20 165 209 150 100 17 9 94 193 171 108 152 22 132 118 133 98 50 176 135 164 181 32 156 131 41 144 140 75 65 159 187 100 99 88 149 145
97 132 83 32 116 162 108 60 37 43 44 143 155 87 110 45 85 69 84 55 16 134 91 117 133 63 122 127 19 101 117 42 22 157 156 53 60 59 123 99
73 172 162 178 115 89 57 92 168 183 126 134 67 81 57 165 94 111 139 168 140 49 74 83 88 170 30 102 148 183 54 112 130 110 8 110 92 97 43 79
121 59 24 105 49 107 82 69 112 117 36 72 173 116 82 119 44 29 9 40 82 99 65 68 78 136 115 166 90 45 132 81 69 193 146 44 71 91 131 61
90 110 64 59 89 136 85 43 62 69 18 117 148 82 87 68 59 43 60 45 30 111 67 92 107 85 105 128 39 84 108 37 18 157 139 28 44 53 111 74
14 187 157 126 137 142 79 66 112 128 106 165 45 22 81 105 100 107 140 148 94 95 82 112 126 106 52 36 98 179 18 68 91 59 71 92 64 52 29 95
126 176 125 17 165 211 153 103 23 7 94 192 179 115 156 31 133 119 131 93 53 180 138 166 182 42 161 140 44 139 147 79 67 169 193 101 103 93 156 147
50 185 167 163 130 115 68 85 151 167 123 152 39 60 68 146 101 115 146 167 127 70 80 99 108 149 30 72 134 189 28 99 120 80 27 108 84 83 19 89
8 182 151 120 133 140 77 61 106 123 100 161 51 16 79 100 96 102 135 142 88 94 78 109 123 101 52 39 92 174 21 62 85 64 73 87 59 46 31 92
61 170 156 166 113 94 52 82 157 172 117 134 60 69 52 153 89 105 134 160 129 50 68 81 89 158 19 91 136 177 43 101 120 102 15 101 81 86 31 74
139 171 120 24 165 215 161 112 38 22 95 191 193 129 163 48 137 121 129 87 61 187 144 170 185 59 172 156 54 131 161 89 73 185 205 105 111 105 168 152
137 80 100 179 36 28 67 105 181 190 103 31 166 138 66 184 64 78 78 125 146 58 70 36 21 198 100 183 156 111 134 130 131 202 114 96 107 128 127 56
111 93 44 68 83 137 95 60 76 80 22 108 167 103 96 84 62 43 46 23 49 118 76 93 107 102 120 150 56 63 127 59 40 179 153 38 62 74 129 79
142 61 84 171 24 47 74 104 174 182 95 14 177 142 73 179 61 71 64 111 140 71 72 41 32 194 110 189 150 93 142 127 126 210 128 91 106 128 136 58
18 187 153 111 141 152 87 63 96 112 100 170 60 17 89 89 102 106 138 140 82 106 86 119 134 88 66 33 84 175 35 59 81 62 88 88 61 43 46 100
61 203 185 176 147 129 85 102 163 180 140 169 28 71 86 157 119 133 164 184 142 86 98 116 124 158 48 71 147 207 39 114 135 73 34 125 100 97 33 107
104 122 72 39 109 158 107 62 47 51 39 136 162 95 109 56 81 64 75 44 26 133 89 113 129 74 125 136 30 89 123 49 26 166 159 50 63 65 128 96
120 130 78 32 123 175 125 80 46 44 55 149 178 110 127 57 98 80 86 46 39 151 107 130 145 75 143 149 38 92 140 65 43 179 177 68 81 82 145 114
95 80 52 103 45 93 55 44 106 114 27 74 145 90 56 110 19 2 32 59 72 76 37 49 64 126 87 140 81 73 104 62 57 167 118 23 47 68 103 36
13 187 156 124 138 143 81 66 110 126 105 166 47 21 82 103 100 107 140 147 92 97 83 113 127 103 55 35 96 179 21 67 89 59 73 92 64 50 32 96
121 124 72 38 118 170 123 79 51 49 51 143 178 111 124 62 94 76 80 40 41 147 104 126 141 80 142 151 42 86 140 65 43 181 175 64 79 82 145 110
38 148 127 132 95 96 34 47 123 138 83 121 72 43 35 120 62 74 106 127 94 50 41 67 80 127 17 82 102 149 34 66 84 102 50 67 46 52 29 52
49 173 156 158 117 103 55 76 147 163 113 140 51 58 55 143 89 103 134 157 121 58 68 86 95 147 17 79 128 177 30 93 113 90 24 97 75 77 19 77
86 187 139 47 160 195 131 82 29 42 92 190 134 76 133 17 122 113 136 112 46 156 119 152 169 13 129 93 39 157 108 57 59 121 158 92 81 63 117 132
11 177 144 108 131 143 78 54 94 110 92 160 63 7 80 88 92 96 129 132 76 98 77 109 124 89 59 43 80 166 32 52 74 70 83 79 52 35 42 91
135 105 53 61 108 165 125 88 75 72 52 130 193 127 127 86 92 72 67 21 61 148 106 122 135 104 149 170 64 64 153 81 58 200 183 68 89 97 157 109
60 231 203 166 178 171 117 113 150 166 152 204 20 68 118 141 144 152 186 194 138 126 124 150 161 137 82 35 140 225 50 114 136 24 81 138 111 97 56 136
42 134 101 92 90 115 51 10 84 98 50 120 98 37 53 83 51 52 85 93 54 77 40 74 91 93 57 87 62 123 57 26 44 114 90 36 8 18 60 54
48 144 104 71 107 138 74 25 62 77 51 137 106 39 76 60 68 64 93 89 35 100 62 95 112 70 77 83 41 126 68 7 30 113 110 43 24 10 74 75
90 83 60 109 42 86 46 42 110 120 34 72 139 87 47 114 9 10 38 68 76 66 29 41 56 129 79 136 86 81 98 63 61 162 109 26 45 67 97 27
115 184 133 26 167 210 149 99 17 15 96 195 166 104 152 18 133 120 137 103 51 176 135 165 182 25 153 125 41 149 136 74 66 153 184 101 98 85 145 146
43 155 115 73 118 145 81 35 61 77 62 148 100 33 83 57 78 75 105 99 39 106 70 104 121 64 79 74 43 137 65 17 38 104 110 54 33 12 72 84
38 211 180 137 162 165 104 89 121 137 128 190 39 43 106 113 125 131 164 168 109 118 107 137 150 109 74 13 111 202 38 87 109 35 85 115 87 71 48 120
108 94 98 160 37 34 38 80 159 170 86 53 138 109 36 161 44 62 74 117 125 32 43 11 9 174 71 153 135 114 105 105 110 173 88 76 81 102 97 30
111 70 69 140 14 59 48 70 142 151 64 43 151 110 48 146 27 38 45 89 108 56 41 21 30 160 86 158 117 85 114 93 93 181 110 57 72 95 109 28
132 151 163 216 100 44 78 128 211 224 147 102 135 139 76 211 105 124 139 181 178 52 94 75 66 220 84 168 187 178 118 153 165 178 73 134 129 144 108 88
113 169 172 209 114 67 74 121 202 216 147 123 107 121 72 200 108 127 148 186 171 51 92 84 81 208 66 145 180 190 96 144 159 151 46 132 121 132 85 90
106 129 79 32 116 165 113 67 41 44 46 143 164 97 115 50 88 71 82 49 26 139 96 121 136 69 130 136 27 95 126 51 29 166 163 57 67 68 132 103
69 243 210 158 194 194 135 120 141 156 158 221 48 74 136 131 156 162 195 197 135 147 139 168 181 123 103 25 135 232 68 115 137 7 107 146 118 101 76 152
9 168 136 107 121 134 69 45 94 110 84 150 67 3 71 89 83 87 120 126 73 89 67 100 115 92 52 52 78 158 30 47 69 79 79 71 43 30 39 81
46 214 188 156 162 156 101 98 141 157 137 188 16 55 102 133 127 136 170 180 126 110 108 134 145 131 66 34 129 210 34 101 123 37 68 123 96 84 39 120
101 165 115 17 147 190 130 80 4 17 76 175 155 91 133 14 113 100 117 86 31 157 115 145 161 32 137 119 21 132 123 55 46 148 169 81 79 69 131 126
153 30 60 160 30 78 92 108 166 172 87 22 195 151 91 172 66 67 46 91 134 96 84 61 59 189 130 200 143 65 157 127 120 224 152 88 110 132 153 72
85 121 74 52 98 143 88 42 53 62 27 126 143 76 90 58 65 51 70 53 20 114 71 98 114 75 105 120 29 94 103 30 8 150 138 33 42 47 108 79
110 151 155 198 95 50 60 110 192 206 132 105 113 117 59 191 92 111 131 170 160 35 78 66 62 200 62 146 169 172 96 134 147 156 52 118 110 124 85 74
43 150 131 139 96 92 34 53 130 145 89 120 70 49 35 127 65 79 110 132 101 46 44 67 78 134 9 85 109 153 35 73 91 103 43 73 53 59 28 54
119 82 32 78 77 133 96 67 87 90 28 100 175 112 97 96 61 42 37 17 61 118 78 90 103 114 124 159 68 52 134 69 51 188 157 43 69 83 136 79
66 205 188 181 148 128 87 105 168 184 144 170 31 76 87 162 121 135 167 188 146 86 100 117 125 163 50 76 152 209 44 118 139 76 32 128 104 101 37 109
57 182 166 168 126 107 64 87 157 173 124 147 47 67 64 152 99 114 145 168 132 64 78 94 102 156 28 81 138 188 36 103 123 89 17 108 86 87 25 86
107 84 39 80 70 123 84 55 86 91 15 96 162 100 85 93 49 30 35 30 56 106 65 80 94 111 111 148 64 60 121 60 44 177 144 30 57 72 123 67
56 129 111 131 75 79 14 43 125 139 73 100 91 58 16 124 44 59 89 115 93 36 23 47 61 134 28 101 102 132 54 67 81 122 59 57 43 57 49 33
107 195 145 41 173 212 150 100 26 32 103 203 155 97 152 18 138 126 146 116 57 175 136 168 185 9 149 112 47 162 129 74 71 139 179 106 98 82 138 148
62 233 205 164 182 177 121 114 148 164 153 208 27 69 122 139 147 155 188 195 137 131 127 154 166 134 87 31 139 227 54 114 136 18 87 140 112 98 60 140
91 149 100 26 129 172 113 63 22 33 58 157 147 81 115 28 95 82 100 73 13 139 97 127 143 46 122 115 4 118 112 40 27 145 155 63 62 55 119 108
27 157 133 129 105 107 45 48 118 134 87 131 63 34 46 115 70 81 114 131 92 61 50 78 91 120 22 71 99 155 23 63 83 91 52 71 47 48 22 62
89 166 162 189 109 75 58 101 181 195 131 124 86 97 57 178 95 113 139 172 151 42 77 77 79 185 42 121 159 181 72 123 140 129 24 115 101 110 61 78
60 126 110 134 72 75 10 45 128 142 73 97 94 62 12 127 42 58 88 115 96 33 22 43 57 137 30 105 105 131 57 70 83 126 59 58 46 61 52 30
126 85 34 75 85 142 106 75 86 87 36 107 182 118 107 95 71 51 44 8 62 127 87 100 112 113 133 165 68 50 141 74 54 194 166 51 77 89 144 88
44 169 151 152 113 103 51 70 141 157 107 137 53 53 52 137 84 98 129 151 115 57 63 83 93 142 13 77 122 172 27 87 107 91 29 92 69 71 16 72
62 232 204 167 180 173 118 114 151 167 154 205 21 69 120 142 145 154 187 195 139 127 125 151 163 138 83 35 141 227 52 115 138 24 82 140 112 99 57 137
135 100 49 64 105 162 123 87 78 76 50 126 193 127 124 89 89 70 63 17 62 146 104 119 132 107 148 171 66 60 153 81 59 201 182 66 89 97 156 107
124 122 134 194 70 17 59 109 191 203 121 73 139 128 57 192 79 97 110 153 157 36 72 47 36 203 78 165 167 148 114 134 143 180 81 110 110 128 105 63
32 201 173 144 149 147 89 83 129 145 123 176 27 41 90 122 114 122 156 165 112 101 95 122 134 121 56 33 116 196 21 87 109 47 65 109 81 70 29 107
118 78 87 159 23 39 49 84 159 169 83 38 152 118 48 163 43 57 63 108 125 47 49 16 11 177 85 164 135 101 117 108 110 185 104 75 85 107 110 35
134 158 106 19 152 203 150 102 37 25 83 178 189 123 152 48 125 108 116 74 53 176 133 158 173 63 163 155 47 118 155 82 64 184 197 94 102 98 162 141
143 79 29 86 90 150 119 92 99 97 52 109 199 136 121 108 83 64 48 10 78 140 101 110 121 127 149 182 84 38 158 92 72 212 181 68 94 107 160 101
146 74 99 184 37 35 77 112 186 195 107 24 176 147 75 190 70 82 79 126 152 68 78 45 30 204 110 192 162 108 144 137 137 212 124 102 114 136 136 64
111 85 90 156 28 39 42 78 156 166 81 46 144 111 40 159 39 56 66 109 122 40 43 9 9 172 77 157 131 105 109 104 107 178 96 72 80 101 103 29
64 166 154 168 109 89 50 82 158 174 116 129 65 72 49 155 86 103 132 159 130 45 66 77 84 161 20 96 138 175 47 102 120 107 15 100 82 88 36 72
63 111 82 99 67 98 39 16 96 108 37 97 114 59 41 97 27 30 64 80 62 65 23 54 71 110 61 109 71 104 73 41 48 135 94 21 18 40 73 34
95 112 64 53 94 143 92 49 58 65 23 122 153 87 94 65 65 49 63 42 29 117 74 98 113 83 112 131 36 84 113 41 20 161 146 34 50 57 117 81
41 163 123 75 125 151 86 42 62 78 70 155 96 30 88 56 85 83 113 106 44 110 77 111 127 62 81 67 47 145 63 25 45 97 110 62 40 18 71 90
55 173 130 65 138 167 102 56 49 66 78 168 106 44 104 42 99 94 122 109 42 127 92 126 142 45 97 71 41 150 76 34 48 101 126 73 54 34 86 105
130 70 19 90 72 131 101 78 100 102 38 93 185 123 102 109 64 46 30 17 74 121 83 91 102 127 132 171 81 38 144 82 64 200 164 52 80 95 145 82
116 118 127 185 64 20 51 100 182 194 113 71 134 120 48 183 71 89 103 145 148 28 64 39 30 195 72 159 158 142 108 126 134 174 77 101 101 119 98 54
129 48 26 118 39 99 82 78 125 130 48 59 178 124 83 132 46 35 4 51 94 97 67 63 71 149 118 174 103 43 138 92 81 201 147 54 80 100 136 61
35 151 114 83 110 135 69 27 72 88 61 140 93 26 72 69 70 69 101 101 47 94 60 94 111 76 67 72 53 136 55 20 43 102 98 50 25 4 62 74
64 233 206 172 180 171 118 116 156 172 156 205 17 73 119 148 146 155 188 198 143 125 126 151 162 143 82 41 146 229 52 119 141 29 78 142 115 102 56 138
36 202 165 111 157 170 105 77 94 110 112 186 66 34 107 85 118 120 152 149 86 124 103 136 151 81 84 25 87 187 51 67 88 55 103 101 75 55 62 117
62 215 195 177 160 144 98 108 163 180 148 183 14 72 98 156 130 142 175 191 144 100 109 129 138 155 60 62 149 216 42 117 139 58 49 133 107 100 40 119
144 195 144 39 186 233 175 125 43 29 115 213 195 134 178 48 156 140 152 111 75 202 160 188 204 51 182 154 66 156 166 101 89 181 214 123 124 114 175 169
65 135 92 58 104 142 81 31 52 65 40 134 123 56 84 53 67 58 84 73 20 108 67 98 114 67 91 99 28 113 85 10 13 129 124 37 30 27 91 78
89 121 74 49 100 146 92 46 51 59 29 128 146 80 94 57 68 53 71 51 20 118 75 101 117 74 109 123 28 93 107 34 11 153 142 36 46 50 112 83
88 86 60 105 46 89 47 39 106 116 30 76 137 84 48 110 12 8 40 66 72 69 29 45 60 125 79 134 82 82 97 59 57 160 110 22 41 63 95 30
140 67 89 174 27 41 72 104 176 185 97 19 173 140 70 180 61 72 68 115 142 66 71 39 28 195 107 187 152 99 139 128 127 208 123 92 106 128 133 57
76 248 219 175 196 189 135 128 158 174 167 222 36 82 136 149 161 169 202 208 149 144 141 168 179 143 100 40 151 241 68 127 149 14 98 154 126 111 73 154
103 136 86 26 121 169 115 67 34 37 51 149 160 93 117 43 91 76 89 57 21 141 98 124 140 61 129 131 20 102 123 49 29 161 163 60 67 65 129 106
64 125 84 70 91 128 69 19 65 78 31 121 121 55 71 67 53 45 74 71 32 95 53 84 100 81 82 103 41 106 81 15 19 132 115 24 19 27 85 64
128 71 85 164 21 40 59 92 166 175 88 28 162 128 58 170 50 63 63 109 132 56 59 26 18 184 95 174 141 98 127 116 117 195 113 81 94 116 121 45
52 196 154 86 157 179 113 74 69 84 102 187 92 44 116 59 118 115 145 134 67 136 107 141 157 54 100 50 65 175 71 56 73 79 124 95 72 50 82 121
131 142 90 27 138 190 140 94 45 37 71 163 188 121 142 56 113 96 100 58 49 166 123 146 161 73 157 157 46 102 152 77 56 187 190 83 95 94 158 129
152 22 45 149 36 91 96 104 156 161 79 37 198 149 95 163 65 62 35 77 125 103 85 68 69 180 133 199 134 50 158 121 112 224 158 82 106 128 155 74
51 216 191 164 162 153 101 102 149 165 142 187 7 61 102 141 129 139 172 184 132 108 109 133 144 139 64 42 136 213 36 107 129 42 63 127 100 90 39 120
48 222 190 145 172 173 113 100 129 145 138 199 37 53 115 120 135 141 175 179 119 126 117 146 159 115 82 13 121 213 47 97 119 24 90 126 98 82 55 130
70 189 176 181 132 108 72 100 170 186 136 152 51 80 72 166 109 124 154 179 145 67 88 100 106 169 38 91 152 197 49 116 136 95 11 120 99 101 39 94
185 14 54 163 71 122 131 135 174 175 103 64 232 181 131 182 99 92 60 86 147 139 119 103 103 200 169 231 154 42 193 148 135 257 194 110 137 157 190 110
40 168 149 148 113 105 51 67 137 153 105 137 53 49 52 133 83 96 128 148 111 59 62 83 94 138 14 74 118 170 23 83 103 89 34 89 66 67 13 72
81 183 174 188 126 96 69 104 178 194 138 143 66 90 68 174 106 123 151 180 151 59 86 93 97 179 41 105 158 194 61 123 141 110 8 122 103 108 50 90
111 110 59 50 100 153 106 65 60 62 34 126 169 102 108 69 76 58 64 31 38 131 88 108 123 87 127 146 43 76 129 56 34 176 161 48 66 73 133 93
169 42 26 129 79 138 128 117 141 141 79 85 221 163 128 150 91 77 46 51 117 142 112 107 113 169 163 212 124 5 180 124 107 240 192 91 119 136 180 106
127 93 107 179 42 18 57 100 178 189 103 45 153 129 55 181 62 78 84 130 144 44 63 30 13 194 88 172 154 120 122 125 129 190 100 94 101 122 115 50
115 90 98 165 35 30 45 86 165 175 90 47 145 117 43 167 48 65 74 118 130 38 50 16 1 180 78 161 140 113 112 111 115 180 94 80 88 108 105 36
121 55 53 135 13 72 63 75 139 146 59 41 165 119 63 144 34 36 30 76 105 73 52 38 45 160 101 168 115 68 126 96 91 192 126 57 77 100 122 42
113 72 75 147 15 52 48 75 148 157 70 40 152 113 47 152 32 45 51 95 114 53 43 17 23 166 86 160 124 90 115 99 99 183 108 64 77 99 110 30
156 64 21 104 86 146 124 104 117 116 64 100 211 149 125 127 87 70 45 28 96 142 107 110 119 145 157 197 102 20 170 107 88 226 188 78 106 121 171 104
129 138 86 29 134 186 137 91 46 39 67 159 186 119 139 57 109 91 96 53 47 162 119 141 156 75 154 156 44 98 149 74 53 186 187 79 91 91 155 125
89 139 137 174 82 53 37 86 168 182 110 98 101 95 35 167 71 90 113 149 136 15 56 50 52 176 41 128 145 155 77 110 124 142 45 95 86 100 67 54
129 161 110 14 153 203 149 100 31 18 83 180 185 119 151 42 125 109 118 77 50 175 132 158 173 57 161 149 43 122 151 78 62 178 194 93 100 94 158 140
51 223 188 134 176 182 120 99 117 132 135 204 54 53 122 107 137 141 174 174 111 136 121 152 166 100 92 5 111 210 56 92 113 31 104 124 97 78 66 135
60 196 179 174 140 122 78 97 162 178 135 162 34 70 79 156 113 127 158 179 139 79 92 109 117 158 41 75 145 201 38 110 132 78 27 120 96 94 30 100
41 205 167 109 161 175 110 81 92 108 114 191 70 38 112 83 122 123 155 151 86 130 108 141 156 78 89 26 86 189 56 69 89 55 109 104 78 57 67 122
87 196 149 56 168 201 137 89 38 50 102 198 133 78 139 26 130 122 146 123 56 162 126 159 176 14 132 89 49 168 109 64 69 116 160 101 88 68 119 139
51 196 176 166 140 126 78 92 154 170 131 163 28 62 79 148 111 124 156 175 132 81 90 110 119 149 40 66 137 198 29 104 125 71 34 115 91 87 23 99
113 75 31 88 63 118 83 60 95 100 22 88 167 106 84 102 47 28 26 30 65 104 65 76 89 120 113 155 73 53 126 67 53 184 145 34 62 79 127 65
157 32 65 165 32 76 94 112 171 177 92 19 197 155 93 177 70 72 51 96 139 96 87 63 59 194 132 204 148 69 160 132 125 227 153 93 114 136 155 74
111 147 152 197 92 46 59 109 192 205 131 101 116 117 57 191 90 109 128 167 159 34 77 63 59 200 63 148 168 169 97 134 146 159 55 117 110 124 87 72
41 172 131 77 134 158 92 50 62 79 78 163 94 31 95 56 94 91 121 114 49 116 84 118 135 58 85 61 51 153 63 33 52 91 113 71 48 26 72 98
72 187 175 183 130 104 71 100 172 188 136 149 55 82 71 168 107 124 153 179 146 65 87 98 103 171 38 95 153 196 52 118 137 99 8 120 100 102 41 93
115 192 142 35 174 215 153 103 23 24 103 202 164 104 156 20 139 127 144 111 57 179 139 170 187 19 155 122 47 157 136 77 72 149 186 107 102 88 146 151
63 177 164 171 120 99 60 88 161 177 124 141 56 72 60 157 96 112 142 167 134 57 75 89 95 161 26 90 142 185 43 106 125 98 10 108 88 91 32 82
119 146 95 15 137 187 134 86 32 27 67 164 176 109 136 43 109 93 102 63 38 160 117 142 157 60 148 144 33 109 140 66 47 173 181 78 86 83 147 124
152 25 30 136 47 105 102 102 145 148 71 54 201 148 102 153 67 59 27 62 116 113 88 77 81 170 138 198 124 33 160 115 103 224 165 78 104 124 158 80
96 177 128 31 155 195 133 83 12 26 85 184 147 85 135 1 120 108 128 100 38 159 119 150 167 18 135 108 29 145 118 57 53 137 166 88 82 67 127 131
16 189 158 125 140 145 83 68 110 126 107 168 46 22 85 103 103 109 142 148 93 99 85 115 129 103 56 33 97 181 22 68 91 57 75 94 66 52 33 98
143 42 11 118 55 115 100 91 127 130 56 69 195 138 101 135 64 50 18 44 99 115 85 81 88 153 135 187 107 25 154 102 88 215 164 66 93 112 153 79
76 98 69 99 57 95 44 27 98 109 29 87 127 72 46 101 19 17 50 70 64 68 26 50 67 115 72 122 74 91 86 48 49 149 104 15 29 51 86 32
132 45 25 120 40 100 85 81 127 132 50 59 181 127 85 134 49 38 6 51 97 99 70 65 73 151 120 177 105 41 141 95 83 204 149 56 83 103 139 63
75 161 114 41 134 171 109 59 28 44 66 164 130 65 111 25 97 87 111 90 21 135 95 127 144 37 112 95 17 134 97 33 33 125 143 66 57 43 105 107
99 135 137 181 78 43 43 93 176 189 114 91 112 105 40 175 73 92 112 151 143 17 60 48 46 185 52 139 152 154 88 118 130 153 54 100 93 108 78 55
128 132 80 34 128 181 133 88 50 45 62 153 186 118 135 61 104 86 90 47 47 158 115 137 151 79 151 157 45 92 148 73 51 187 185 75 89 90 154 121
77 97 69 101 55 93 43 28 101 111 30 85 127 73 44 103 16 17 50 71 66 67 24 48 64 118 71 123 76 91 87 50 51 149 103 17 31 53 86 30
121 97 46 63 94 149 108 73 74 75 36 118 179 113 110 83 75 56 55 16 53 131 90 106 119 102 133 158 58 62 138 68 47 188 167 51 74 84 141 93
99 167 166 197 110 71 64 109 189 204 137 123 94 107 63 187 100 119 142 177 159 44 83 79 79 194 52 130 167 184 82 132 147 138 33 122 109 119 71 82
59 116 93 114 66 87 24 27 109 122 52 95 105 58 26 110 29 40 73 95 76 50 12 46 62 121 47 106 86 115 64 52 63 130 79 37 28 47 62 26
54 150 135 150 94 84 32 63 141 156 96 117 73 61 32 139 67 83 113 139 112 37 47 63 73 146 7 94 120 156 43 84 101 110 35 80 63 71 34 54
108 67 56 126 22 74 52 62 129 137 50 52 153 105 53 133 20 25 32 74 95 66 40 33 44 149 89 154 105 74 113 83 80 179 116 45 64 87 110 30
117 68 71 147 10 54 52 77 149 157 70 37 156 116 52 153 34 45 48 93 114 57 47 22 26 167 90 164 124 86 119 100 100 187 112 64 79 101 114 33
59 133 118 140 77 75 15 52 134 148 81 101 89 63 16 132 50 66 96 123 102 30 29 47 59 141 23 103 111 139 54 76 90 122 51 66 52 65 47 36
60 193 177 174 137 118 75 96 162 178 134 158 38 71 76 157 110 125 156 178 139 75 89 106 113 159 38 78 145 198 39 110 131 82 23 118 95 94 30 97
68 118 79 72 85 124 66 19 69 81 25 115 124 60 68 72 48 39 68 66 35 92 50 79 96 86 82 108 45 100 84 21 21 137 116 18 20 32 87 60
33 161 139 137 107 105 46 56 127 142 94 133 59 40 47 123 75 87 119 138 100 58 54 79 91 128 16 72 107 161 22 72 92 90 44 78 55 56 16 65
130 99 115 186 50 10 61 106 185 196 111 50 154 133 59 187 69 86 92 138 151 45 69 37 21 200 89 175 161 128 124 131 136 192 98 101 107 127 116 56
93 80 59 113 38 83 46 46 114 123 37 68 141 90 47 118 9 12 37 69 80 66 30 38 53 133 80 140 90 80 101 67 65 165 110 30 48 71 99 26
88 160 111 28 137 178 117 67 16 31 67 166 143 77 119 18 102 90 110 84 20 143 103 133 150 35 123 108 11 129 109 42 35 138 155 70 66 55 117 114
134 57 74 160 13 53 69 94 163 171 84 19 172 134 68 168 51 60 53 100 130 69 64 36 32 183 106 181 139 85 136 117 115 204 126 80 97 119 130 51
125 99 112 181 48 13 56 101 180 191 106 51 150 128 54 183 64 81 89 134 146 41 64 32 16 195 85 170 156 126 120 126 131 188 95 97 102 122 112 51
131 110 58 54 111 166 124 85 68 66 51 134 189 122 126 79 92 73 70 25 55 148 105 123 136 97 147 165 57 70 149 76 53 195 181 66 86 93 153 109
74 165 119 43 138 174 111 61 28 44 71 167 128 64 113 23 100 91 115 94 26 137 98 130 147 34 112 93 21 138 96 35 38 122 143 70 60 45 105 110
36 153 132 134 99 99 38 50 124 139 88 125 67 42 40 121 67 79 111 131 96 53 46 72 84 127 15 78 104 154 29 68 87 98 47 72 49 54 24 57
41 204 167 108 161 175 110 80 91 107 113 190 71 38 112 82 121 123 154 150 85 130 107 141 156 77 89 27 85 188 56 69 89 56 109 104 78 57 68 122
87 126 123 164 69 48 26 76 159 173 98 86 108 92 24 159 58 77 99 135 127 1 44 37 40 169 43 130 136 141 79 102 113 146 55 83 77 93 70 40
128 163 111 12 154 203 148 99 29 16 84 181 183 117 150 40 125 109 119 79 49 174 132 158 174 54 160 147 42 124 149 77 61 176 193 94 99 93 157 140
74 142 96 45 115 155 95 45 39 52 47 145 131 64 97 40 79 68 92 74 8 121 80 110 127 55 103 103 15 116 95 21 14 133 136 48 44 37 101 91
109 167 116 11 151 196 137 87 8 9 80 179 163 99 139 19 119 105 120 86 37 163 122 151 167 35 145 126 28 132 131 63 51 156 177 86 86 77 139 132
135 135 83 36 134 187 140 96 53 46 69 158 192 125 142 64 111 93 95 50 53 165 122 143 158 81 158 163 51 94 155 80 59 193 192 82 96 97 161 128
113 80 33 83 69 124 87 60 90 94 21 94 168 106 88 97 52 32 32 26 61 109 68 81 94 115 116 154 69 55 126 65 49 183 148 35 62 78 128 69
157 26 59 161 34 82 96 111 168 173 89 25 199 155 96 174 70 70 47 91 136 100 88 66 63 191 134 204 145 62 161 130 122 228 156 91 113 135 157 76
124 55 24 110 45 104 81 72 117 122 41 67 175 119 82 124 44 31 4 45 86 98 65 66 75 141 116 169 95 44 134 85 73 196 146 47 74 94 133 60
60 127 112 136 72 74 10 48 130 144 76 97 93 63 12 129 44 60 89 117 98 31 23 43 56 139 28 106 107 133 57 72 86 126 58 60 48 63 51 31
35 149 126 128 96 99 36 44 119 134 82 122 71 40 38 116 62 74 106 125 91 53 42 69 82 123 20 80 98 148 32 63 81 100 53 66 44 49 29 54
136 101 50 65 105 162 124 88 79 76 51 127 194 128 125 89 90 71 64 17 63 147 105 120 133 107 149 172 67 60 154 82 60 202 183 67 90 98 157 108
49 150 134 145 95 88 33 59 136 151 93 119 71 55 33 133 66 81 112 136 107 41 45 65 76 140 5 89 115 155 39 79 97 106 38 77 58 65 30 54
126 97 45 64 96 152 113 78 77 76 40 119 184 118 114 86 79 60 56 13 57 136 94 110 123 105 138 163 61 59 143 73 51 193 171 56 79 89 147 97
97 183 134 36 161 199 137 87 18 30 91 190 147 86 139 7 125 114 134 106 44 163 123 155 172 12 137 106 35 152 119 61 59 134 168 93 86 70 128 135
89 109 63 61 87 134 83 41 64 72 16 115 146 81 85 70 56 40 58 45 32 108 65 89 104 87 103 127 41 84 106 37 19 157 137 25 42 52 110 72
75 137 129 160 80 62 25 72 154 168 98 99 93 81 24 153 62 80 106 139 122 16 44 48 54 162 29 116 131 149 65 96 110 132 43 83 72 86 56 45
65 239 206 154 190 191 131 116 136 152 153 217 48 69 133 127 153 158 191 193 130 144 135 164 177 119 100 20 131 228 65 111 132 11 106 141 114 96 73 148
92 98 55 72 76 124 76 41 76 83 4 104 148 84 78 81 47 30 48 43 43 101 58 79 94 98 100 132 52 76 107 43 29 161 133 18 42 56 109 63
61 158 114 55 126 159 96 47 42 58 63 156 116 50 98 39 88 80 107 93 26 121 84 116 133 48 97 85 27 134 82 21 32 115 128 59 45 29 90 96
119 169 174 214 114 65 77 125 207 221 150 122 113 127 76 205 110 130 150 188 176 53 96 85 81 213 71 151 184 191 102 149 163 157 52 136 126 137 91 93
132 67 16 93 71 129 101 79 103 105 40 91 186 125 102 112 64 46 28 19 77 121 83 90 101 130 132 173 84 36 145 84 67 202 164 54 81 97 146 81
161 18 54 159 40 90 102 113 166 171 89 33 204 158 101 173 73 71 45 87 135 107 92 72 71 190 139 207 144 55 166 131 122 232 163 92 115 137 162 81
62 123 84 74 88 124 64 15 70 82 31 118 119 54 66 71 50 43 72 72 36 91 49 80 97 84 78 102 45 106 78 17 23 131 112 22 16 26 82 60
160 20 31 140 54 111 110 109 150 152 77 58 209 155 110 158 75 67 34 64 121 120 96 85 88 175 146 205 129 29 168 122 109 232 173 85 111 131 166 88
16 158 128 108 111 123 58 37 97 112 77 139 71 14 60 92 72 78 111 120 72 79 56 88 104 98 45 62 78 150 31 44 66 88 74 63 35 27 37 70
121 89 38 71 85 141 102 70 81 83 31 109 177 113 104 90 68 49 46 13 57 125 84 98 111 108 129 159 63 56 136 69 49 189 162 47 72 84 139 86
169 5 48 156 53 105 113 119 165 168 91 48 215 165 113 173 82 77 46 81 136 120 102 85 85 191 151 215 144 44 175 135 123 241 175 96 122 143 172 92
55 165 150 159 108 93 47 75 150 165 110 130 61 63 47 146 83 98 128 153 122 48 62 77 86 151 12 88 129 171 38 94 112 101 22 94 74 79 27 69
119 163 168 211 108 59 74 122 204 218 146 115 116 126 72 203 106 125 144 183 173 49 92 80 74 211 71 152 182 185 103 146 160 160 55 132 123 135 92 88
36 182 143 88 141 162 96 59 72 89 90 171 84 27 98 65 102 101 132 126 62 118 90 124 140 64 83 49 63 164 57 45 64 79 109 81 57 35 67 104
122 66 74 153 10 51 56 83 155 163 76 31 160 121 55 159 40 51 51 98 121 59 52 24 24 174 93 169 130 88 123 106 106 191 115 70 85 107 118 38
66 119 105 135 64 70 4 47 130 143 71 90 101 68 6 130 37 54 82 112 97 30 17 36 50 140 36 112 106 125 64 72 84 133 64 56 48 64 59 23
40 156 137 141 102 97 40 58 132 147 94 126 64 48 41 128 71 85 116 138 104 50 50 73 84 134 8 80 111 159 30 76 95 97 40 78 57 61 22 60
132 46 23 119 42 102 85 80 126 131 50 60 181 127 86 133 49 38 5 50 96 100 70 66 74 150 121 177 104 40 141 94 83 204 150 56 83 103 139 64
60 227 202 170 174 164 112 112 155 171 152 199 11 69 113 146 140 150 183 194 140 119 120 145 156 143 76 42 143 224 47 115 138 34 72 137 110 98 50 132
