250 75
237 106 78 116 165 213 178 65 193 253 311 234 191 136 284 382 374 171 79 372 313 135 441 92 300 157 233 242 393 202 266 102 93 212 188 319 121 342 138 220 82 61 319 113 189 168 125 247 147 358 249 256 322 72 239 286 108 281 226 320 322 301 483 113 375 104 171 70 180 280 202 311 285 244 428
39 48 34 49 36 26 45 34 48 13 25 28 50 39 49 26 13 43 12 11 21 11 41 13 14 43 27 40 19 24 20 17 41 42 27 36 37 13 12 42 20 37 25 14 24 26 29 49 20 22 47 37 15 17 38 12 25 17 21 43 50 30 30 44 15 30 16 45 48 47 14 42 35 44 43 46 21 11 25 42 30 42 37 48 11 50 20 47 35 48 33 13 47 11 30 27 47 21 31 14 47 48 10 13 38 45 28 26 15 40 38 45 30 19 29 43 43 23 44 33 50 16 34 24 43 31 33 48 21 29 27 28 10 21 35 25 38 34 19 26 23 19 30 23 15 22 20 28 34 46 14 42 20 48 25 48 37 25 21 36 15 13 28 31 42 18 45 17 30 48 41 26 33 37 28 50 13 30 33 18 43 24 43 41 21 31 42 43 11 44 20 17 34 43 36 14 40 38 33 31 29 37 41 17 41 33 23 35 46 20 44 21 19 15 20 23 22 17 50 36 39 44 19 20 36 28 31 29 20 22 50 50 36 13 15 41 30 17 35 18 47 33 17 42 43 35 21 35 12 39
466 185 139 124 188 257 230 118 262 328 498 304 230 246 410 387 386 255 129 374 345 257 458 169 496 305 267 291 483 387 465 159 149 254 256 385 183 371 175 225 103 100 349 136 267 336 244 464 237 497 277 462 454 119 239 302 152 291 396 445 364 434 483 138 383 112 305 118 186 341 376 330 340 384 440
150 222 56 87 39 80 218 137 228 128 25 147 40 127 132 106 168 132 135 125 203 79 165 108 153 178 170 169 56 80 95 25 83 138 160 125 71 31 192 171 125 191 77 236 209 196 201 78 232 83 129 85 121 56 160 114 174 115 116 150 79 138 72 195 77 190 95 139 47 169 178 227 81 99 166
154 216 67 82 28 84 213 140 232 118 31 153 38 132 121 113 162 121 135 132 195 90 160 119 157 179 170 170 67 86 85 14 75 128 151 132 69 33 189 177 115 188 85 230 207 201 199 82 226 88 120 74 116 45 150 116 167 107 124 151 87 127 83 200 71 190 104 141 58 174 177 231 91 109 160
124 149 117 15 62 71 146 101 197 129 98 141 38 113 117 108 95 98 82 120 132 137 92 170 128 130 117 126 120 86 114 64 21 84 94 122 27 50 125 158 127 127 103 163 143 172 135 66 159 80 66 95 50 48 97 77 101 45 128 105 92 116 119 171 8 136 127 105 99 144 119 197 125 133 93
26 211 148 142 185 84 190 52 71 271 181 24 136 35 262 58 167 242 86 39 223 147 163 169 22 73 86 58 154 82 247 177 165 221 213 41 119 136 139 14 268 125 96 223 144 36 141 87 210 79 196 231 134 184 222 71 187 171 63 66 85 261 124 36 152 95 98 47 133 20 106 69 119 101 160
88 125 220 138 211 135 99 79 90 273 231 127 168 114 255 140 103 224 71 128 152 229 100 257 90 36 36 52 226 148 264 209 161 191 167 132 137 175 51 117 271 37 173 133 45 96 47 134 118 139 165 245 107 198 178 95 124 146 157 60 156 248 204 94 153 16 186 81 200 87 33 93 202 191 97
149 38 228 105 178 152 27 125 183 210 217 187 154 162 187 178 25 153 93 176 56 245 27 277 153 109 91 120 232 171 214 183 116 115 82 180 125 165 44 188 210 59 196 51 55 179 50 149 42 161 94 195 72 158 93 120 34 87 200 108 179 177 222 177 117 93 217 130 208 160 73 185 225 223 26
179 15 263 138 209 187 14 157 203 233 250 218 188 194 208 211 58 173 125 209 55 279 61 312 182 134 118 147 267 205 241 215 147 135 99 213 160 199 66 217 233 81 231 20 68 204 67 183 7 196 118 222 106 189 109 154 56 117 233 138 214 197 257 202 149 115 251 161 243 188 98 206 260 258 60
80 221 218 194 249 149 196 99 7 329 249 92 199 103 317 128 191 292 123 109 244 217 187 236 77 83 102 78 224 151 310 242 218 265 249 111 177 201 146 67 327 131 166 230 142 34 143 152 215 146 239 292 174 244 259 124 212 215 132 99 155 314 194 34 206 96 167 96 203 60 117 4 189 169 184
148 247 23 113 72 82 241 141 224 158 31 136 62 122 164 97 192 165 147 116 231 46 189 75 150 185 180 173 23 74 122 58 113 170 190 115 90 50 209 161 155 206 60 262 225 191 218 82 256 81 160 115 143 89 191 121 201 144 100 157 70 171 44 190 105 200 72 141 23 166 191 223 53 75 189
171 290 29 156 113 114 282 170 242 192 64 149 105 143 202 115 234 207 182 133 275 25 231 35 172 215 213 201 24 100 154 99 158 214 235 131 131 93 247 175 189 242 77 304 262 207 256 115 298 109 205 151 185 132 235 154 244 188 109 188 93 210 47 207 150 232 74 169 49 186 226 240 52 73 231
99 93 175 63 139 96 80 73 150 193 170 134 105 108 175 122 42 145 39 121 98 190 38 222 103 73 55 79 179 115 187 140 83 113 94 125 74 115 48 139 192 50 140 107 66 137 58 93 98 105 86 167 28 123 104 64 62 66 144 61 123 168 167 135 78 69 160 78 155 114 47 152 169 167 35
142 276 25 146 119 91 266 144 211 206 78 118 97 114 212 86 220 212 160 103 265 7 216 36 143 188 188 174 28 75 170 105 153 213 229 100 118 86 227 143 203 220 50 290 241 176 234 94 283 85 200 163 170 135 231 131 232 180 78 163 67 218 19 176 142 207 43 142 37 156 203 209 21 41 216
232 196 176 115 82 173 207 210 305 26 127 246 123 220 11 209 161 36 188 225 159 199 161 226 236 235 219 233 175 183 49 96 91 72 109 226 134 128 211 265 26 218 191 207 228 281 221 169 211 181 90 42 142 72 100 185 152 104 226 212 187 21 193 279 103 236 212 214 168 253 216 306 201 218 164
101 261 68 145 145 74 246 110 163 236 116 70 107 74 237 48 207 229 134 60 258 58 203 75 101 152 156 136 73 55 203 132 159 222 230 56 114 99 202 94 233 192 36 275 213 128 208 78 265 64 204 193 160 155 235 105 223 181 31 130 47 241 42 128 147 173 14 107 63 111 174 161 33 11 201
202 174 157 84 63 144 182 179 274 55 113 217 96 190 39 181 134 31 157 196 140 180 134 209 206 204 188 202 157 156 59 77 60 53 89 197 104 103 182 235 53 188 166 186 200 250 192 140 188 153 65 42 112 47 82 155 127 74 199 180 160 40 171 249 72 206 188 183 146 222 185 275 179 194 136
120 149 116 14 64 67 145 98 193 132 98 137 37 110 121 105 94 102 79 117 132 136 92 168 124 127 114 123 119 83 117 66 25 87 96 119 24 50 123 154 130 124 101 163 141 169 133 63 159 77 68 98 49 51 99 73 102 47 125 101 89 120 118 167 11 133 124 101 98 140 116 194 123 131 92
63 179 96 70 107 11 166 50 141 191 111 72 57 45 184 41 125 167 58 51 176 107 121 138 66 93 89 82 101 28 168 99 90 151 152 53 42 59 125 91 189 119 54 193 139 111 133 10 184 18 129 152 78 105 158 30 141 104 63 65 37 184 82 110 77 109 74 51 76 83 102 140 84 81 120
73 197 78 81 102 8 185 65 150 191 98 72 54 50 186 34 142 172 77 50 192 88 138 119 75 110 107 97 83 11 165 93 97 160 165 50 50 52 144 94 188 137 35 211 158 119 151 13 202 6 140 150 94 104 170 48 157 116 52 82 19 187 64 118 84 126 57 65 58 92 121 150 65 63 137
127 142 125 10 66 77 140 104 199 127 104 146 46 118 114 115 88 93 83 126 124 145 86 178 131 131 116 128 128 93 115 70 16 77 86 128 33 58 121 162 125 124 111 156 139 175 131 72 153 87 58 96 46 50 89 80 94 37 135 106 100 112 127 174 4 135 134 108 107 147 117 200 133 141 87
151 125 152 33 79 107 128 126 218 115 125 174 75 146 97 144 77 70 99 154 100 174 76 206 155 146 129 146 155 123 113 87 20 47 57 157 63 86 121 188 114 127 141 138 139 198 131 102 138 117 28 93 51 58 59 104 76 15 165 124 130 92 157 196 30 145 165 131 136 170 125 219 163 171 78
190 171 146 73 53 132 178 167 262 64 104 204 83 178 52 169 128 42 146 183 139 169 128 198 194 194 178 191 146 143 61 66 49 56 89 184 91 91 174 223 62 180 153 184 192 238 184 127 185 140 62 42 102 35 84 143 123 67 186 169 147 52 159 237 60 196 176 171 135 210 176 263 167 181 130
155 161 123 42 42 97 163 133 228 97 90 170 51 143 87 134 112 72 114 148 136 145 110 176 159 162 148 158 124 110 84 51 21 69 91 150 56 61 150 188 95 154 122 175 168 204 160 92 174 106 60 65 76 22 90 108 112 51 153 136 114 87 132 202 27 166 145 137 108 175 148 229 139 151 112
156 73 196 67 131 134 78 129 209 156 175 187 118 160 133 167 32 99 96 172 52 216 33 248 160 132 113 138 200 152 161 138 70 62 35 175 96 130 85 196 156 96 175 86 102 196 95 129 86 144 40 142 50 110 46 114 24 38 189 119 160 124 196 194 75 124 198 134 178 172 102 211 201 204 36
166 78 198 70 128 140 87 139 220 147 174 196 120 168 123 174 43 89 106 180 51 218 45 251 170 144 125 149 201 158 154 136 68 51 23 183 100 132 97 205 146 108 180 91 113 207 106 135 92 150 31 135 58 106 34 123 31 37 196 130 166 113 199 205 75 136 203 144 180 182 113 222 204 209 48
81 107 194 102 176 109 85 62 112 236 199 121 135 101 218 123 72 188 41 116 126 205 69 235 85 37 19 49 199 125 227 175 124 156 133 120 104 143 33 118 234 21 151 118 42 107 37 108 105 115 129 208 70 162 144 69 94 109 143 42 133 212 181 105 117 26 167 66 174 89 4 115 181 173 66
83 132 133 39 107 57 121 58 151 176 131 109 66 81 162 88 77 138 34 92 128 149 73 181 87 82 69 79 138 76 162 106 63 114 108 96 35 76 87 121 174 85 100 146 103 129 96 53 138 66 89 143 30 95 116 37 93 64 110 57 84 159 126 128 52 89 122 62 113 102 73 152 129 128 72
175 291 32 157 111 116 284 173 246 189 62 154 106 147 200 119 236 206 185 138 276 30 232 38 176 218 216 205 26 103 151 98 158 214 235 135 133 94 250 179 186 245 81 305 265 212 258 118 300 112 205 148 186 131 235 157 245 188 114 191 97 208 51 211 150 235 79 173 52 190 229 245 57 78 232
191 223 101 99 24 123 226 174 269 80 50 194 72 172 88 154 174 98 164 172 196 123 172 148 194 211 200 204 99 127 45 30 83 116 147 172 98 71 210 216 77 212 126 237 228 239 220 120 236 128 118 37 135 41 143 150 174 113 165 183 127 97 121 238 85 219 145 177 96 212 203 269 130 149 174
23 204 157 142 189 88 182 49 62 273 187 35 140 41 264 66 161 243 82 47 217 157 157 179 19 64 78 49 163 89 251 181 165 220 210 50 121 140 130 21 271 117 105 215 135 29 132 91 202 85 194 235 131 187 219 70 182 169 73 60 93 262 134 28 153 86 108 44 141 9 98 61 129 111 154
19 194 161 138 188 89 172 42 59 270 189 44 139 44 260 71 152 238 74 53 208 163 148 186 16 53 68 38 167 92 250 181 161 214 203 56 118 140 120 32 268 106 110 205 124 30 121 91 192 86 188 233 124 185 212 66 173 163 81 51 96 258 139 28 149 75 115 38 145 2 87 59 135 118 145
34 213 120 127 162 60 195 51 98 249 154 14 113 15 242 30 164 225 83 11 220 120 160 143 33 87 95 71 126 56 224 152 148 207 204 13 100 111 145 35 247 133 68 226 153 64 149 64 214 54 184 209 125 162 211 60 184 158 37 70 58 242 97 64 135 108 71 47 105 43 114 97 92 75 158
179 68 215 87 143 156 81 152 230 154 190 210 136 183 129 190 47 94 119 194 36 235 49 267 183 153 134 160 218 174 165 152 84 56 20 198 116 148 101 218 154 113 196 80 115 218 109 151 83 166 43 147 73 121 31 137 28 53 212 141 182 118 216 216 92 143 219 157 197 194 121 232 221 226 53
140 46 226 106 181 148 28 117 171 218 217 178 154 154 195 171 31 161 85 169 68 242 31 274 143 98 81 110 230 166 220 185 120 124 92 173 124 165 32 178 217 47 192 58 43 168 38 144 47 156 102 200 71 162 103 114 45 92 193 99 175 186 219 166 119 82 212 121 206 150 62 174 221 218 29
244 215 177 130 86 183 226 223 318 8 126 256 131 230 22 218 179 55 202 234 178 199 180 224 248 250 235 248 175 191 38 99 106 91 128 235 145 135 228 276 7 235 197 226 246 293 238 178 230 190 109 39 159 80 119 198 171 121 233 226 194 35 196 292 116 252 217 226 170 265 232 319 204 222 182
99 104 160 46 122 84 94 73 157 179 153 130 89 103 161 113 49 133 40 116 102 176 45 208 103 82 65 85 164 103 171 123 67 103 89 119 58 99 65 139 177 67 128 118 83 141 75 80 110 94 77 151 13 107 98 58 66 54 136 64 112 156 153 139 61 81 149 78 140 115 61 159 156 156 44
214 159 183 95 90 163 171 190 283 63 141 233 117 206 38 200 127 5 164 213 122 207 128 236 218 210 193 210 184 176 81 104 72 35 72 215 120 126 179 250 63 187 188 170 196 262 188 158 175 172 56 67 115 72 63 167 116 74 219 189 181 29 196 260 85 209 211 194 171 234 187 284 204 217 131
138 153 119 25 53 82 152 115 211 115 94 154 42 127 103 120 101 85 96 133 132 141 98 173 142 144 130 140 122 97 101 57 13 75 90 135 40 54 135 171 113 138 112 167 153 186 145 78 164 92 60 82 60 36 92 91 104 44 139 119 102 102 125 185 10 149 135 119 103 158 131 211 131 141 100
131 262 21 133 110 78 252 131 202 198 72 110 85 103 203 75 206 201 147 93 252 18 203 50 132 176 176 162 26 62 163 96 140 201 216 91 105 74 214 135 196 207 38 276 228 167 221 80 269 72 188 155 157 125 219 118 219 167 70 151 54 209 7 167 130 194 36 130 25 146 190 200 14 36 202
141 264 9 132 102 84 255 139 213 189 61 121 83 113 195 85 208 195 152 104 252 17 205 49 142 184 183 171 13 69 153 88 137 197 214 102 105 71 218 147 186 213 47 278 233 178 226 85 271 79 185 146 159 118 216 124 219 166 82 158 63 201 19 178 128 202 48 139 22 157 196 212 26 49 204
74 236 81 127 141 53 221 82 140 232 122 47 97 46 230 21 183 218 108 33 236 78 179 100 73 124 129 109 87 37 202 129 144 207 211 29 97 91 175 72 229 165 33 250 186 105 180 58 239 43 187 189 137 147 217 79 200 162 8 103 32 232 56 104 131 145 29 79 70 85 146 138 50 33 177
183 266 50 131 70 115 263 174 259 141 20 172 84 157 153 132 212 162 177 152 245 68 209 86 185 217 211 206 45 109 103 59 126 175 200 150 114 74 236 197 138 234 95 280 253 226 245 115 276 115 170 101 165 92 199 153 218 158 135 189 105 162 76 225 121 231 105 175 58 201 220 258 84 107 210
70 247 104 148 166 74 230 87 124 257 147 33 121 48 254 37 196 242 117 34 251 97 192 114 69 124 132 107 110 61 228 155 166 228 230 30 119 116 181 55 254 170 58 260 190 89 186 79 249 65 207 215 153 172 236 90 214 182 18 107 57 256 78 90 153 145 48 83 94 76 150 122 71 49 190
213 167 175 93 81 158 178 189 282 55 131 230 111 203 33 195 132 13 164 209 131 198 133 227 216 211 194 210 175 171 70 95 70 43 80 211 116 119 183 247 55 190 182 178 200 260 192 153 182 167 61 56 117 64 72 165 122 77 214 188 175 27 188 259 82 210 204 193 164 232 189 283 196 210 135
41 162 182 130 192 101 138 42 62 266 202 78 144 68 252 96 125 227 57 82 180 188 122 214 42 18 36 11 188 110 251 187 154 198 182 85 118 149 86 68 264 72 132 172 88 52 87 102 158 102 172 232 107 184 192 66 147 148 111 33 116 248 163 50 143 39 142 41 164 38 54 64 160 147 118
184 34 241 112 175 174 52 159 224 188 220 219 163 193 162 205 44 127 125 206 13 260 48 292 188 149 131 159 244 193 199 183 114 90 53 210 139 175 87 224 188 102 216 45 98 218 93 170 50 184 77 181 88 153 63 149 25 82 227 144 201 151 239 216 119 135 239 164 222 197 114 227 243 245 50
128 206 60 71 48 59 200 115 206 139 47 128 20 107 139 88 151 133 113 106 190 81 148 113 131 156 148 146 62 61 109 36 73 133 150 106 50 9 171 151 136 169 63 220 188 175 181 56 215 63 120 96 102 57 151 92 159 102 100 128 62 143 68 174 64 168 84 116 44 148 156 206 75 90 148
92 117 147 40 114 72 106 66 155 176 142 121 77 93 160 102 62 134 36 105 114 163 58 196 96 82 67 82 152 91 165 114 63 106 97 109 46 88 75 131 174 75 115 131 93 136 85 68 123 81 81 146 17 100 105 48 78 56 124 60 99 156 141 134 54 85 137 70 127 109 66 156 144 143 57
101 241 46 119 114 53 229 102 172 205 88 81 77 73 206 45 186 199 120 64 235 48 182 76 102 147 148 133 52 35 173 101 130 193 204 61 88 68 188 106 202 180 9 255 201 138 195 57 247 45 176 162 137 124 208 91 200 154 43 122 27 210 23 137 118 166 17 101 35 116 163 171 21 23 181
232 233 146 127 64 166 240 213 308 38 93 238 113 214 57 198 190 82 198 216 199 168 190 190 235 246 232 241 143 171 1 74 105 112 148 216 135 114 234 260 35 238 172 245 252 281 244 162 247 172 124 21 160 68 141 188 185 129 211 219 173 69 167 279 112 251 191 216 142 253 233 309 176 195 192
44 153 182 123 187 99 130 40 70 260 200 83 140 71 245 98 116 219 50 85 171 189 113 215 46 10 27 8 188 110 245 183 147 190 173 89 113 145 78 75 258 63 133 164 81 61 78 99 150 101 164 227 99 178 183 62 138 141 114 27 116 241 164 59 136 32 144 40 163 45 45 72 162 149 109
173 20 242 115 184 171 31 148 208 205 226 210 166 184 180 199 37 145 115 198 33 260 41 293 177 134 116 145 246 189 213 190 122 107 71 202 139 178 69 212 205 84 214 34 78 204 74 167 33 180 90 194 86 163 81 141 29 90 221 132 198 169 239 202 125 118 236 153 223 184 98 210 242 242 42
136 52 213 92 166 137 40 112 174 203 203 173 140 148 181 163 17 147 79 162 64 230 16 262 140 99 80 109 218 156 205 170 105 110 80 166 111 151 39 175 203 52 181 65 54 168 47 134 57 146 87 185 58 147 92 106 34 77 185 95 165 172 207 166 104 85 202 116 194 148 64 176 210 208 14
155 285 27 154 121 102 276 156 224 204 75 131 104 127 212 99 229 214 171 116 273 6 226 27 156 201 201 187 26 87 167 107 159 218 235 113 127 92 238 156 201 232 62 299 252 189 246 105 292 96 206 162 180 138 237 142 241 187 91 175 79 219 31 189 149 219 55 155 43 169 215 222 34 54 225
126 280 58 158 146 91 267 133 187 235 110 95 115 98 239 72 225 235 156 85 274 41 221 51 125 176 180 161 62 73 201 132 169 232 243 81 128 105 223 118 232 215 48 294 236 152 230 95 285 82 216 192 177 159 247 126 240 194 56 154 64 244 36 152 158 196 27 131 61 136 196 185 27 21 220
162 300 44 170 138 115 289 165 227 221 92 134 121 133 230 106 244 232 183 121 289 21 240 13 162 210 211 195 44 98 184 124 175 235 252 118 142 109 250 158 218 243 72 314 264 192 258 117 307 108 223 179 194 155 254 154 256 204 94 185 89 237 43 192 165 229 60 164 60 174 226 225 42 56 240
14 173 154 115 170 74 152 20 76 250 176 54 121 40 238 67 129 215 50 54 185 159 125 185 17 39 49 23 160 82 231 164 139 190 179 58 98 124 101 52 248 88 104 185 107 52 104 76 172 75 165 213 100 165 188 45 150 140 83 28 88 235 134 51 127 61 114 16 136 26 68 77 132 118 122
192 183 138 79 44 131 189 170 266 59 94 204 80 178 52 167 139 51 151 183 152 162 138 190 196 199 185 196 138 141 50 58 55 68 101 184 93 87 183 224 57 188 149 196 201 241 193 127 197 139 74 31 110 30 96 146 135 77 184 174 145 56 153 239 65 203 171 174 128 213 184 267 161 177 141
219 158 190 99 96 168 171 194 286 65 147 238 123 211 39 205 128 4 168 218 120 213 128 242 223 213 196 214 190 181 85 110 77 34 70 220 125 132 180 255 66 189 194 168 197 266 189 163 173 177 57 72 118 78 61 171 116 77 224 192 187 28 202 264 90 211 217 198 178 238 189 288 210 223 131
177 312 52 181 143 128 302 180 242 223 95 149 130 148 233 121 256 237 197 137 300 33 253 6 177 225 225 210 50 112 185 129 185 243 262 133 153 118 264 173 220 257 86 326 278 207 272 131 319 122 232 182 207 162 263 168 268 214 109 200 104 241 56 207 175 243 75 178 70 189 240 240 57 71 252
114 252 37 127 115 65 241 115 184 205 84 91 83 85 208 57 197 203 133 75 244 35 193 63 114 160 160 145 43 47 172 102 137 200 212 72 97 72 200 117 203 193 21 266 214 149 207 68 258 57 184 162 148 127 215 103 210 162 52 135 39 213 11 149 126 178 19 114 31 128 175 182 9 22 192
207 155 179 88 86 156 166 183 276 67 137 226 111 199 43 193 121 13 157 206 119 202 122 231 211 203 186 203 179 169 82 99 65 31 68 208 113 120 172 243 67 180 182 166 190 255 182 151 170 165 50 67 108 67 60 160 111 67 212 181 174 35 190 253 78 202 205 187 166 227 180 277 198 211 125
107 214 49 85 78 39 205 98 184 169 65 100 39 82 169 60 158 161 105 79 203 65 155 98 109 142 138 130 54 34 139 66 94 156 169 78 56 30 170 124 167 165 33 229 185 151 178 39 222 39 140 127 109 86 172 79 170 119 70 114 33 172 45 150 82 157 55 99 29 125 149 183 50 61 154
187 67 223 95 150 165 82 161 237 156 197 219 145 192 130 199 53 95 127 204 30 244 56 276 191 161 142 168 226 183 168 159 92 58 21 207 125 157 106 227 156 119 205 77 120 227 114 160 82 175 48 151 82 128 30 146 33 61 221 150 191 119 225 225 100 150 228 166 205 203 128 239 230 235 60
101 110 153 37 113 80 101 75 163 170 145 131 80 103 154 111 54 126 44 115 105 170 50 202 106 89 72 90 157 99 162 115 58 98 87 119 51 91 74 141 169 76 123 124 92 145 84 76 117 90 72 143 7 97 95 58 69 47 134 69 107 149 148 143 52 89 145 80 133 119 70 164 151 152 50
44 152 181 122 186 98 129 39 72 258 198 83 139 70 244 97 115 218 49 84 170 188 111 215 46 9 26 8 187 109 244 182 145 189 172 88 111 144 77 76 257 63 132 163 80 62 78 98 149 100 163 225 98 177 182 61 137 139 113 26 116 240 163 60 135 31 143 39 162 46 45 73 161 148 108
103 249 49 127 123 60 236 107 172 213 95 80 86 75 215 47 194 208 126 64 243 46 190 71 104 151 153 136 55 42 181 109 139 203 213 61 97 77 194 105 211 186 17 263 207 137 201 64 254 52 185 170 145 133 216 97 208 163 40 127 33 219 23 137 127 170 9 105 41 117 168 171 18 14 189
99 100 164 51 127 88 89 73 155 183 158 132 94 105 165 116 46 136 40 118 100 181 42 213 103 80 62 83 169 107 175 128 71 105 90 122 63 104 60 139 181 62 132 114 78 140 70 84 106 97 79 156 17 111 99 60 64 57 139 63 115 159 158 139 66 78 153 78 145 115 57 157 161 160 40
35 219 131 139 175 74 200 57 88 262 167 6 126 27 256 43 172 238 91 24 228 130 168 150 32 87 98 71 137 69 237 165 160 219 214 25 113 124 149 22 260 137 80 232 156 53 152 78 219 67 195 222 135 176 222 70 192 170 45 75 70 255 107 53 147 109 80 52 117 37 117 87 102 83 165
125 176 91 41 45 61 172 107 202 128 72 135 13 109 122 98 121 110 96 113 158 112 119 144 129 142 131 136 93 72 105 42 42 104 119 114 29 25 147 155 125 147 84 190 165 174 157 57 186 69 89 88 75 41 121 82 128 71 115 115 76 123 96 173 33 151 107 109 74 146 137 202 102 113 119
249 209 188 132 96 189 221 227 322 17 138 262 138 236 12 225 176 47 205 241 171 211 177 236 253 252 236 250 187 199 52 109 108 85 121 242 150 144 226 282 18 234 206 219 244 298 236 185 224 197 105 51 159 88 112 202 166 120 241 228 202 25 206 296 120 253 227 230 181 270 232 323 215 232 179
167 144 147 47 64 115 149 143 237 93 113 186 74 158 76 153 99 53 119 165 116 170 98 201 171 166 150 165 149 130 90 74 24 44 68 167 72 84 144 202 92 150 144 157 162 215 154 110 158 125 38 71 73 42 66 119 96 37 172 143 135 73 156 213 37 167 168 147 133 187 147 238 163 174 100
164 307 54 178 148 120 296 169 227 231 102 135 129 136 240 109 251 241 188 123 297 31 248 12 164 213 215 198 53 103 194 134 184 244 261 120 150 118 256 158 228 248 77 321 269 192 263 124 313 113 232 189 202 165 263 159 264 212 95 189 95 247 50 192 174 233 62 167 68 176 231 225 47 58 247
87 124 142 40 112 65 112 61 152 177 138 115 73 87 162 95 69 136 33 99 121 157 65 189 91 81 66 79 146 84 165 111 64 111 102 102 42 83 79 126 175 78 109 138 96 132 89 61 129 75 85 146 23 99 110 42 85 60 118 57 92 158 134 130 54 85 130 65 121 105 68 153 137 137 63
225 189 172 107 78 166 200 202 297 34 125 239 116 213 17 203 153 30 180 218 153 195 153 223 229 227 211 226 172 177 51 92 83 65 102 219 126 123 203 258 33 210 186 200 220 273 213 162 204 175 83 41 134 66 94 178 144 96 220 204 181 22 188 272 95 228 207 206 163 245 208 298 197 213 156
51 179 104 78 118 20 164 39 129 202 122 63 68 35 194 37 125 176 53 43 178 113 121 143 54 83 81 71 110 33 180 111 99 158 157 46 51 70 120 80 200 113 59 192 133 99 127 21 182 23 135 163 81 116 164 23 142 110 60 56 41 194 89 98 85 100 76 40 85 72 95 129 89 83 119
100 181 80 51 69 34 173 84 178 155 79 107 19 82 150 70 125 136 81 85 170 98 122 131 104 124 116 115 85 45 131 62 63 127 136 86 23 23 141 128 153 138 60 196 157 149 150 30 189 42 109 115 76 68 140 60 137 87 88 96 50 151 78 147 51 136 84 86 61 121 125 178 83 90 122
49 147 139 74 135 54 130 22 116 210 149 80 88 53 197 70 96 173 17 67 152 149 92 179 53 53 46 46 144 69 193 131 98 149 140 71 60 94 84 88 208 76 95 160 97 94 91 52 149 59 123 175 60 126 148 13 116 98 91 25 78 194 125 92 86 66 112 27 119 67 59 117 125 118 90
43 228 129 144 177 77 208 65 93 265 166 4 129 32 259 43 180 243 99 25 236 126 176 145 41 96 106 79 135 70 239 167 165 225 221 25 118 126 158 24 263 145 78 240 165 58 161 81 228 69 201 225 142 179 229 77 200 176 41 83 70 260 104 58 152 118 76 60 116 45 126 91 98 78 173
157 35 249 128 202 170 9 136 180 235 240 196 176 174 211 192 50 177 106 188 69 264 52 296 160 111 96 125 253 188 239 207 141 139 104 193 147 187 43 194 234 58 214 43 46 181 44 167 29 178 119 220 94 183 115 135 58 112 214 117 197 201 241 179 141 92 233 140 229 165 76 183 243 240 50
236 196 181 119 87 178 208 214 308 26 132 251 127 224 6 214 163 35 191 229 159 204 163 231 240 238 222 237 180 188 52 101 95 72 109 230 138 133 213 269 26 220 196 207 230 285 223 173 212 186 92 46 145 77 100 189 153 106 231 215 192 17 198 283 106 239 217 217 173 257 219 309 206 223 166
90 100 202 106 181 117 77 71 117 238 206 129 141 109 220 131 69 189 48 124 121 213 66 244 93 43 27 56 207 133 231 180 127 156 132 128 110 150 25 126 237 13 159 111 33 113 28 115 97 123 130 212 73 166 143 77 90 111 151 50 142 213 189 111 121 28 176 75 182 96 7 119 189 182 63
185 235 81 105 32 115 235 170 263 100 29 183 68 163 110 142 184 119 164 161 210 103 182 127 188 210 200 201 79 116 63 27 93 134 163 161 98 64 216 207 97 216 112 249 233 232 225 113 247 119 133 58 141 54 160 146 186 125 152 181 115 119 103 231 92 220 128 172 79 205 206 262 112 132 183
52 229 109 134 160 62 211 67 112 250 147 19 113 29 245 26 178 230 98 15 233 106 174 126 51 105 112 89 114 52 222 149 154 215 214 11 106 109 162 44 247 151 58 241 171 77 166 67 230 54 192 208 136 163 221 73 197 167 21 87 52 246 84 77 140 126 56 63 96 60 131 110 78 59 172
244 216 176 130 85 182 227 223 318 7 125 255 130 230 23 218 180 56 203 234 179 198 180 223 248 250 235 248 174 191 37 98 106 92 129 235 145 135 229 276 6 235 196 227 247 293 239 178 231 190 110 38 159 80 120 198 171 122 233 226 194 37 195 292 116 253 216 226 170 265 233 319 203 221 183
32 218 143 145 185 83 197 57 76 271 178 17 135 34 263 55 172 244 91 35 228 142 168 162 28 81 93 65 149 80 247 176 167 224 218 36 120 134 145 11 269 132 92 230 151 41 148 87 217 77 200 231 138 184 226 74 193 174 57 73 82 263 119 41 154 103 92 52 129 28 113 74 114 95 165
176 150 151 57 64 124 156 153 247 84 114 195 80 167 67 161 106 44 129 174 119 174 106 205 180 176 160 175 152 137 83 75 34 41 69 176 81 90 153 212 82 159 151 162 171 224 163 119 163 133 41 64 83 42 66 129 102 46 180 153 143 63 161 223 47 177 174 157 137 196 156 248 168 180 108
185 244 73 112 41 115 243 172 263 110 20 181 71 162 121 140 192 130 168 159 220 94 189 117 187 212 203 203 70 114 72 34 102 145 173 159 102 65 221 205 107 221 108 258 239 231 231 113 255 118 143 69 148 63 171 148 195 134 148 184 113 130 96 230 100 223 122 173 73 204 210 262 105 126 190
28 169 131 91 143 48 151 11 103 224 150 57 94 31 213 51 119 192 39 45 175 139 115 167 32 56 57 43 137 59 204 137 115 169 162 49 71 97 103 66 221 93 83 182 113 77 108 49 170 50 144 187 82 138 170 19 139 119 71 31 66 211 114 75 102 74 97 11 112 48 74 103 112 102 113
76 205 219 184 243 145 179 91 10 320 247 95 193 101 307 128 176 281 112 110 228 219 172 240 73 68 87 66 225 149 303 236 208 253 235 112 170 196 129 72 318 114 167 213 125 38 126 147 198 144 227 285 162 236 246 116 197 203 135 88 154 303 196 38 197 80 170 89 203 57 101 14 191 173 169
171 102 184 61 108 135 111 145 231 123 156 197 106 169 100 171 65 66 114 179 72 206 65 238 175 156 137 159 187 152 130 117 52 30 25 182 92 118 117 209 123 126 172 114 134 215 126 130 116 145 7 112 63 86 28 125 55 26 193 138 159 91 188 213 62 151 195 149 167 188 129 233 194 202 68
52 134 161 87 154 76 115 29 105 224 171 90 109 67 209 88 89 183 14 82 145 171 85 201 56 34 24 32 166 91 210 151 111 155 141 86 79 115 66 92 222 56 116 147 77 89 71 75 135 81 129 192 64 144 150 35 110 105 108 12 99 205 146 87 101 44 132 33 141 65 38 107 146 138 82
62 158 204 145 211 122 133 63 57 282 223 98 164 90 267 118 129 239 72 103 181 210 125 236 63 24 41 31 210 132 268 207 169 209 189 107 136 169 82 84 280 67 154 167 80 60 80 123 152 124 182 250 119 201 199 86 150 160 132 51 139 262 185 59 159 32 164 63 186 56 54 60 183 169 122
121 219 42 87 67 53 212 112 198 158 50 115 37 97 159 74 164 154 116 93 206 62 160 95 123 155 150 144 46 48 127 54 92 153 168 93 61 25 179 139 155 175 44 234 195 166 188 52 228 53 139 115 114 78 170 91 174 120 83 127 47 164 47 165 82 170 64 112 24 140 160 198 54 69 160
86 255 87 148 157 74 239 98 143 248 133 51 115 60 248 40 203 237 126 46 256 79 199 95 85 138 144 122 93 57 217 145 164 227 232 41 117 109 192 74 246 182 47 269 202 108 197 79 258 64 207 206 157 165 237 98 220 183 18 119 51 250 61 108 151 159 31 95 80 94 163 141 53 31 197
205 109 211 94 126 168 124 179 264 116 177 232 135 204 89 205 88 54 147 214 70 233 90 265 209 188 169 192 213 185 132 138 80 22 24 216 125 147 142 244 116 153 203 119 158 249 151 163 125 178 35 117 97 105 13 160 71 60 226 172 192 77 218 247 92 181 227 184 196 223 159 266 224 233 93
187 29 246 117 181 179 49 162 225 194 226 223 168 197 168 209 47 133 128 210 14 265 51 298 191 151 132 161 250 198 205 189 120 96 59 214 144 180 87 226 194 102 221 39 97 220 92 174 45 188 83 187 93 160 68 152 30 89 231 147 206 157 244 218 125 136 244 167 227 199 115 228 248 250 53
156 35 227 102 173 154 33 131 193 201 213 193 152 167 177 182 21 142 98 181 45 245 25 277 160 118 100 129 231 173 206 178 111 105 71 185 124 163 56 195 200 70 198 49 67 188 62 150 43 163 85 187 71 153 82 124 23 80 204 115 181 167 223 186 112 104 219 136 208 168 83 196 226 226 26
64 229 90 125 144 51 213 73 130 234 128 38 98 36 231 15 177 218 100 23 230 88 173 111 63 115 120 99 96 37 206 133 143 205 208 19 95 94 166 63 232 156 39 243 177 95 172 56 232 41 184 192 132 149 214 72 194 159 8 94 35 233 65 95 130 135 39 70 77 75 137 128 60 43 171
69 141 205 135 204 121 116 63 74 271 220 107 158 95 255 122 112 226 63 109 164 212 109 240 70 18 29 33 211 133 259 201 158 195 174 113 129 165 65 96 270 50 157 150 63 76 63 121 135 124 169 241 106 193 184 82 134 147 138 46 140 249 187 74 149 16 168 64 186 67 38 77 186 173 106
163 250 38 115 62 95 246 154 240 143 15 153 65 138 152 113 195 156 157 133 231 60 192 85 165 197 191 186 36 89 107 49 112 165 188 132 96 55 217 178 140 214 77 264 234 207 226 94 260 95 157 101 148 82 187 133 202 143 118 169 86 159 62 206 106 211 89 155 40 182 201 239 70 92 193
113 205 57 73 64 43 197 101 191 155 59 111 25 90 154 71 149 146 103 89 192 76 146 108 115 143 137 133 61 44 126 53 80 142 156 89 46 15 165 134 153 161 48 219 181 159 174 41 213 46 127 113 100 72 158 79 160 107 84 115 45 157 58 158 69 157 70 102 38 132 147 190 64 76 146
220 171 180 100 86 165 183 196 290 51 135 237 118 210 27 202 138 12 171 216 134 203 138 232 224 218 201 217 180 178 70 100 77 47 84 218 123 126 189 254 51 197 188 182 206 268 199 160 187 174 67 57 123 70 75 172 127 83 220 196 182 20 194 266 90 217 211 200 169 240 196 291 202 217 141
160 156 131 43 49 104 159 137 232 94 98 176 59 148 82 141 108 64 116 155 130 154 106 185 163 164 149 161 133 117 84 59 20 60 83 156 62 69 148 193 92 153 130 169 167 208 159 99 169 113 52 65 75 27 82 112 107 46 160 139 122 80 140 206 30 167 153 141 117 180 148 233 147 159 108
101 230 44 105 100 44 219 99 176 191 78 87 62 74 191 47 174 184 113 67 222 52 171 83 103 144 142 130 50 29 160 87 116 179 190 65 75 53 180 112 188 173 11 244 194 142 187 47 236 38 162 148 125 109 193 84 188 140 52 117 22 195 28 141 104 161 32 98 28 118 156 174 31 38 170
73 114 186 99 171 102 92 54 109 234 193 113 129 92 217 114 76 188 34 107 131 197 73 227 77 32 13 42 192 117 224 169 121 156 136 111 98 137 41 111 232 30 143 125 50 101 45 100 112 107 130 205 68 158 146 61 98 108 134 34 125 211 173 99 113 26 159 58 166 82 11 111 173 165 69
183 206 108 84 16 117 208 165 260 76 61 189 64 166 79 150 157 84 152 167 178 131 155 158 187 199 187 193 107 123 47 29 66 99 129 168 87 66 195 211 73 197 126 219 213 232 205 113 218 123 100 33 119 24 126 140 157 96 164 172 125 86 125 231 69 206 146 168 100 204 189 260 134 151 157
152 280 21 149 115 98 271 153 222 200 71 130 99 124 207 96 224 209 167 114 268 5 221 33 153 198 197 184 21 83 163 101 153 212 230 111 122 87 234 155 197 228 59 294 248 187 242 101 288 93 201 157 175 132 232 139 236 182 89 172 76 214 28 187 144 216 54 152 38 167 211 221 32 53 220
54 231 110 137 163 65 213 70 112 252 148 19 115 32 248 28 181 233 101 18 236 106 177 126 52 107 115 90 116 55 225 152 157 218 217 14 108 112 164 44 250 153 60 244 173 77 169 70 233 56 195 211 139 166 224 75 200 170 21 90 54 249 84 77 143 128 57 66 97 61 134 110 79 59 175
102 84 199 93 169 117 64 80 137 222 199 141 134 118 202 137 49 171 50 132 101 213 46 244 105 61 43 72 204 135 217 170 113 136 111 136 102 143 19 140 220 21 161 96 36 131 28 115 84 125 111 197 58 153 122 80 70 93 158 61 143 195 189 129 108 48 179 84 179 112 26 139 190 185 42
168 90 191 65 118 137 99 141 225 135 165 196 113 168 111 172 54 77 109 179 61 212 55 244 172 149 131 154 194 155 142 126 59 40 21 182 95 125 107 207 134 117 175 103 123 211 116 132 104 147 19 123 59 96 29 123 43 30 194 134 162 102 194 209 68 143 199 146 173 185 121 227 199 205 58
70 242 96 140 157 66 225 84 129 248 138 36 112 45 245 29 191 233 113 30 244 90 186 109 69 123 129 107 102 52 218 145 158 220 223 26 110 107 178 60 245 167 49 256 187 94 183 71 245 56 199 205 147 163 229 85 208 174 9 104 48 247 70 94 145 144 41 80 85 78 148 127 63 42 184
109 136 126 10 81 66 131 85 180 146 113 130 50 102 133 102 81 111 64 111 123 145 78 177 113 112 98 108 130 83 133 82 34 90 92 114 24 61 106 145 145 107 104 150 124 157 116 61 145 76 68 114 33 67 98 62 91 43 123 87 91 130 125 155 23 116 127 89 107 129 99 181 129 134 78
133 251 12 120 92 73 243 130 207 180 56 117 70 106 185 79 195 184 141 98 239 29 192 62 135 175 172 162 18 60 145 78 125 185 202 96 93 58 207 142 177 201 41 266 222 173 215 74 259 69 172 137 146 107 203 113 207 153 79 148 54 191 20 172 115 192 48 129 9 150 185 206 29 51 192
203 209 128 97 38 138 215 184 279 54 79 211 85 186 60 172 164 71 168 189 178 151 163 177 207 216 203 211 127 145 28 50 76 94 128 189 105 88 206 232 51 210 148 222 224 252 216 134 223 144 101 11 131 39 123 159 161 102 186 190 147 68 147 251 83 222 168 187 121 224 204 280 155 173 165
73 219 73 106 120 33 205 74 146 211 106 58 75 45 208 18 165 196 94 38 217 76 161 104 74 119 120 104 79 15 182 109 122 185 190 36 75 70 162 83 208 154 21 233 174 112 169 37 224 22 165 168 118 125 195 65 181 141 28 94 11 210 51 112 109 138 35 72 57 89 136 145 49 41 160
139 177 96 44 34 75 175 119 215 114 69 148 25 123 109 111 124 98 107 126 157 118 121 150 142 154 142 148 98 85 92 35 37 96 114 128 41 33 154 168 112 155 95 191 172 187 164 71 188 83 84 75 80 27 115 94 129 69 128 127 89 111 104 186 32 162 118 122 81 159 146 215 111 124 122
179 222 87 93 18 110 223 163 257 93 38 180 60 159 100 140 171 107 155 158 197 110 169 136 182 201 191 193 86 113 59 17 80 121 149 158 89 58 204 203 90 205 112 236 222 227 214 107 234 115 119 50 129 40 147 139 173 112 151 173 114 108 107 226 80 210 130 165 82 199 195 257 116 135 170
198 201 129 90 36 134 207 178 274 56 81 207 81 182 58 168 156 66 162 185 171 152 155 179 202 210 196 205 128 142 35 49 69 87 120 186 99 85 198 228 53 202 146 214 216 247 208 130 215 141 93 16 124 33 115 153 153 94 183 183 144 65 146 245 76 215 167 181 121 219 196 274 155 172 157
170 296 34 163 123 116 287 170 239 203 74 146 112 142 213 113 240 217 184 131 282 21 236 24 170 215 214 201 31 101 165 109 166 223 243 128 137 100 251 171 200 245 76 310 265 204 258 118 303 110 213 161 190 142 244 156 250 195 106 189 93 220 46 204 157 233 70 169 53 184 228 237 49 68 236
115 74 217 109 185 135 51 95 141 233 216 155 151 133 212 153 52 180 67 148 98 231 50 262 119 70 53 83 222 152 230 187 127 144 116 152 120 161 3 152 232 17 178 84 21 140 13 132 71 142 120 211 73 168 127 97 71 105 174 75 161 204 207 138 123 52 196 99 197 123 34 144 208 203 46
110 189 73 56 60 42 182 95 188 148 68 114 12 91 145 76 133 134 92 92 176 92 130 125 113 135 127 126 77 49 122 52 64 127 140 93 31 12 151 136 146 149 60 203 168 158 160 38 198 48 111 107 84 62 142 71 144 90 92 107 53 147 74 157 53 147 83 97 54 130 136 188 80 89 130
194 60 233 105 160 174 79 168 241 164 208 227 155 199 138 208 57 103 134 212 21 254 60 286 198 165 146 173 236 193 178 169 103 67 30 215 135 167 108 234 164 121 215 69 120 232 115 170 76 184 59 161 90 138 38 154 35 72 230 156 201 126 235 230 110 153 238 173 216 209 131 244 240 244 64
149 281 25 150 120 97 271 150 218 205 76 125 101 121 212 93 225 213 166 110 269 2 221 31 150 195 195 181 26 81 168 106 156 216 232 107 122 89 233 150 202 226 56 295 247 183 240 100 288 91 203 162 175 136 234 137 237 184 85 170 73 219 26 183 146 213 49 149 40 163 209 216 28 48 221
105 82 204 97 173 122 60 83 138 224 203 144 138 121 204 141 49 173 54 136 100 218 46 249 109 63 45 75 209 139 220 174 116 138 112 140 107 148 15 143 223 19 165 93 32 133 24 119 80 129 113 201 62 157 123 84 70 96 162 64 148 197 194 131 111 49 183 88 184 114 27 140 195 190 42
96 94 206 108 183 123 71 77 122 238 210 136 145 116 219 137 66 188 54 130 116 219 63 249 99 49 34 63 212 139 232 183 128 154 129 135 113 154 19 133 237 7 165 105 27 120 22 120 91 129 128 213 73 168 140 83 86 110 158 57 147 212 194 118 122 33 182 81 186 103 14 125 195 188 59
172 98 189 65 113 138 107 146 232 127 161 200 111 172 103 174 62 69 115 182 67 210 63 242 177 156 138 160 191 156 134 122 57 32 21 185 96 123 115 211 126 125 176 110 132 216 125 134 112 149 12 116 64 91 25 127 51 30 196 139 163 93 193 214 66 150 199 151 172 190 128 234 199 206 66
73 204 216 182 240 142 179 89 10 318 244 92 191 98 305 125 175 280 110 107 228 216 171 237 71 67 86 64 222 147 300 234 206 251 234 109 167 194 129 69 316 114 164 213 125 35 126 145 198 141 225 283 160 234 244 114 196 201 132 86 151 301 193 35 195 79 167 86 200 54 100 13 188 170 168
218 222 136 113 51 152 228 199 295 44 85 225 100 201 57 185 178 76 184 203 190 159 177 183 222 232 218 227 135 158 13 62 92 103 139 203 121 102 221 246 41 225 161 234 239 267 231 149 236 159 113 8 147 54 132 174 174 116 199 205 160 68 156 266 98 237 180 202 132 239 219 295 165 184 179
43 185 106 88 128 27 169 36 121 213 128 52 78 25 205 30 133 187 57 33 187 114 129 142 46 81 81 67 112 34 190 120 109 169 167 36 62 79 124 70 210 115 58 198 136 90 130 29 188 26 146 173 89 126 174 27 151 120 52 55 41 204 89 89 96 99 73 35 88 63 97 120 88 79 127
136 50 223 104 179 144 32 113 167 218 215 174 151 150 195 168 31 162 81 165 72 238 31 270 139 94 76 106 227 163 219 183 118 125 94 169 121 162 29 174 217 43 188 62 41 164 35 141 51 153 102 200 69 161 105 110 47 91 189 95 171 186 215 162 117 78 208 117 203 146 58 170 217 215 28
208 38 264 135 194 199 63 183 245 198 241 244 185 218 171 229 68 137 149 231 16 283 72 316 212 171 153 182 267 217 213 203 135 101 65 235 163 197 107 248 198 121 241 41 115 241 111 194 52 208 93 196 113 172 72 173 50 103 252 168 226 159 263 239 141 156 263 188 245 220 136 248 267 270 75
80 249 87 142 153 67 232 92 140 244 131 47 110 54 243 34 196 232 120 40 249 80 192 98 79 132 138 116 92 51 214 141 158 221 225 36 111 104 186 71 241 175 43 262 196 105 191 72 252 57 201 201 151 160 231 91 213 176 11 113 46 245 60 105 145 153 31 89 78 89 156 138 53 32 190
113 231 34 102 88 51 222 108 189 179 64 101 55 87 181 61 175 175 119 81 221 48 172 81 115 153 150 140 40 39 147 75 110 172 186 79 73 45 185 126 176 179 25 245 200 155 193 52 238 47 157 136 126 99 188 91 187 136 66 126 34 185 28 154 99 170 43 108 15 131 163 188 34 48 171
235 219 160 123 72 171 228 214 310 20 109 244 118 219 36 205 180 63 196 222 184 183 180 207 238 244 229 240 159 179 21 84 100 97 133 223 136 122 227 265 17 232 182 231 245 284 237 167 234 178 111 23 155 69 126 189 173 120 220 218 181 49 180 282 109 247 202 217 155 255 228 310 188 207 182
121 71 225 116 192 143 46 101 144 239 223 161 158 140 218 161 55 185 75 155 98 239 54 270 124 74 59 88 230 160 237 194 134 149 119 159 127 168 7 158 238 20 186 80 15 144 9 140 66 150 124 217 80 175 130 104 73 110 181 82 168 209 214 142 130 55 204 105 205 128 39 146 216 210 50
81 137 217 142 213 133 111 75 78 278 231 119 168 107 261 134 113 231 72 121 163 224 110 252 82 30 37 45 222 145 267 210 165 199 176 125 139 175 62 107 276 48 169 145 57 85 58 132 130 136 173 248 112 201 187 93 134 152 150 57 152 255 199 83 157 18 180 76 198 78 40 81 198 186 106
140 127 144 22 77 96 128 116 208 122 120 163 66 134 106 133 76 80 90 143 106 165 75 197 144 137 121 136 147 113 116 83 15 59 66 146 52 78 116 177 121 121 131 141 135 187 127 91 139 106 38 97 44 57 69 93 78 18 154 114 119 101 148 186 21 138 154 120 127 160 118 209 153 161 76
158 285 24 153 116 104 276 159 228 199 70 135 102 130 208 102 229 210 173 120 272 10 225 30 159 204 203 189 22 89 162 102 156 215 233 117 126 90 239 160 196 233 65 299 254 193 247 106 292 98 204 157 179 134 235 144 240 185 95 177 81 215 34 193 147 221 60 157 42 173 217 227 38 59 225
195 42 245 117 176 182 63 169 236 183 222 229 167 203 157 213 54 122 135 216 3 265 58 298 198 161 142 170 249 200 196 184 117 86 49 219 145 179 99 234 183 114 223 50 110 230 105 177 58 192 76 179 96 154 57 158 34 85 236 155 208 145 245 228 123 147 246 174 227 208 126 239 250 253 61
60 153 121 59 115 37 139 38 133 192 129 83 68 55 181 63 100 160 32 66 153 133 96 164 64 74 66 66 126 55 174 110 83 138 134 70 41 74 98 96 190 92 81 167 113 108 106 35 158 45 114 156 56 108 141 13 117 89 85 46 64 179 109 107 70 86 101 41 101 80 77 134 111 107 94
159 67 203 74 137 139 73 133 210 160 182 192 124 164 137 172 30 102 99 176 46 222 32 255 163 134 115 140 206 158 166 145 76 65 35 180 102 136 84 199 160 96 181 80 100 199 93 135 80 149 44 148 55 116 46 119 18 44 195 122 166 127 202 197 81 125 203 138 184 175 102 212 207 210 35
128 94 169 41 114 104 91 102 187 156 153 158 92 130 137 137 40 106 70 142 81 188 37 220 132 111 93 114 173 122 154 118 52 74 60 145 67 104 80 168 155 86 145 108 98 171 90 99 104 114 48 134 20 95 68 85 47 28 159 94 130 130 167 169 52 108 168 107 150 145 86 188 171 174 39
217 163 184 98 90 165 176 193 286 59 140 236 119 208 34 202 131 4 167 215 126 207 132 236 221 214 197 214 184 178 78 104 75 39 76 217 122 127 183 253 59 191 190 174 200 265 192 160 179 174 60 64 119 73 67 170 120 78 221 192 182 25 197 263 88 212 212 197 172 237 191 287 204 218 135
258 230 183 144 95 194 242 236 332 8 131 267 142 242 35 229 195 69 217 245 193 205 195 228 261 265 250 262 181 202 39 108 120 106 143 246 158 145 244 288 9 250 206 241 262 306 254 190 246 201 125 47 174 92 134 211 186 136 243 240 204 48 203 305 130 267 226 240 178 278 247 333 212 230 198
101 227 45 102 97 42 216 97 175 189 77 87 59 74 189 48 171 181 110 67 219 55 168 86 102 142 140 129 51 27 158 85 113 176 186 66 72 50 177 112 186 171 13 241 191 142 185 44 233 36 159 146 122 107 190 82 185 137 53 115 21 192 31 141 101 159 35 97 28 118 154 174 34 41 167
106 86 215 113 188 132 62 87 129 241 217 146 152 126 221 147 62 189 63 140 110 228 60 258 109 58 43 72 220 148 236 189 132 154 127 145 120 161 10 142 239 5 174 96 18 128 12 129 82 138 128 217 77 173 138 92 82 112 168 67 156 213 203 126 127 40 191 91 195 113 24 132 204 197 57
204 84 228 103 148 176 102 177 256 143 197 234 150 206 116 211 73 82 144 217 43 249 76 281 208 180 161 186 230 194 159 158 95 48 18 221 134 162 127 243 143 140 214 92 141 244 135 171 100 186 48 143 96 126 19 161 53 68 233 167 201 104 232 243 105 170 237 182 211 220 148 258 237 244 80
59 170 106 67 111 21 156 42 136 193 119 74 61 46 184 48 116 165 48 54 168 117 112 148 62 84 79 74 111 38 172 104 88 147 146 57 41 65 115 90 191 108 64 184 129 108 122 19 175 28 124 155 70 107 153 20 133 99 70 56 47 183 93 106 75 99 84 44 86 79 92 136 94 90 110
88 160 103 39 85 35 150 67 163 164 102 103 38 76 154 72 104 136 58 83 151 120 100 152 91 103 94 96 108 53 144 80 59 120 123 85 11 46 117 120 161 114 75 174 133 137 126 30 167 45 98 127 55 78 128 42 117 74 93 76 60 153 98 135 45 114 98 70 83 108 101 163 101 104 100
183 192 121 76 26 119 196 163 259 70 76 192 67 167 68 154 144 68 147 171 163 144 143 172 187 195 181 190 121 128 50 40 55 83 113 172 85 72 185 213 67 189 134 205 203 232 195 115 205 127 85 31 110 18 110 138 143 83 170 168 131 73 136 231 61 200 155 166 111 204 182 259 144 161 145
29 214 133 135 173 72 194 51 86 260 167 11 124 23 253 43 167 234 85 24 222 132 162 154 26 81 92 65 139 69 236 164 157 215 210 26 110 123 143 23 258 131 81 226 150 51 146 75 214 66 191 220 130 173 218 65 187 165 48 69 71 252 109 51 144 103 83 47 118 33 111 84 104 86 160
63 139 135 59 122 52 125 38 131 195 141 92 78 64 182 76 87 158 19 77 141 148 82 179 67 65 54 60 141 70 180 119 83 134 126 81 48 85 83 102 193 78 96 153 98 109 91 50 143 60 108 161 46 113 134 19 105 83 98 38 79 179 124 108 72 74 115 42 115 82 63 132 126 122 81
82 104 185 89 163 101 84 60 122 223 188 121 123 98 205 118 63 175 32 113 118 197 60 228 86 45 26 54 190 118 214 162 111 143 122 117 92 132 35 121 221 28 144 116 49 113 42 99 103 108 117 195 56 149 133 62 85 96 139 41 126 199 173 111 103 38 161 64 165 93 17 124 174 167 56
175 21 243 115 183 172 35 151 211 203 226 212 166 187 177 200 38 142 117 200 29 261 42 294 179 137 119 148 247 191 211 190 121 105 68 204 140 178 72 215 202 87 215 34 81 207 77 168 35 181 88 193 87 162 79 143 28 90 223 135 199 167 240 205 125 122 237 156 223 187 101 214 243 244 44
170 79 201 73 129 143 88 143 224 145 176 200 122 172 121 178 46 86 110 184 50 221 48 254 174 148 129 153 203 162 153 138 70 49 19 187 103 134 101 209 145 112 183 91 117 211 110 139 93 154 30 135 62 107 30 127 33 39 200 134 169 111 202 209 77 140 206 148 183 186 117 226 208 213 52
89 121 218 134 207 133 95 78 94 268 228 128 164 113 250 139 98 220 68 128 147 227 95 256 91 35 33 52 223 147 259 205 156 186 162 132 134 172 46 119 267 32 171 129 41 99 42 132 114 137 160 240 102 194 173 93 119 141 157 58 154 243 202 97 149 14 185 80 198 89 28 97 201 191 92
193 36 248 119 180 182 57 168 233 189 226 228 170 202 163 213 53 128 134 215 6 267 57 300 197 158 140 168 251 201 202 188 120 91 54 219 147 182 95 233 189 110 225 44 105 227 101 178 52 192 80 184 97 158 63 158 34 88 236 153 209 151 247 225 126 144 247 173 229 206 123 236 251 254 59
99 239 48 117 114 51 227 100 171 205 89 79 76 71 206 43 184 198 118 62 233 50 180 78 100 145 145 130 54 33 173 101 129 192 202 59 87 67 186 105 202 178 7 253 199 136 193 55 245 43 175 162 135 123 206 89 198 152 41 120 24 209 25 136 117 164 18 99 36 114 161 169 23 24 179
25 168 166 121 180 86 146 28 69 257 187 64 131 52 244 80 127 220 52 65 183 171 123 197 26 29 42 13 172 94 239 174 145 194 180 69 106 135 94 57 255 81 116 179 99 50 96 87 166 86 168 222 103 173 190 53 149 143 94 28 100 241 147 48 134 51 126 26 148 28 62 69 144 130 120
115 274 65 155 149 86 260 124 175 239 116 83 114 88 242 62 219 236 148 74 270 51 215 63 114 166 170 150 70 67 205 135 168 231 240 70 125 105 215 106 236 206 45 287 227 140 221 90 278 76 213 196 171 160 245 118 235 191 45 144 59 246 40 140 156 187 21 121 65 125 187 173 31 15 214
199 138 182 80 93 151 149 174 265 84 144 220 111 192 60 189 105 26 146 200 102 205 106 236 203 191 173 192 184 166 97 106 60 15 51 203 108 121 157 235 84 166 181 149 174 245 166 147 153 161 34 81 96 72 44 151 94 55 209 171 172 51 192 244 73 188 205 178 169 218 167 266 199 211 109
195 135 181 76 92 148 146 169 261 88 143 217 108 189 64 186 101 30 142 197 100 203 102 234 199 187 169 188 182 163 99 105 56 13 49 199 104 118 153 232 87 161 178 146 170 241 162 143 150 158 30 82 92 71 42 147 90 50 206 166 169 55 190 239 69 184 202 174 166 214 162 262 197 208 105
120 148 117 13 65 68 144 98 193 132 99 138 39 110 121 106 93 101 79 117 131 137 90 170 124 127 113 123 120 84 118 67 24 86 95 120 24 51 122 155 130 123 102 162 140 169 132 63 157 78 67 99 48 51 98 73 100 45 126 101 90 119 119 167 10 132 125 101 99 141 115 194 124 132 91
132 240 22 107 78 67 232 126 208 167 46 120 57 106 171 80 184 170 134 100 226 43 181 75 134 170 167 158 26 58 133 64 111 171 188 98 81 45 198 145 164 194 44 254 214 174 206 68 248 65 158 124 135 93 190 107 194 140 84 143 53 177 33 174 102 186 57 126 8 150 178 207 41 61 181
151 50 212 85 155 142 51 126 195 184 196 187 136 160 160 172 11 126 92 173 45 231 15 263 155 119 100 128 216 161 188 161 93 88 56 177 110 148 63 191 183 76 185 64 78 187 71 138 61 152 67 169 57 135 68 116 11 62 194 112 169 151 209 185 95 108 207 131 193 165 85 198 213 214 18
19 191 126 110 153 52 172 28 96 238 153 34 103 11 229 38 142 209 61 25 197 130 138 156 21 68 74 52 132 55 215 145 132 189 184 30 86 104 123 46 235 111 75 203 132 65 127 55 191 49 165 199 104 151 191 39 161 139 54 48 60 228 105 64 119 88 84 24 109 38 92 95 103 89 135
200 152 173 80 81 148 162 175 268 71 132 219 104 191 49 186 116 20 150 198 117 196 116 225 204 196 179 196 173 162 82 94 57 30 66 200 105 113 166 235 71 174 175 164 184 247 176 143 167 157 45 66 101 61 59 152 107 61 205 174 167 42 184 246 71 195 198 180 160 219 174 269 191 204 119
85 240 68 125 132 53 226 91 153 223 110 60 90 57 222 30 186 212 114 45 237 65 182 89 85 134 137 119 74 34 192 119 140 203 210 42 95 83 181 86 220 172 21 254 193 118 188 58 244 43 184 180 139 139 215 84 202 161 21 111 27 225 42 118 127 154 17 89 57 98 154 151 37 22 180
143 54 208 82 154 136 50 117 186 187 194 178 132 152 165 165 2 131 83 165 54 226 6 258 147 110 91 119 212 155 190 159 92 94 64 169 105 144 55 183 187 67 179 68 71 178 64 132 63 145 71 171 52 135 75 108 20 63 187 103 163 156 204 176 93 98 201 122 188 156 76 189 207 207 9
64 156 205 145 211 123 131 64 59 281 224 100 164 92 266 120 127 238 72 105 179 211 124 237 64 24 40 32 211 133 268 207 168 208 188 109 136 170 80 86 280 65 156 165 78 63 78 124 150 125 181 249 118 201 198 86 148 159 134 51 140 261 186 61 158 31 166 64 187 58 52 61 184 170 120
205 181 155 89 61 146 189 183 278 49 110 219 96 193 37 183 141 36 161 198 147 178 140 207 209 209 194 207 155 157 52 75 65 60 96 199 107 103 188 238 47 194 166 193 206 254 198 142 195 155 72 35 117 47 89 158 134 81 200 185 161 39 170 252 76 211 188 186 145 226 191 279 178 193 143
153 121 156 36 83 110 125 127 219 117 129 176 79 148 98 147 74 69 100 157 96 178 73 210 157 146 129 146 159 127 115 91 24 45 53 159 66 90 119 190 116 126 145 134 137 199 129 105 134 120 24 96 51 62 55 106 72 12 168 125 133 92 161 197 34 145 168 132 140 172 124 220 167 175 75
254 227 180 140 92 191 238 233 328 5 129 264 139 239 32 226 192 66 213 242 190 203 192 226 258 261 246 258 178 199 37 105 117 103 140 243 155 142 240 285 5 247 203 238 258 303 250 187 242 198 121 44 170 89 131 208 183 133 240 236 201 46 200 301 127 264 223 236 175 274 244 329 209 227 194
114 221 41 90 76 47 212 106 191 167 58 106 42 89 168 65 165 162 113 85 209 59 162 92 116 150 146 138 46 40 136 64 97 159 173 84 62 31 177 130 165 173 35 235 193 158 186 47 228 46 144 124 116 86 176 87 176 124 74 122 38 172 40 157 86 165 55 106 21 133 157 190 47 61 161
69 215 208 183 238 138 190 88 11 318 239 82 188 92 306 118 183 282 114 98 237 207 179 227 66 74 93 68 214 141 299 231 207 255 240 101 166 190 139 58 316 124 156 224 137 24 137 141 209 136 229 282 164 233 250 113 204 205 122 89 144 303 184 24 195 89 158 85 193 49 109 9 179 160 176
139 273 25 144 118 88 263 140 208 205 77 115 95 111 211 82 217 210 157 100 263 10 214 39 140 185 185 171 28 72 169 104 150 211 227 97 115 84 224 140 202 217 46 287 238 173 231 91 280 81 198 162 168 134 229 127 229 178 75 160 64 217 16 173 140 204 40 139 35 153 200 206 18 39 213
159 121 161 42 84 116 126 134 225 113 132 182 83 154 93 153 76 64 106 163 94 182 76 214 163 151 134 152 163 132 113 93 28 39 49 165 72 95 123 196 112 130 150 134 141 205 133 111 135 126 19 94 57 63 51 112 73 16 174 131 139 87 166 204 39 150 174 138 144 178 129 226 172 180 78
85 220 60 99 106 31 207 83 160 197 91 73 63 58 195 33 164 185 99 52 214 67 161 97 87 128 127 114 66 13 168 95 113 177 184 51 69 57 166 98 195 159 13 234 180 127 173 35 225 23 158 155 116 113 189 69 179 135 42 102 6 198 42 126 101 146 35 82 43 102 142 159 42 42 159
197 47 245 116 174 183 68 172 240 179 221 232 167 205 153 215 57 118 138 218 6 265 61 298 201 165 146 174 248 201 193 183 116 82 46 221 145 179 103 237 179 118 224 55 114 233 110 178 63 193 73 176 97 152 53 160 36 84 237 158 209 141 245 231 122 151 247 177 227 211 130 243 250 254 64
48 178 107 79 121 23 163 36 126 205 125 61 71 33 197 38 125 178 51 42 178 116 121 145 51 80 78 68 112 35 183 114 101 160 158 45 54 73 119 78 203 111 61 191 131 97 125 24 181 26 137 166 81 118 165 21 142 111 60 53 43 196 91 95 87 97 78 36 88 69 93 126 91 84 119
37 182 182 144 202 105 158 50 46 280 207 68 153 65 267 93 145 242 74 76 200 185 141 209 36 38 56 28 188 111 262 195 168 215 201 79 129 156 106 52 277 91 131 192 107 32 106 107 178 105 189 244 124 195 210 75 167 165 104 49 117 264 161 30 156 58 138 48 165 25 74 47 158 142 138
52 139 180 111 178 96 116 39 85 248 194 92 132 75 232 100 101 205 38 90 156 189 97 217 55 10 12 17 186 108 234 174 134 176 158 94 103 138 64 87 246 51 133 150 69 76 66 95 136 99 149 216 85 168 168 56 122 126 118 20 116 228 164 74 125 25 146 41 161 58 32 87 162 152 94
116 208 54 75 63 47 201 105 194 154 55 114 26 93 153 74 152 146 107 92 195 73 149 106 119 147 141 137 57 47 124 51 81 143 157 92 50 15 169 137 151 165 49 222 185 163 177 45 216 49 128 111 103 71 160 83 163 109 86 119 47 157 57 162 71 161 70 106 35 136 151 194 63 76 149
35 160 174 122 183 93 137 34 69 258 194 74 136 62 245 89 121 219 50 76 176 180 117 207 37 19 33 4 180 102 242 178 146 192 176 80 109 140 85 67 256 71 125 171 89 55 87 93 157 94 165 224 100 176 186 57 143 141 105 25 109 241 156 53 135 41 135 33 156 37 53 70 153 140 114
18 179 131 102 151 52 161 17 96 233 154 45 101 21 223 46 131 203 50 36 187 137 127 163 22 59 63 44 137 59 212 144 125 181 174 40 81 103 112 54 231 101 81 192 121 67 116 54 180 52 156 195 94 147 182 31 151 131 64 37 65 222 112 66 113 79 92 13 113 39 81 96 110 98 124
25 211 144 140 182 80 191 51 75 267 177 20 132 31 259 54 166 240 85 34 222 143 162 165 22 75 87 59 150 78 244 173 162 219 212 37 116 132 139 16 265 126 92 223 145 40 142 83 210 75 194 228 132 181 220 69 186 169 59 66 81 258 120 40 149 97 94 46 129 23 107 73 115 97 159
57 187 202 161 221 125 162 69 30 298 227 83 172 84 284 112 155 259 89 94 209 204 152 227 55 47 66 43 208 131 281 215 185 230 213 97 148 176 111 64 296 96 150 196 109 34 109 127 181 124 204 263 140 214 224 94 177 181 121 65 136 281 180 33 174 61 156 67 185 41 81 32 176 159 148
95 93 181 74 149 100 77 70 141 204 179 132 114 107 186 123 46 156 37 121 102 195 42 227 99 64 46 71 186 118 198 150 94 123 102 125 82 123 39 135 203 40 144 106 56 131 48 97 95 108 97 178 39 134 113 65 67 77 145 55 127 179 172 129 88 58 163 75 161 108 36 143 173 170 39
136 50 219 99 173 141 35 112 170 212 210 174 146 149 189 166 25 155 80 164 68 235 25 267 139 96 78 107 223 160 213 177 112 119 88 168 117 157 33 175 211 47 185 63 47 166 40 138 53 150 96 194 64 155 99 108 41 85 188 95 168 180 212 164 111 81 206 117 199 147 60 173 214 212 22
99 257 66 141 141 70 243 107 162 232 114 69 103 71 233 45 203 225 131 58 254 58 199 76 98 149 153 134 72 51 200 128 155 218 226 54 110 95 198 93 230 189 32 271 210 127 204 74 261 60 200 189 156 151 231 101 219 177 29 127 43 237 40 127 142 170 11 104 60 110 170 160 32 9 197
78 142 124 41 103 47 131 54 149 176 124 102 60 74 164 78 87 142 37 84 138 139 83 171 82 84 73 79 129 66 160 101 65 120 116 87 29 68 95 115 174 92 90 156 111 126 104 43 148 56 96 142 40 94 123 31 102 70 101 57 74 161 116 124 53 93 112 58 104 98 79 150 119 118 82
195 245 85 116 41 125 246 181 273 99 33 192 79 173 112 151 194 124 175 171 219 106 192 128 198 220 211 212 82 125 61 38 103 142 171 170 109 74 226 216 96 227 120 259 244 242 236 123 257 128 142 59 152 63 168 157 196 135 160 192 124 121 108 241 103 231 135 183 85 215 217 272 117 138 193
162 272 17 138 94 101 266 159 236 175 46 145 87 135 184 108 217 188 168 127 257 30 214 52 164 203 200 190 11 89 138 80 139 195 216 125 114 75 232 170 172 228 69 287 248 202 241 102 281 97 186 133 168 113 216 141 226 169 106 176 83 192 43 201 131 220 73 158 35 179 212 235 50 73 214
45 194 189 157 213 115 170 62 34 292 216 68 163 71 280 98 159 256 87 80 213 190 155 212 43 51 69 42 195 119 273 206 181 229 215 83 141 166 118 48 290 104 137 204 118 21 118 117 190 113 203 256 138 207 224 87 180 179 107 63 123 277 166 19 169 69 141 59 172 27 87 34 162 145 152
112 120 142 18 94 77 115 86 178 152 129 137 66 109 136 112 65 110 59 119 109 160 62 193 116 106 91 106 145 96 142 96 39 85 81 122 39 77 93 150 150 96 118 135 111 158 103 72 129 87 60 123 18 78 88 65 75 35 134 84 103 132 139 156 32 108 141 91 122 131 89 179 144 147 62
196 112 199 83 115 157 126 170 257 110 165 222 123 193 84 194 85 49 139 203 76 221 87 253 200 181 163 184 201 174 124 126 68 12 25 206 113 134 139 234 110 149 191 123 155 240 148 152 128 167 24 108 88 93 17 150 71 50 215 164 180 73 206 238 80 175 215 175 183 214 153 258 212 221 90
68 123 156 68 138 73 106 42 125 205 160 103 96 77 190 93 73 163 8 91 129 169 69 200 72 53 38 53 161 90 193 136 92 135 121 95 65 104 63 108 203 57 116 136 77 109 71 70 125 80 109 174 44 126 131 35 93 85 115 32 98 185 145 107 82 57 134 47 136 84 43 127 146 141 67
199 120 197 84 110 158 134 173 262 102 161 224 122 196 76 195 92 41 144 205 83 219 94 250 203 186 168 189 198 174 117 122 68 6 33 208 114 133 146 237 102 156 191 131 163 244 155 153 136 168 28 101 93 89 24 153 79 53 216 168 180 65 204 243 80 181 215 178 182 218 159 263 211 221 97
154 40 221 95 166 149 40 129 194 194 207 190 145 164 171 178 16 136 95 178 44 239 19 272 158 118 100 128 225 168 199 171 104 98 65 182 118 157 58 193 194 72 193 55 71 187 65 145 50 159 78 180 65 146 76 121 17 73 200 114 176 161 217 185 106 105 214 134 202 166 83 196 221 221 21
74 117 193 108 180 108 94 57 102 243 201 114 137 95 225 118 83 196 41 110 136 203 79 233 77 27 11 40 198 123 233 178 130 164 143 114 107 145 42 110 241 28 148 127 48 97 44 106 114 113 138 214 77 167 154 67 104 117 138 36 131 220 178 95 122 17 163 60 173 80 9 105 178 169 76
26 163 141 95 151 58 144 1 97 229 159 61 102 38 218 61 115 195 34 53 171 149 111 177 31 46 47 33 147 69 211 145 119 171 161 57 78 106 95 66 227 84 93 176 105 72 100 59 164 60 145 193 82 144 170 24 136 120 80 21 76 215 124 71 107 64 106 5 122 45 65 97 122 112 109
188 58 229 101 158 169 75 162 235 165 205 221 151 194 139 202 51 104 128 206 22 249 54 282 192 159 140 167 232 188 177 166 99 67 30 209 130 163 102 228 165 115 210 68 115 226 109 164 74 179 57 160 84 136 39 148 29 68 224 150 195 128 230 224 106 147 233 167 211 203 125 238 235 239 58
31 155 151 96 156 67 136 9 93 232 167 69 108 47 220 71 109 196 29 62 166 159 105 187 35 36 37 25 157 79 215 151 120 170 158 67 82 113 86 71 230 74 103 168 95 72 90 67 155 70 144 197 80 149 167 30 130 119 90 11 86 216 134 71 109 54 117 13 132 46 55 94 133 122 102
192 125 185 75 99 148 136 166 256 97 150 215 111 187 73 186 92 39 137 196 90 208 93 239 196 181 163 183 187 164 109 111 57 6 39 198 104 122 145 229 97 154 180 136 162 237 154 143 140 158 23 92 87 78 32 145 81 46 206 162 170 63 193 236 70 177 204 171 170 210 156 257 200 210 96
235 214 165 122 74 172 224 214 309 17 114 245 120 220 29 207 176 57 194 223 179 187 176 212 239 242 228 239 163 180 28 87 98 91 128 224 136 124 223 266 14 229 185 225 241 284 233 168 229 179 106 27 152 70 120 189 168 116 222 217 183 42 184 282 108 245 205 217 158 255 226 310 192 210 178
125 108 155 27 99 93 106 99 188 148 138 152 77 123 130 127 54 101 69 134 94 174 52 207 129 114 97 115 158 111 142 104 39 73 66 137 54 89 91 163 146 96 133 123 109 170 101 88 119 103 47 123 19 81 73 79 62 22 149 94 119 124 154 168 38 113 156 103 136 143 92 189 158 163 53
194 232 96 106 30 125 234 178 272 85 44 195 75 173 96 154 182 107 169 173 205 118 180 142 197 216 205 208 94 127 48 32 91 125 156 173 103 73 217 218 82 219 125 245 235 242 227 122 244 129 127 44 142 49 152 154 183 121 165 188 127 105 117 240 92 225 142 180 93 214 209 271 126 146 182
140 61 244 132 208 162 34 121 156 249 241 180 176 159 227 180 62 193 94 174 94 258 62 289 143 91 77 106 249 180 250 210 148 156 123 178 145 187 27 175 248 38 205 67 21 160 22 160 52 170 133 230 96 190 135 124 76 122 201 101 188 218 234 158 145 70 224 125 224 146 57 159 235 230 59
21 191 164 138 190 90 169 42 57 271 191 47 140 46 260 74 150 238 73 56 206 166 146 189 18 50 65 35 170 94 251 183 161 213 202 60 119 142 117 35 269 103 112 203 121 30 118 93 189 88 187 234 123 185 211 66 171 162 84 49 99 258 142 28 149 72 118 38 147 5 84 57 138 122 143
108 255 49 134 126 67 243 112 176 217 96 83 91 80 219 52 200 213 133 68 249 42 196 66 108 156 158 141 54 48 184 113 145 208 219 65 103 82 200 108 214 192 23 269 213 141 207 71 261 58 191 174 152 138 222 103 215 169 43 132 40 223 22 141 133 176 8 110 43 121 174 174 15 10 195
60 160 115 61 112 31 146 39 135 192 124 80 64 52 181 57 106 161 38 62 158 127 102 158 64 78 71 69 120 49 172 107 84 141 138 65 40 69 105 95 190 98 75 173 119 108 112 29 164 39 117 155 61 106 145 14 123 92 80 50 57 180 103 107 71 91 94 42 95 80 83 135 104 101 100
96 92 202 101 177 119 70 76 126 232 204 136 139 114 212 135 60 181 50 129 112 215 57 245 99 52 35 64 207 135 226 177 122 147 123 133 108 148 19 133 230 12 161 103 31 122 25 116 89 125 122 206 67 162 134 80 81 103 156 56 144 206 190 120 116 37 179 80 182 104 16 129 191 185 53
47 188 101 88 125 23 173 41 125 210 124 53 75 26 203 27 136 186 61 33 189 109 132 137 50 86 86 72 107 29 187 116 109 169 168 35 61 75 128 72 208 120 53 202 140 94 135 26 192 21 146 171 91 124 175 31 153 121 49 60 36 203 84 93 96 104 69 40 83 67 102 124 83 75 130
101 106 225 133 207 140 80 88 109 264 231 141 167 125 245 149 88 213 72 139 134 235 86 264 103 48 41 65 230 155 257 207 154 179 152 144 136 175 34 133 263 22 180 114 26 114 28 138 99 145 153 238 99 193 163 99 108 136 168 67 163 237 210 112 147 26 195 90 205 103 28 112 210 200 82
167 268 26 133 84 102 262 161 242 163 34 152 82 140 173 113 212 178 168 133 250 43 209 64 168 205 201 193 21 93 125 70 132 186 208 131 111 70 231 177 160 227 75 282 247 208 239 103 277 100 178 121 164 103 208 142 221 163 114 178 87 180 52 207 125 221 82 161 39 184 212 240 60 83 210
119 69 199 81 157 121 55 94 160 202 191 156 127 131 181 146 24 148 61 145 79 214 21 246 123 84 65 93 203 139 200 160 97 113 87 149 97 138 34 158 201 44 165 83 52 153 44 117 73 130 88 180 45 139 98 88 46 73 168 79 148 173 191 151 94 73 185 99 179 131 51 163 194 192 17
144 56 247 133 208 165 29 125 161 248 242 184 178 163 225 184 61 191 98 178 90 261 61 292 147 96 81 110 251 183 249 211 148 154 121 182 147 188 30 180 247 42 208 62 26 164 27 162 47 173 132 230 97 190 132 128 73 122 205 105 191 216 237 163 146 75 227 129 226 150 62 164 238 233 59
32 155 148 94 153 64 136 8 96 229 164 69 105 46 217 69 109 193 28 61 165 156 105 185 36 39 39 28 154 76 212 148 118 168 157 65 79 110 87 72 227 76 101 168 96 75 91 64 156 67 142 194 78 146 166 27 129 117 88 13 84 214 131 73 106 57 115 12 129 48 57 97 130 120 102
97 242 53 122 120 53 229 100 167 212 96 75 82 68 212 40 187 204 119 58 237 52 183 78 97 144 145 129 59 35 180 108 134 198 207 55 91 74 187 100 209 179 11 256 200 132 194 57 247 45 180 168 139 130 211 89 202 157 36 119 26 216 28 132 122 163 12 98 42 111 161 165 24 19 182
65 131 194 119 188 109 108 53 86 255 206 105 144 89 238 115 98 210 48 104 152 203 95 231 67 13 13 29 200 123 243 186 142 179 159 108 114 151 55 98 253 41 147 141 58 83 56 109 127 113 153 225 90 177 169 69 120 131 132 34 130 233 178 81 133 10 161 55 175 68 24 89 177 166 91
55 163 198 143 207 117 138 58 53 280 218 90 160 83 265 111 131 239 70 96 185 203 128 229 55 24 42 27 204 126 265 203 167 209 191 100 133 165 87 76 278 72 148 172 86 53 85 118 158 118 183 247 119 199 201 81 153 160 125 48 132 261 178 52 157 37 157 57 180 48 57 56 176 161 124
94 106 216 124 198 131 81 80 108 256 222 134 158 117 237 141 83 206 63 132 132 226 81 256 97 43 33 58 221 146 249 198 145 172 147 136 127 166 31 128 255 17 171 115 28 110 28 129 100 136 147 230 91 184 158 90 104 128 160 59 154 230 202 108 139 21 187 83 196 98 19 111 201 192 77
190 190 130 80 35 127 196 169 265 62 84 201 76 175 59 163 145 60 152 179 160 153 144 181 194 200 186 196 129 136 46 49 58 78 110 180 91 81 187 221 59 192 143 203 206 239 197 123 204 135 82 26 113 25 105 144 142 83 178 174 139 64 145 238 66 205 164 173 120 211 186 266 153 170 146
57 142 137 65 128 53 126 31 125 201 145 87 82 60 188 74 90 164 16 73 145 149 86 180 61 59 50 54 143 70 186 124 89 140 131 77 53 89 83 96 199 76 96 155 97 103 90 51 145 60 114 167 51 119 139 16 109 89 96 32 79 185 125 101 78 70 115 36 117 76 60 125 126 121 84
189 16 273 148 218 197 24 167 212 238 259 228 198 205 213 222 67 178 136 219 57 290 70 322 193 144 128 158 277 216 247 224 156 140 103 224 170 209 76 227 238 91 241 12 77 214 76 194 4 206 125 229 116 197 113 165 64 125 244 149 225 202 267 212 158 125 262 172 253 198 109 215 270 268 71
136 98 168 39 107 107 97 110 196 147 149 164 90 136 127 141 46 96 78 147 81 187 44 220 140 121 103 124 171 125 145 113 45 64 53 150 67 102 89 175 146 96 147 112 107 180 99 102 109 117 38 126 28 87 61 91 49 18 163 103 133 120 168 178 48 117 170 114 149 153 96 198 172 176 46
38 191 108 97 134 33 174 37 116 220 133 44 85 17 213 25 139 195 62 25 194 114 135 141 40 81 83 66 114 36 197 126 118 177 175 28 70 85 128 62 218 118 58 204 139 84 134 36 194 30 154 181 97 133 182 34 158 129 47 57 42 212 89 83 104 100 71 35 90 57 100 115 87 76 133
72 150 118 48 105 38 138 49 144 181 122 93 59 65 170 69 95 148 38 75 147 132 92 164 75 83 73 76 123 57 163 101 71 128 125 78 30 66 100 107 179 96 82 164 116 120 109 35 156 48 104 145 49 97 132 24 111 79 91 55 66 168 109 118 59 93 103 52 98 92 82 145 111 110 90
22 193 165 140 192 92 171 44 55 273 193 47 142 48 262 75 152 240 75 57 208 167 148 190 20 51 67 37 171 96 253 184 163 215 204 60 121 144 119 34 271 105 114 204 122 27 120 95 191 90 190 236 125 187 213 68 173 165 85 51 100 260 143 26 151 73 119 40 149 4 86 55 139 122 145
93 114 220 132 205 135 88 81 101 265 228 133 164 117 246 143 92 215 68 132 140 229 90 258 95 40 35 57 225 149 257 204 154 181 156 136 133 172 40 125 263 26 174 122 34 105 35 133 107 139 156 238 99 192 167 94 113 137 161 61 157 239 204 103 146 18 188 84 200 95 26 104 204 194 86
137 163 109 32 44 78 162 116 212 114 83 151 34 124 105 115 110 90 100 129 143 131 108 163 141 148 135 143 112 91 97 47 23 84 100 131 38 44 143 169 112 145 104 177 161 186 153 74 174 87 70 78 68 30 102 91 115 55 134 121 96 105 116 185 19 154 127 120 93 158 137 212 122 133 109
27 162 163 114 174 82 140 23 76 250 183 67 125 52 237 79 120 213 44 66 176 170 116 196 29 27 37 11 169 91 233 168 138 186 173 70 100 130 89 63 248 76 114 173 95 57 91 82 160 83 160 215 95 166 182 47 141 136 95 20 98 234 145 55 127 48 125 22 145 34 56 77 143 130 113
74 167 218 161 227 137 141 78 48 298 238 107 180 102 282 130 141 255 88 114 192 223 138 248 74 40 57 47 224 146 284 222 185 224 203 118 152 185 92 90 296 78 168 175 87 61 89 138 160 138 197 266 134 217 214 101 163 175 143 67 152 277 198 60 175 44 176 78 200 64 67 51 195 180 135
71 186 217 171 233 139 160 82 29 308 241 98 185 99 294 127 158 267 98 109 210 219 155 242 70 52 70 53 223 146 292 228 195 237 218 113 159 189 111 78 306 96 165 194 106 46 107 140 179 139 211 274 147 225 229 106 179 188 137 75 151 289 195 45 184 61 171 80 199 56 83 32 191 175 151
110 76 198 86 162 118 58 87 149 211 194 148 129 124 191 141 36 159 55 138 90 213 33 245 114 73 54 83 203 137 207 164 104 124 98 142 99 140 25 149 210 33 162 89 44 142 36 115 77 127 98 188 50 145 109 83 57 82 163 70 145 183 190 140 100 61 182 91 178 122 39 151 192 188 29
93 132 130 28 98 59 123 68 161 165 125 117 60 89 151 93 76 128 45 99 125 147 73 180 97 93 79 90 135 78 152 97 52 105 101 102 29 70 93 130 163 92 101 146 110 140 102 55 139 69 80 133 27 85 108 46 90 55 115 68 86 148 125 138 42 98 124 72 111 112 82 162 129 130 72
141 199 74 65 30 72 196 125 218 121 47 144 22 121 120 104 145 116 118 122 180 97 143 128 144 163 154 155 76 77 92 21 61 117 137 122 52 21 172 166 118 171 82 214 189 189 181 69 210 78 107 78 99 39 138 101 151 92 118 135 79 125 85 188 55 174 103 127 61 161 160 218 93 108 143
118 152 112 17 64 64 148 95 191 134 96 134 34 107 124 101 97 105 78 113 136 132 94 165 121 126 113 121 115 79 118 64 28 91 100 115 20 46 124 151 132 125 97 166 142 166 134 59 162 73 72 100 51 51 103 71 105 51 121 100 85 123 114 165 15 133 120 99 94 138 116 192 119 127 95
119 161 103 26 57 60 157 98 194 132 86 132 25 106 124 98 107 107 84 111 145 123 104 156 123 131 119 126 106 74 114 56 33 97 108 113 20 37 133 151 130 133 90 176 150 168 143 56 171 70 79 96 60 47 111 73 114 59 117 104 80 124 106 166 21 139 114 101 85 139 123 194 111 120 104
111 78 214 107 183 131 55 90 138 233 213 150 148 129 212 149 53 180 63 144 101 227 51 258 114 65 49 79 219 148 229 184 126 145 117 148 117 158 4 148 232 14 174 89 22 136 14 129 75 138 120 210 71 167 129 93 73 104 170 71 157 205 203 134 121 48 192 95 194 119 30 140 204 198 47
162 29 249 128 201 172 4 140 186 231 239 200 176 177 207 195 48 172 109 192 63 265 50 298 165 117 100 130 254 190 236 206 139 134 99 196 147 187 49 199 231 63 216 37 52 187 50 168 24 180 115 217 94 181 110 138 53 110 217 121 199 197 243 185 139 98 236 144 229 170 81 189 245 242 49
138 81 182 54 124 117 81 112 193 160 165 169 105 142 139 149 29 106 78 154 68 201 28 234 142 116 98 121 186 136 160 130 62 72 51 157 80 117 76 178 159 85 159 95 94 179 86 112 92 127 46 141 32 104 61 96 34 33 172 102 144 131 181 177 64 110 181 117 163 154 88 195 185 188 30
167 301 42 170 135 117 292 170 233 217 88 140 120 138 226 110 245 229 186 127 290 22 242 11 167 214 215 199 41 101 179 121 175 234 252 124 143 108 253 164 214 247 76 315 267 198 261 120 308 111 222 175 196 153 253 157 257 204 100 189 93 233 46 198 165 233 65 168 60 180 229 231 46 62 241
166 300 41 169 134 116 290 168 232 216 87 139 119 137 225 109 244 228 185 126 288 21 241 13 166 213 213 198 40 100 178 120 173 232 250 122 141 107 252 163 213 245 74 314 266 197 259 119 307 110 221 174 194 152 252 156 256 202 99 188 92 232 44 197 164 232 64 167 58 179 228 230 45 61 240
62 237 103 139 161 66 220 77 120 251 144 27 115 39 247 28 186 234 107 24 241 99 182 118 61 115 122 99 109 54 222 150 158 220 221 20 110 110 171 51 248 160 55 250 181 85 176 71 239 57 198 209 144 165 227 81 205 173 15 97 51 249 78 85 145 136 49 73 92 69 141 118 72 51 180
180 254 57 120 55 111 251 169 257 128 9 172 74 155 139 132 200 147 169 151 232 77 198 99 182 211 204 201 53 107 90 45 113 160 186 150 105 65 226 197 125 225 97 268 243 225 236 110 264 112 156 87 154 77 185 147 205 145 137 183 104 148 81 224 109 224 109 170 60 199 212 256 90 112 198
194 114 196 81 112 155 127 169 256 108 162 220 121 192 83 192 86 48 138 201 78 219 87 250 199 180 162 183 198 171 121 123 66 10 27 204 111 132 139 233 108 150 189 125 156 239 149 150 130 165 23 105 87 90 19 148 72 48 213 163 178 72 203 237 78 175 213 173 181 213 153 257 210 219 90
105 187 75 55 65 37 179 90 182 153 73 110 16 86 148 72 131 136 87 88 174 94 127 126 108 130 122 121 79 46 127 57 65 128 139 89 28 17 147 131 150 144 58 201 163 153 156 33 195 44 111 112 81 66 143 66 142 90 88 102 50 150 74 152 53 142 82 91 56 125 131 182 80 88 127
140 47 218 96 170 142 36 116 177 205 208 178 144 153 182 168 18 149 83 167 61 235 19 267 144 102 84 113 223 161 207 174 108 111 80 171 116 156 41 180 204 55 186 60 54 172 48 139 52 151 89 188 62 150 91 111 33 80 190 100 170 173 212 170 108 88 207 121 198 152 67 180 215 213 17
176 94 194 70 117 143 105 149 234 129 166 204 116 175 105 179 61 70 118 186 62 215 63 247 180 158 139 162 196 160 138 127 62 33 16 189 100 128 115 215 129 125 180 106 131 219 124 138 109 153 16 120 67 95 21 131 49 34 200 142 168 95 198 217 71 152 204 154 177 193 129 236 203 210 66
