100 30
286 197 223 224 350 352 200 221 242 466 235 262 174 230 199 248 361 184 268 294 80 436 162 58 109 199 353 326 194 135
28 15 43 47 43 45 11 44 47 28 22 18 16 47 23 23 45 19 48 18 27 26 46 31 35 47 19 46 32 22 14 41 26 43 29 15 38 20 35 30 47 46 12 21 44 40 38 25 25 11 33 40 49 12 19 45 41 40 25 10 12 37 42 41 37 41 23 49 46 39 19 21 50 21 16 30 48 16 22 14 49 17 19 25 25 30 48 44 33 50 38 26 50 25 16 45 41 33 17 45
478 370 264 284 489 379 365 271 452 499 382 425 221 230 280 351 370 208 348 325 130 474 164 106 124 236 499 347 334 227
42 64 93 65 20 77 70 92 52 72 45 76 84 72 31 25 35 41 3 62 96 72 10 24 75 83 81 56 67 55
32 72 20 15 62 25 27 19 62 62 31 17 17 26 58 92 44 50 74 13 51 70 66 60 23 41 13 38 21 79
60 21 97 84 67 100 96 98 22 37 71 75 83 64 31 43 70 82 51 78 73 31 46 35 97 64 96 90 64 6
42 64 20 34 75 44 47 22 57 51 46 6 4 15 61 97 58 66 83 30 32 60 74 64 42 24 30 57 17 74
50 52 100 76 38 90 83 100 43 64 56 80 89 74 27 11 49 58 16 71 94 62 18 22 87 81 91 71 70 41
34 86 72 39 21 44 36 70 72 87 25 65 69 67 54 66 17 4 44 41 96 91 42 49 42 82 54 19 60 83
25 44 75 51 29 66 60 74 31 50 33 55 64 50 10 36 30 41 22 46 73 51 13 5 63 59 66 51 45 40
68 24 79 82 91 97 96 81 33 14 79 58 64 47 54 84 84 97 83 75 37 14 75 61 94 36 87 98 52 38
38 37 47 48 68 62 62 48 31 24 48 24 31 13 41 79 56 68 69 41 27 33 60 47 59 13 52 65 17 48
25 54 76 49 19 63 56 75 41 59 29 59 66 55 20 37 23 33 18 45 80 61 9 14 60 66 65 45 49 49
67 14 97 89 80 105 102 98 25 29 78 74 82 63 41 58 79 92 65 82 65 21 59 47 102 59 98 98 65 12
59 3 85 79 76 95 92 87 16 17 70 63 70 51 37 61 73 86 64 72 54 10 57 43 92 47 88 90 53 15
27 33 71 52 40 68 63 71 20 38 38 50 58 42 5 42 37 50 33 46 63 40 24 11 65 50 65 57 39 31
57 68 108 81 35 93 86 108 59 80 61 91 98 85 40 13 51 56 15 77 107 78 23 34 90 94 97 72 81 57
56 45 49 60 87 73 74 51 45 29 65 31 35 23 59 95 74 85 87 54 9 37 78 65 71 8 60 81 30 58
36 20 66 56 57 72 69 67 9 20 47 43 52 33 22 57 51 64 51 49 47 23 42 28 69 35 66 67 33 26
49 105 59 33 53 24 20 56 92 100 38 63 64 70 77 97 40 32 75 39 98 107 71 75 25 86 39 18 64 106
45 11 74 66 64 82 79 75 5 16 57 51 59 40 26 57 60 73 55 59 49 16 47 33 79 39 75 76 41 19
33 78 79 47 7 55 47 77 64 81 28 67 73 67 44 52 16 14 30 46 96 84 29 38 53 81 62 31 61 73
33 73 81 50 0 60 52 80 60 77 30 68 75 67 39 45 18 21 23 49 95 80 22 33 58 80 66 37 61 68
56 42 103 82 51 97 91 103 36 56 64 81 90 73 27 18 59 69 30 77 89 53 29 26 94 78 96 81 71 29
29 42 42 38 60 53 52 43 33 32 38 19 27 9 38 75 47 59 63 31 34 40 54 42 50 20 44 55 9 50
40 93 37 16 58 2 6 34 81 86 32 43 42 52 71 98 41 39 77 23 78 93 71 70 4 67 17 23 46 96
27 30 67 51 44 67 63 68 16 33 38 46 54 37 10 47 40 53 39 45 57 35 30 16 64 44 63 58 35 30
34 86 70 38 23 42 34 68 73 87 24 64 68 66 54 68 17 4 46 39 95 91 43 50 40 81 52 17 59 84
39 57 26 36 72 48 49 28 50 44 45 6 11 8 55 92 56 65 78 30 29 53 69 59 45 18 35 58 11 67
17 51 39 25 49 41 39 39 40 45 24 20 28 18 37 72 34 45 57 18 47 52 47 39 38 33 34 41 11 57
54 5 78 73 73 89 87 80 13 11 65 56 63 44 35 63 69 82 63 66 48 7 55 42 86 40 81 85 47 19
36 90 68 35 29 38 30 65 77 90 25 63 67 67 59 74 21 9 52 38 96 94 49 55 36 82 49 13 60 89
65 18 80 81 87 96 95 82 28 11 76 59 65 47 49 78 81 94 78 74 41 8 70 56 93 38 86 95 52 32
59 74 21 48 91 55 59 25 69 59 62 23 17 29 76 113 74 82 99 45 30 68 90 80 53 29 40 71 33 85
52 61 103 77 34 89 82 102 51 72 56 84 92 79 33 11 47 54 11 72 100 71 18 27 87 87 92 69 74 50
59 14 77 76 81 91 89 79 22 6 70 55 62 43 43 73 75 88 72 68 41 4 64 50 88 36 82 89 47 28
60 64 34 55 93 65 68 37 61 48 66 26 24 26 71 109 77 87 97 51 16 57 88 77 63 19 50 78 32 77
66 10 93 87 80 103 100 95 23 25 77 71 78 59 41 61 79 91 66 80 61 16 60 47 100 55 96 97 61 14
62 41 58 69 91 82 83 61 43 24 71 40 44 31 60 95 80 92 89 62 13 32 80 66 79 16 69 88 38 55
32 31 53 47 60 63 61 54 22 23 43 30 38 19 31 68 50 62 59 40 37 30 49 37 60 24 54 62 20 39
32 83 33 7 54 9 9 31 71 76 25 35 36 43 62 91 35 37 71 14 70 83 64 62 6 58 14 22 37 87
39 95 62 31 39 29 22 59 81 92 28 61 63 66 66 83 27 18 61 36 95 98 57 62 29 82 42 9 59 95
66 11 94 87 81 103 100 95 23 25 77 71 78 59 42 62 79 92 67 80 60 16 61 48 100 55 96 97 62 15
16 44 48 33 46 49 46 48 32 39 26 27 36 22 28 64 33 46 50 26 49 45 40 31 46 35 43 45 17 48
16 47 66 42 28 57 51 65 33 49 25 47 55 43 16 45 23 36 29 37 68 52 20 14 54 54 57 43 38 45
72 82 31 61 104 66 71 35 79 66 75 36 30 40 87 125 87 95 112 58 32 75 102 92 65 36 51 84 45 94
20 73 63 31 20 40 33 61 60 73 13 53 58 54 42 61 4 10 39 31 83 78 34 38 38 69 47 19 47 72
37 93 52 23 45 19 12 49 80 89 26 53 54 59 66 88 30 25 66 28 87 95 61 64 18 75 32 8 52 94
32 35 49 45 61 60 59 50 26 25 42 26 34 15 34 71 50 62 61 38 34 33 52 40 57 21 51 61 16 43
26 40 45 38 57 54 52 46 30 31 36 23 31 14 33 71 44 56 59 31 38 39 49 38 51 24 46 54 12 47
15 51 66 41 24 55 49 66 38 54 22 49 57 45 19 46 19 32 28 36 71 57 19 16 52 57 56 40 40 49
13 65 61 31 21 43 36 59 51 65 10 48 54 48 34 57 5 18 36 28 76 69 29 31 40 62 47 25 41 63
35 21 69 57 54 73 69 69 8 24 46 46 54 36 17 52 49 62 47 50 51 26 38 24 70 40 67 66 35 24
51 51 101 77 39 91 84 100 43 64 57 81 89 74 27 11 50 59 17 72 93 61 19 22 88 81 91 72 70 40
37 57 26 34 70 46 47 28 50 45 43 4 11 8 54 91 54 63 77 28 31 53 67 58 44 20 33 56 10 66
58 45 51 63 89 75 77 53 45 29 67 34 37 26 60 96 76 88 88 56 8 37 79 66 73 10 62 83 33 59
75 21 94 93 94 109 107 96 34 24 86 72 78 61 55 78 90 103 82 86 53 16 75 62 106 52 99 106 64 31
44 51 94 70 33 84 77 94 41 62 50 75 83 69 22 17 43 52 12 65 90 60 12 17 81 77 85 65 65 41
38 93 52 23 46 18 11 49 80 89 27 53 54 60 67 89 31 26 67 29 88 95 62 65 18 75 32 9 53 95
41 97 61 31 42 28 21 58 84 94 30 61 63 67 68 86 30 21 64 36 95 100 60 65 28 83 41 10 60 97
71 77 35 62 103 69 73 38 74 61 75 35 30 38 84 122 87 96 109 59 26 69 100 89 67 32 54 85 43 89
23 51 74 49 22 62 56 74 38 56 29 57 64 52 17 38 23 35 20 44 77 58 11 12 59 63 64 45 47 47
32 63 83 54 11 66 59 82 50 69 34 67 75 64 29 35 24 31 13 51 90 71 11 22 63 76 70 45 58 57
44 99 53 27 52 18 13 50 87 95 33 57 57 64 73 95 37 31 73 33 92 101 68 71 19 80 33 15 57 101
38 18 69 59 57 75 72 70 6 21 49 46 55 36 20 54 52 65 49 52 50 23 41 27 72 38 68 69 36 23
27 30 66 50 45 66 62 66 16 32 38 44 53 36 11 49 40 53 40 44 56 35 31 17 63 43 62 58 34 30
36 57 26 33 69 45 47 27 49 45 42 4 11 8 53 90 53 62 76 27 32 54 67 57 43 21 33 55 9 66
36 92 53 23 43 21 13 51 79 88 25 53 55 59 64 86 28 22 64 28 88 94 59 62 20 75 34 6 52 93
59 61 36 56 92 66 69 39 59 45 65 26 25 25 69 107 76 86 96 51 13 54 86 75 64 16 51 78 31 74
57 2 85 78 73 94 91 86 14 19 68 62 70 51 34 58 70 83 61 71 55 12 54 40 91 48 87 88 53 12
19 71 63 32 19 42 34 62 58 72 13 52 58 53 40 59 1 12 37 31 82 76 32 36 39 68 48 21 46 70
41 63 20 33 73 44 46 22 56 50 45 5 5 14 59 96 57 65 81 29 33 59 72 63 42 24 30 56 15 73
30 57 27 27 62 40 41 28 48 47 35 6 14 11 49 85 46 55 70 21 38 55 61 52 38 26 29 48 6 65
45 77 6 28 76 34 38 7 69 65 46 17 10 28 69 105 58 64 88 27 46 74 79 72 32 39 18 51 27 86
72 17 100 93 85 109 106 101 29 30 83 77 84 65 46 63 84 97 70 86 65 21 64 52 106 60 102 103 68 17
42 98 60 30 44 26 19 57 85 95 30 60 62 66 69 88 32 23 66 36 95 100 62 66 26 82 40 11 60 98
56 12 75 73 78 89 87 77 19 5 67 53 60 41 40 70 72 85 69 66 41 4 61 47 86 35 80 87 45 26
29 63 80 51 10 63 56 79 50 69 30 65 72 62 29 38 20 28 16 48 88 70 13 23 60 74 67 42 56 58
32 57 27 30 65 43 43 28 48 45 37 4 13 9 50 87 49 58 72 24 35 54 63 54 40 23 31 51 6 65
44 15 78 66 58 83 79 79 4 25 55 56 64 45 19 48 56 69 47 59 57 23 40 26 79 47 77 74 45 14
40 61 22 34 72 45 47 24 54 48 44 4 7 12 57 94 56 65 80 29 32 57 71 61 42 22 31 56 14 71
33 27 57 50 59 66 64 58 18 21 44 34 42 24 28 65 50 63 56 43 39 27 47 34 63 27 58 63 24 35
22 48 72 48 25 62 56 72 35 52 29 54 62 49 14 39 25 37 23 43 73 54 13 10 59 60 62 46 44 44
32 67 82 52 6 63 56 81 54 73 32 67 74 65 33 39 21 26 17 50 92 74 16 27 61 78 68 41 59 62
67 84 23 54 99 58 63 26 79 68 70 32 24 39 85 123 82 89 108 52 37 77 99 90 57 38 43 77 42 95
54 66 105 77 32 90 82 104 56 77 57 87 95 82 37 14 47 53 11 74 104 75 20 31 87 91 93 68 77 55
19 46 43 31 51 47 45 43 35 39 28 22 30 17 33 70 37 49 55 24 44 46 46 37 44 30 40 46 11 51
55 61 105 79 36 92 85 105 52 73 59 87 95 81 35 9 50 57 14 75 102 71 21 29 89 89 95 72 76 50
31 87 49 18 42 18 11 46 74 83 21 48 50 54 61 84 26 23 63 23 82 89 57 59 17 70 30 6 47 89
19 37 55 40 45 56 53 56 25 35 30 34 42 27 21 58 35 48 45 33 51 40 36 25 53 37 51 50 23 41
40 38 87 66 40 81 75 87 28 49 49 66 75 59 12 26 44 56 24 60 78 47 18 10 78 65 80 66 56 29
53 11 74 70 74 86 84 75 16 6 64 51 59 40 37 68 68 81 66 63 42 6 58 44 83 35 77 84 43 25
56 22 95 81 62 97 92 96 21 38 66 72 81 62 26 39 65 77 46 74 73 32 41 30 93 63 92 85 62 8
23 79 54 21 32 28 21 52 66 77 12 48 52 52 51 73 15 14 51 23 81 82 46 48 26 67 36 8 45 80
42 88 23 16 66 12 18 20 77 79 37 33 30 43 71 102 48 50 82 21 66 87 75 72 11 57 4 34 38 94
25 76 33 1 50 17 15 31 64 69 20 30 32 37 55 85 31 35 65 6 65 76 58 55 14 52 17 23 30 80
59 47 50 63 90 75 76 52 47 31 67 33 36 26 62 98 77 88 90 57 6 39 81 68 73 10 62 83 33 61
33 41 81 59 34 74 68 81 29 49 41 61 70 54 9 30 37 49 21 54 76 49 13 3 71 63 73 59 51 34
37 89 35 13 56 4 5 32 77 82 29 40 40 48 68 96 39 38 75 20 75 89 68 67 1 64 15 22 42 93
24 79 58 26 28 32 25 56 66 78 13 51 56 54 50 70 12 10 48 27 83 83 43 47 30 70 40 10 47 79
67 42 63 74 96 87 88 65 46 26 76 45 49 37 64 98 85 97 93 68 15 33 84 71 85 21 74 93 43 57
19 43 67 45 32 60 55 67 29 46 28 48 56 42 12 44 28 40 30 39 66 48 20 11 57 52 59 47 37 41
20 74 60 28 23 37 30 59 61 74 11 51 56 53 44 64 6 10 42 28 82 78 37 41 35 68 44 16 46 73
