250 75
158 305 372 199 79 282 492 224 113 128 244 85 425 90 424 269 187 362 258 249 164 261 298 183 90 117 360 308 235 156 410 243 243 189 243 335 397 192 247 316 312 94 142 311 109 186 455 332 168 268 250 252 180 205 96 241 60 167 414 451 397 322 150 206 312 184 225 374 369 220 155 322 371 93 219
48 50 31 28 16 26 45 23 13 27 24 35 34 17 45 32 15 31 48 41 33 10 49 49 40 42 48 33 20 16 30 27 34 17 31 23 17 38 19 14 46 38 44 38 17 18 30 10 12 15 36 41 47 24 46 35 39 41 26 10 27 39 23 40 22 46 47 19 27 50 40 29 24 40 45 23 18 25 16 20 48 46 10 44 41 35 27 26 46 20 37 41 32 49 27 29 29 35 12 45 39 42 11 41 50 31 40 30 44 10 29 25 47 30 40 19 41 35 29 44 44 43 33 18 18 49 18 37 10 38 32 35 17 38 28 34 19 32 22 32 28 34 35 30 13 42 32 43 41 24 18 50 41 15 44 50 40 27 13 34 13 12 37 47 42 40 26 41 49 21 34 37 12 12 49 42 11 18 15 10 42 19 43 22 22 11 47 14 33 29 26 42 16 16 45 50 40 39 49 48 45 11 33 29 18 23 38 25 39 24 36 38 19 12 12 19 26 17 47 39 14 18 17 16 30 22 30 19 46 41 48 18 30 20 14 33 24 26 41 17 26 47 24 44 14 41 28 45 32 36
167 338 403 298 130 479 495 281 113 139 255 163 486 105 462 327 201 491 388 309 230 399 323 190 163 194 436 427 464 267 492 441 417 197 434 406 445 233 417 370 318 149 268 327 204 292 493 461 274 475 356 377 207 249 166 269 117 174 472 481 406 366 252 311 315 202 337 436 479 270 160 458 494 135 316
121 91 175 51 164 162 97 101 207 206 124 163 77 25 82 165 156 70 25 43 118 100 23 145 153 81 194 83 116 147 181 192 33 97 220 138 59 85 72 181 60 108 176 57 106 187 111 214 67 163 118 76 74 161 113 81 161 48 179 176 159 105 156 194 125 194 145 71 175 59 32 54 187 34 59
123 144 92 153 112 115 74 116 130 106 137 122 66 104 177 99 110 130 96 68 61 191 125 90 93 31 112 34 78 125 82 103 134 129 137 178 128 62 162 134 110 6 88 159 26 119 61 135 166 74 17 152 160 86 125 157 190 81 77 95 151 21 185 116 62 98 44 80 97 70 77 74 84 117 116
109 167 32 235 217 44 94 122 21 81 123 51 182 201 271 23 47 167 168 145 71 288 207 46 36 115 192 111 194 80 138 175 208 142 39 171 234 103 259 46 154 112 166 243 95 7 77 29 254 50 104 194 260 31 119 196 165 143 102 27 103 136 163 199 64 62 116 195 184 181 156 185 117 182 161
35 73 97 143 198 63 15 32 118 146 48 63 129 120 181 75 57 70 77 63 41 200 115 51 61 61 200 56 158 47 161 189 114 50 135 94 156 28 173 80 57 89 174 150 67 94 36 126 163 95 91 97 175 78 37 100 102 53 138 96 67 108 98 204 49 128 122 136 185 119 72 120 152 87 64
144 180 61 204 125 111 99 145 98 56 160 119 111 155 229 84 107 170 144 116 73 242 176 88 86 75 100 75 109 134 50 85 183 161 99 207 178 94 214 126 151 45 74 210 52 97 77 101 217 42 35 195 211 68 150 199 213 125 27 66 162 59 209 107 67 52 24 127 92 119 126 124 39 164 158
86 35 180 73 218 145 90 66 203 223 82 144 132 84 113 160 140 18 44 67 120 134 56 136 146 104 240 103 171 119 217 235 45 52 219 81 116 87 112 161 29 139 219 78 126 179 113 211 93 173 146 18 117 161 75 23 106 53 205 179 121 145 101 242 128 207 178 129 222 115 61 111 216 26 22
183 190 149 160 50 180 135 173 188 144 195 187 44 106 171 162 175 173 127 106 127 178 140 156 158 88 76 93 17 189 85 78 153 182 191 231 112 121 153 199 154 68 65 165 91 181 126 192 166 130 74 189 148 148 183 194 247 124 105 154 214 44 242 75 127 144 69 56 57 62 110 67 102 147 158
223 231 175 194 10 214 174 213 213 159 235 221 80 141 198 194 209 213 166 147 162 202 176 190 191 127 53 132 41 227 88 64 189 222 213 272 139 160 180 233 194 103 58 198 127 210 162 216 197 157 107 229 174 178 223 233 287 165 119 181 252 81 282 49 162 163 91 88 39 98 150 103 111 186 198
132 175 35 212 151 89 92 135 72 45 147 98 131 167 241 61 87 168 149 121 62 256 183 69 65 81 125 80 133 117 72 109 189 154 74 196 194 91 227 103 150 60 99 219 55 72 68 75 228 17 49 194 225 44 139 197 199 127 39 41 144 79 196 132 55 33 50 146 117 136 132 140 55 168 157
170 144 201 69 132 202 137 151 236 219 175 204 57 28 72 198 195 123 77 82 150 81 60 181 188 105 174 109 88 192 177 177 74 149 247 191 15 123 55 221 112 120 163 71 128 220 145 243 69 185 130 127 50 190 164 131 214 95 185 203 208 106 209 172 157 211 148 42 155 44 74 39 189 86 112
124 114 147 89 127 148 85 108 183 171 132 152 42 39 113 144 142 95 47 34 96 127 63 127 134 51 153 55 80 142 141 151 74 111 193 159 68 71 98 168 77 71 135 95 75 166 91 189 101 133 82 109 97 136 120 114 178 51 141 150 161 65 173 154 102 161 106 43 135 26 32 25 147 67 81
144 167 93 171 97 128 94 138 131 95 158 135 72 120 193 107 123 153 118 90 77 205 145 103 104 54 90 57 72 143 60 81 154 152 135 200 140 84 177 146 133 20 66 177 43 125 78 136 183 74 20 175 175 92 146 179 211 104 60 97 169 20 207 95 76 91 23 88 76 81 99 87 65 139 139
129 110 162 73 137 159 95 111 197 187 135 162 50 23 96 157 153 90 41 39 109 111 48 139 146 66 167 69 89 150 157 165 60 111 208 157 55 81 82 179 75 88 150 79 91 179 104 204 85 148 98 101 81 150 123 105 178 54 158 164 166 81 172 167 116 177 122 46 148 32 32 28 164 58 77
241 260 170 237 50 220 192 235 204 138 255 227 121 183 245 194 216 244 201 178 174 250 217 196 195 149 11 153 85 239 66 29 229 247 200 297 186 181 227 236 224 118 36 242 141 207 176 205 242 152 117 263 221 178 243 267 309 195 102 175 266 102 304 3 171 148 90 132 22 138 183 144 90 222 229
85 39 173 71 210 141 84 64 197 215 82 140 124 78 112 154 136 19 36 59 113 132 51 131 141 96 232 95 163 116 209 226 42 52 214 86 110 80 109 157 23 131 211 77 118 174 106 206 92 167 138 27 114 155 74 31 110 45 197 173 121 137 105 234 122 200 170 122 214 107 53 103 208 20 16
36 76 139 180 268 79 84 52 141 194 28 71 196 175 221 107 77 91 127 125 102 241 158 90 97 131 267 126 227 43 224 255 151 57 160 53 211 98 218 81 93 158 241 186 134 116 100 149 201 145 158 108 222 120 40 108 43 109 197 135 21 178 41 272 107 174 188 201 253 185 130 184 212 125 96
192 219 113 218 82 164 144 189 148 86 207 172 107 165 235 138 161 206 170 143 122 245 194 141 139 107 47 110 86 186 15 31 204 204 145 251 178 135 218 180 186 72 21 224 92 150 125 149 228 95 68 228 214 121 196 232 261 157 47 119 214 66 256 53 118 93 36 122 41 122 151 128 37 191 192
29 84 89 164 213 43 31 40 103 142 45 42 148 142 202 62 38 86 99 85 44 221 136 39 49 77 209 72 175 26 166 197 135 59 121 94 178 47 194 59 76 101 183 171 77 78 42 112 184 91 100 112 197 69 38 114 97 74 140 86 50 122 93 214 49 123 130 156 196 139 94 140 155 107 82
82 142 59 222 233 17 81 98 51 113 94 20 186 195 260 30 23 146 156 137 68 278 194 36 32 115 214 110 204 50 163 199 193 117 70 140 229 94 250 13 136 122 188 229 100 27 72 59 242 74 116 171 252 47 93 174 133 130 129 54 70 146 131 221 64 93 135 197 205 182 147 184 144 166 142
118 175 30 242 216 53 101 131 13 74 132 60 184 206 276 31 56 175 175 151 76 294 213 54 44 119 188 115 194 89 134 172 215 150 30 180 238 110 265 54 162 114 163 249 98 15 83 21 260 49 106 202 265 34 128 204 174 149 98 25 112 137 172 196 69 56 115 198 182 185 162 188 113 189 169
52 42 170 149 270 115 96 51 179 223 37 109 190 156 190 141 113 62 109 117 122 210 132 120 129 136 279 132 226 79 242 269 122 39 198 12 190 105 189 122 73 168 254 154 147 154 117 187 169 173 172 71 194 150 45 70 30 98 219 167 64 184 25 283 129 204 204 192 263 176 118 174 233 100 73
80 61 146 82 179 124 60 61 174 184 84 125 95 63 119 131 118 42 16 25 86 138 54 109 118 62 198 61 132 106 174 192 54 59 189 106 99 52 111 142 24 96 177 89 85 152 79 182 101 137 104 61 114 129 73 66 126 12 164 146 119 102 121 200 94 170 135 95 180 79 21 77 174 29 28
108 129 88 145 126 103 58 101 125 111 121 109 72 99 173 91 98 116 85 57 49 188 117 79 83 17 128 19 90 111 96 119 124 114 134 163 127 46 159 123 96 18 103 152 16 112 47 131 160 72 25 139 158 79 109 143 174 68 86 91 136 36 170 132 51 100 57 84 112 72 67 75 95 106 102
80 19 188 98 247 145 100 64 206 236 71 141 162 115 138 164 140 27 74 93 131 158 85 141 151 125 266 123 200 113 238 259 73 44 224 54 146 102 139 157 47 160 244 103 144 181 124 215 118 185 167 19 145 169 69 17 80 76 223 187 109 170 76 268 139 219 199 160 248 145 89 141 235 57 41
171 172 152 137 68 176 124 158 191 155 182 181 21 83 148 161 170 154 107 88 121 157 117 151 155 77 99 83 21 181 103 100 130 166 196 215 90 109 131 196 135 67 87 142 87 181 119 196 143 134 75 169 126 148 169 173 232 107 118 156 204 44 227 98 123 153 80 34 80 39 90 45 118 126 139
178 137 232 34 177 222 157 158 265 257 179 223 102 48 27 224 216 118 84 102 176 41 48 204 212 136 220 139 134 206 221 222 57 150 278 183 35 145 12 241 114 157 208 33 161 246 170 273 25 219 168 112 15 219 169 114 209 108 226 234 216 147 204 218 184 248 190 88 201 87 91 81 231 81 111
161 126 208 40 159 200 135 141 242 233 163 202 80 23 51 201 194 106 65 80 153 65 37 182 190 112 199 115 114 186 197 200 50 135 254 173 24 123 36 220 98 133 186 43 137 223 148 249 43 194 143 105 36 195 153 108 197 88 202 210 199 123 192 198 160 223 166 67 180 64 69 58 207 68 96
113 99 149 79 143 143 79 96 183 177 120 146 57 36 108 142 137 79 31 23 94 124 52 123 131 53 168 56 96 134 153 165 61 97 195 144 71 65 95 163 62 79 149 86 79 164 89 190 94 136 89 93 95 136 107 98 164 38 150 151 150 77 159 169 101 166 116 57 149 41 17 39 157 51 65
97 147 23 203 182 49 66 104 54 74 112 57 143 165 236 22 46 144 136 111 38 253 174 30 24 78 163 74 156 77 112 147 177 124 66 161 197 72 224 64 128 74 136 210 56 40 44 61 221 25 67 170 224 7 105 173 162 112 79 22 105 98 159 169 29 55 83 157 153 143 122 147 95 152 135
44 17 155 120 237 109 71 29 171 205 36 105 156 122 161 130 105 30 74 82 100 181 100 107 116 105 249 102 192 77 215 240 92 9 189 44 157 77 159 121 39 139 225 126 120 146 95 180 141 154 144 49 163 135 32 50 64 64 196 153 75 153 59 252 108 187 176 157 232 141 83 139 209 67 39
75 134 55 212 223 9 70 90 55 110 88 16 175 183 249 23 13 137 145 126 56 267 183 25 22 103 206 98 193 45 155 191 183 109 74 136 218 83 239 20 126 111 180 219 89 29 60 63 231 67 106 163 241 40 86 165 130 120 122 50 68 135 128 213 53 90 127 186 196 171 136 173 138 156 133
122 94 174 52 160 162 97 103 206 204 126 164 74 22 83 165 156 73 27 43 117 100 25 145 153 79 191 81 113 148 178 188 36 99 219 141 57 85 72 181 62 106 173 59 105 187 111 214 68 162 116 80 73 160 115 84 164 49 177 175 161 103 159 191 125 193 143 68 172 56 32 51 184 37 62
215 231 154 207 37 199 166 208 190 132 228 206 91 154 217 175 194 214 171 148 150 223 187 174 174 121 29 125 57 215 60 36 199 219 189 269 158 154 199 216 195 92 29 212 115 190 151 193 213 135 92 233 194 159 216 237 282 165 92 159 242 73 277 28 148 138 70 103 11 109 153 115 83 192 200
70 72 121 105 170 102 37 54 149 160 78 104 92 78 141 107 96 57 38 21 61 160 76 85 94 41 183 39 126 90 154 175 78 61 164 110 113 27 132 121 38 76 160 112 62 128 54 157 124 112 83 81 133 104 66 85 127 13 141 121 107 87 122 186 69 145 115 97 166 80 29 79 152 54 44
136 128 150 97 114 156 95 121 186 169 145 160 28 44 116 149 150 109 61 47 103 129 73 134 140 56 142 60 66 152 133 140 85 125 196 173 66 80 100 176 92 69 125 102 77 171 98 193 107 134 79 123 98 140 132 127 192 65 137 152 172 58 186 142 108 161 100 30 123 13 46 14 142 80 95
104 118 101 130 129 109 55 94 137 126 116 114 64 85 158 100 103 104 71 42 54 173 102 86 91 9 137 14 89 112 109 129 109 105 147 155 114 41 144 129 84 31 113 137 28 121 51 143 145 86 40 126 144 90 104 130 168 55 100 103 135 41 163 140 59 115 70 75 120 61 52 64 110 91 90
76 137 76 223 246 22 85 94 65 129 86 18 195 199 261 46 28 143 158 141 77 280 196 47 45 123 229 118 215 42 178 214 194 112 84 130 234 99 253 4 135 134 203 230 111 43 80 73 243 89 129 167 255 62 87 169 120 133 145 70 57 158 119 236 75 110 150 206 220 190 151 192 160 166 141
28 35 144 137 241 94 65 20 157 196 18 89 163 135 178 117 90 47 86 89 93 198 115 94 104 106 248 102 197 61 212 238 108 14 175 42 170 74 175 104 51 138 224 143 117 132 88 166 158 145 141 67 179 124 17 68 56 72 190 141 57 154 51 252 100 177 173 166 232 149 92 148 204 82 53
210 230 142 214 52 189 161 204 178 117 224 197 98 160 226 165 185 214 173 149 143 233 192 166 165 119 25 122 68 208 44 23 204 217 175 266 167 150 208 206 195 87 13 219 110 179 144 179 221 124 86 234 203 148 212 239 278 165 78 148 235 72 273 28 140 124 59 111 10 115 155 121 68 195 200
125 115 148 89 126 149 86 109 183 171 133 152 40 39 113 145 143 96 48 35 97 127 64 127 134 52 152 55 79 143 140 150 75 112 194 160 67 71 98 169 79 71 134 96 75 166 92 190 102 133 81 110 97 136 121 115 179 53 141 150 162 64 174 153 103 161 105 42 133 25 33 24 147 68 82
186 184 169 139 60 193 140 173 207 169 196 198 28 87 146 178 187 165 117 101 138 152 122 168 172 94 100 99 14 197 112 105 136 179 213 228 87 125 128 212 147 84 92 144 104 198 135 212 143 150 92 178 122 165 184 183 246 120 131 173 220 60 240 98 140 168 94 34 82 45 102 50 129 135 151
210 239 122 239 90 177 162 208 153 85 225 186 127 186 255 149 174 226 191 163 139 265 214 156 152 127 42 130 103 201 17 24 225 223 148 270 198 154 238 192 206 92 26 245 111 159 142 154 249 106 87 248 234 133 214 253 278 178 52 128 229 87 274 50 134 97 55 142 46 142 172 148 38 212 212
213 238 133 231 73 185 164 209 166 101 228 194 116 177 244 159 182 224 186 160 143 253 207 163 160 126 27 129 89 207 28 10 218 223 162 272 186 155 227 201 204 92 10 236 113 170 146 167 239 116 88 245 223 142 216 250 281 175 65 139 235 82 277 34 139 111 57 130 28 132 167 138 52 207 210
175 126 244 20 206 226 162 154 274 274 173 226 127 67 23 232 220 109 87 112 185 43 49 211 219 149 247 151 162 205 244 248 50 143 288 169 65 152 31 243 110 175 234 13 175 253 179 282 6 232 186 96 39 229 165 98 195 113 246 245 211 169 190 246 193 263 210 115 228 111 100 105 252 77 105
35 26 146 125 233 100 63 19 162 196 29 96 153 123 166 120 95 36 75 80 92 186 103 97 107 99 242 96 188 68 208 233 96 2 180 48 158 69 162 112 39 132 218 131 113 136 86 170 146 145 136 57 167 126 23 59 65 61 188 144 68 147 60 246 99 178 169 156 226 139 81 137 201 70 41
84 26 185 83 233 147 96 65 206 231 78 144 147 99 123 163 142 19 59 80 126 143 69 140 150 115 254 114 186 117 228 248 57 48 223 69 129 95 123 160 37 150 232 88 136 182 120 215 103 181 157 8 129 166 73 11 95 65 215 184 117 158 90 256 135 214 189 144 236 130 75 126 226 41 30
160 145 175 91 108 183 121 143 212 190 167 187 27 39 101 176 176 125 75 70 129 111 74 160 166 83 146 87 62 178 147 148 88 145 221 191 45 106 84 203 110 92 134 95 103 197 125 218 96 159 102 134 80 166 155 139 212 86 156 178 197 76 207 145 134 184 118 14 127 16 66 12 159 91 112
117 84 177 47 172 161 96 97 208 210 119 162 85 32 82 166 155 63 22 45 119 101 18 145 153 85 202 86 125 144 188 199 26 91 222 131 65 86 74 179 54 114 184 54 110 187 112 216 65 166 123 68 76 162 109 72 155 47 184 178 155 112 149 202 127 197 151 80 183 68 34 63 192 26 53
188 170 199 100 102 210 149 171 237 210 195 214 43 56 99 202 204 149 100 97 156 104 91 187 193 109 148 114 62 206 159 153 105 171 245 216 40 134 81 230 135 114 141 103 128 224 152 243 99 183 124 156 75 192 183 160 238 114 173 203 225 95 233 146 161 205 136 28 130 42 92 40 174 113 136
27 38 132 128 222 89 49 7 149 182 28 86 144 119 168 107 84 42 71 71 77 188 104 84 94 87 230 83 178 60 194 220 98 14 167 61 155 56 163 102 38 119 205 134 99 124 72 158 148 131 123 66 167 113 17 69 75 54 174 130 64 135 70 233 85 164 155 148 214 131 75 130 187 71 42
157 164 133 142 76 157 109 146 171 137 168 163 31 89 158 142 152 146 102 80 103 168 119 133 136 62 96 67 36 164 90 94 131 155 177 204 102 95 141 177 127 47 79 148 68 162 101 176 151 114 56 164 137 129 156 169 220 98 100 137 188 24 215 97 105 134 63 47 77 44 85 50 102 123 132
157 171 120 158 76 150 108 148 158 120 170 157 49 105 176 132 145 155 114 89 97 186 134 126 128 62 85 67 45 161 72 80 145 159 163 209 120 95 159 169 135 38 64 164 62 151 97 163 168 101 44 174 155 118 158 179 223 106 83 124 186 15 218 87 98 118 45 65 67 62 95 68 84 135 140
166 215 48 258 179 109 133 173 62 13 181 118 174 213 287 79 109 210 195 167 103 302 230 98 90 127 140 126 170 143 85 122 235 192 51 230 239 134 273 116 193 105 117 265 102 77 109 59 274 48 94 236 271 68 174 240 229 172 51 52 169 121 226 147 94 15 84 189 138 180 178 185 61 213 200
134 85 211 22 204 187 125 114 239 246 132 187 119 57 63 196 182 68 53 81 151 83 22 174 183 121 237 122 157 165 225 235 12 102 254 130 77 117 63 204 70 151 220 28 146 217 144 247 43 201 161 58 69 194 124 60 156 77 221 211 171 149 151 237 159 233 189 110 218 101 70 95 230 38 65
201 212 151 185 35 190 151 192 189 137 213 197 69 132 195 169 185 195 151 129 139 202 165 165 166 105 51 110 36 203 70 55 178 202 190 252 136 138 177 208 176 79 44 190 103 186 139 192 191 132 82 213 172 154 201 217 266 146 97 156 229 58 261 50 138 140 67 81 32 87 133 93 91 171 181
166 155 170 106 93 183 124 150 208 181 174 187 14 53 116 173 177 136 86 76 128 124 89 160 165 81 131 86 47 181 134 133 102 153 216 201 58 108 98 203 119 85 119 111 99 195 125 214 111 153 95 147 94 163 162 151 221 94 145 173 201 67 215 130 133 176 108 1 112 16 74 18 147 104 122
49 12 161 118 241 115 77 35 177 211 40 111 159 123 159 136 111 29 75 86 106 179 99 113 122 110 253 107 195 83 220 245 90 15 195 41 157 82 157 126 40 144 229 124 125 152 100 186 139 160 149 45 162 142 38 46 63 67 202 159 79 157 58 256 114 193 181 160 236 144 85 141 215 67 39
159 147 169 98 103 179 118 143 206 183 167 183 19 44 109 171 172 127 77 69 125 119 79 156 162 78 139 83 56 175 139 140 93 145 215 192 52 103 92 199 111 85 126 102 97 192 121 212 103 153 95 138 88 161 154 142 212 86 148 172 195 69 207 138 130 177 111 9 120 10 66 10 151 94 113
204 173 234 81 141 237 173 185 271 250 208 240 83 61 65 233 231 153 109 117 186 64 85 216 223 140 190 144 104 227 202 196 97 181 280 221 25 159 48 257 144 151 183 81 162 255 181 277 72 219 162 152 40 225 197 156 245 129 214 237 242 135 239 187 192 243 177 67 172 76 109 71 216 115 143
209 168 259 62 182 252 187 189 293 280 210 253 117 74 29 253 246 149 114 131 205 23 80 233 241 162 230 165 144 237 237 234 88 181 304 214 46 174 21 271 145 180 221 59 186 275 199 300 45 244 191 141 16 246 201 144 239 139 247 260 247 167 234 227 212 272 209 102 211 106 121 100 250 113 142
173 207 84 221 111 138 127 173 117 57 188 147 118 170 242 110 135 196 166 137 102 254 194 117 113 98 76 99 106 163 22 59 203 189 114 235 188 121 226 153 176 64 51 227 78 121 106 119 233 67 56 220 223 94 178 224 242 149 17 89 191 68 238 83 96 63 26 134 71 129 147 135 15 186 183
55 12 168 119 247 121 84 41 183 218 44 116 165 127 160 142 116 32 80 92 113 180 102 119 129 117 260 114 202 87 228 252 92 22 201 36 160 89 159 131 46 151 237 125 133 158 108 192 140 167 156 43 164 148 43 43 60 74 209 166 82 164 55 263 121 200 189 165 243 149 91 147 222 70 44
189 205 134 187 51 175 139 181 172 120 202 182 72 133 200 153 170 189 147 123 125 208 165 150 151 95 51 99 46 190 55 49 177 193 173 242 142 127 182 193 169 66 35 192 90 169 125 175 194 115 68 208 178 137 190 212 255 140 80 140 216 47 251 53 123 123 50 86 33 88 128 94 75 168 174
59 3 169 110 241 124 83 43 186 218 50 121 158 118 151 144 120 23 72 86 113 171 93 121 131 113 256 110 195 92 225 248 83 24 204 45 152 87 150 136 39 148 233 116 130 161 107 195 131 167 153 35 155 150 48 36 69 68 207 167 89 160 64 259 121 201 186 158 239 142 84 139 220 61 36
131 188 30 251 213 67 112 143 11 63 145 74 187 213 284 42 69 187 184 159 85 301 222 66 56 125 182 122 195 103 127 165 224 163 18 194 244 119 272 68 173 116 157 258 102 29 92 14 269 48 107 214 272 42 141 216 188 159 91 27 126 138 186 190 77 47 112 201 177 189 170 193 105 199 180
90 68 151 74 173 132 68 71 180 187 94 133 88 53 111 138 126 49 7 23 92 129 45 116 125 63 194 63 126 116 173 189 48 69 195 114 89 58 102 151 33 96 174 81 88 159 85 188 93 141 105 64 104 135 83 69 135 19 165 152 128 100 130 196 100 174 135 87 176 72 15 69 175 26 35
148 119 192 49 150 186 120 129 226 217 152 188 67 7 67 186 179 98 53 64 138 81 35 166 174 96 187 99 104 173 183 187 49 125 238 166 31 107 52 205 88 117 173 54 120 208 132 233 57 178 127 101 52 179 141 105 189 74 186 194 187 108 184 186 145 207 150 56 168 50 55 44 191 61 87
158 135 188 70 129 189 125 140 223 207 164 192 49 21 80 185 182 114 66 69 137 91 56 168 175 92 168 96 84 180 168 170 70 139 234 182 27 110 63 208 102 108 155 74 115 207 132 230 74 173 118 120 60 177 152 124 205 83 174 190 196 95 199 167 144 199 138 36 149 34 62 28 178 78 102
137 160 89 168 103 121 87 131 127 95 151 129 73 118 191 102 116 147 113 85 70 204 141 97 98 48 97 51 77 136 65 87 150 145 132 193 139 77 175 140 127 13 72 174 36 120 71 132 181 70 14 169 173 87 139 174 204 98 62 93 162 21 200 102 69 89 27 88 83 80 94 85 68 134 133
247 256 194 217 18 236 198 238 230 171 260 244 105 165 218 214 232 238 192 172 186 221 200 212 212 152 50 157 65 250 98 66 214 248 229 297 160 185 200 254 219 126 66 220 150 230 186 233 219 175 129 254 194 198 248 258 312 190 132 199 276 105 307 43 185 178 109 112 45 123 175 128 122 211 224
178 225 61 263 170 124 142 184 77 7 193 132 173 216 290 93 123 219 201 172 112 304 234 111 103 132 128 131 166 157 75 110 241 203 66 242 240 142 275 131 201 106 107 270 107 93 118 75 278 58 96 245 273 81 186 249 243 179 44 66 183 120 239 136 104 26 80 188 128 181 183 186 51 219 208
106 91 146 80 150 138 73 88 179 177 112 140 64 41 110 138 131 72 25 17 90 127 51 119 127 52 173 54 103 127 155 169 59 89 192 136 76 60 98 157 55 80 153 86 77 160 84 186 96 134 90 87 99 133 100 92 157 31 151 148 143 80 151 174 97 165 118 65 154 49 10 46 159 46 58
109 154 28 199 163 68 71 114 66 64 125 77 129 158 230 42 65 148 134 107 41 246 170 47 43 69 143 67 139 94 92 127 175 132 74 173 187 72 217 84 131 58 116 206 45 58 47 72 216 14 50 174 216 26 116 178 176 111 61 32 122 81 173 149 33 48 63 143 133 131 118 135 77 151 138
142 116 182 57 144 177 112 123 216 207 147 179 60 3 77 176 171 95 48 56 128 91 38 157 165 86 179 89 98 165 173 179 52 121 228 163 37 99 62 196 83 107 164 62 110 198 123 223 66 168 117 101 62 170 135 105 186 67 176 184 180 98 181 179 135 197 140 50 160 42 47 36 182 59 83
144 165 97 167 94 131 95 138 136 100 158 138 67 116 189 111 126 151 115 88 79 201 141 106 107 53 90 56 68 144 63 81 151 151 140 200 136 84 173 149 131 21 66 173 44 129 80 140 179 78 23 173 170 96 146 177 212 102 65 102 171 15 207 94 78 96 28 83 75 76 96 82 69 136 137
189 161 218 76 133 221 157 170 254 234 194 224 68 46 68 217 214 140 95 101 169 72 74 200 206 123 180 128 93 211 188 184 87 167 264 208 13 142 50 240 130 135 171 77 145 239 164 261 71 202 146 142 44 208 182 145 232 114 199 221 227 120 227 177 175 227 162 53 161 60 93 55 201 103 130
226 242 160 219 39 207 176 219 196 134 239 215 102 165 227 183 203 226 183 160 159 233 198 183 182 132 19 136 67 225 61 31 211 230 194 280 168 164 209 224 206 102 29 223 125 197 161 198 224 142 102 245 204 167 227 249 292 177 96 166 251 84 288 17 157 142 77 114 8 120 165 126 85 204 212
96 68 161 65 177 141 77 76 190 197 99 142 91 49 102 147 135 48 3 32 101 121 37 125 134 72 201 72 130 123 181 196 38 72 204 115 84 67 94 159 35 104 181 72 97 168 94 198 84 151 113 60 97 144 88 64 137 28 174 161 134 107 132 202 109 183 143 88 182 74 22 70 183 18 35
180 174 170 127 72 190 135 165 209 175 189 195 19 75 134 177 184 155 106 93 135 141 110 166 170 90 112 95 26 192 121 116 124 171 215 219 75 120 116 210 138 84 103 131 103 198 132 214 131 152 93 167 111 165 177 172 238 111 137 174 214 62 232 110 138 172 100 22 93 35 92 39 137 124 141
245 263 175 238 47 225 196 239 210 144 259 233 122 184 244 199 221 246 203 180 178 249 218 201 200 153 17 157 85 243 72 35 230 251 206 300 185 185 226 241 227 122 42 242 145 212 180 211 242 157 121 265 221 183 247 270 313 197 108 181 271 105 308 9 176 154 95 132 26 139 185 145 96 224 232
167 131 217 38 164 208 143 147 250 241 169 210 86 32 43 210 202 111 72 88 162 57 41 190 198 120 205 123 120 194 205 207 53 141 262 178 24 131 28 227 104 141 193 40 145 232 156 258 37 203 152 108 27 204 159 111 202 96 210 218 206 131 197 204 169 232 174 73 186 71 77 65 215 73 102
31 53 147 159 260 91 79 38 154 201 16 84 184 158 200 117 88 69 109 111 102 220 138 97 105 123 264 119 217 55 224 253 130 37 173 36 193 91 197 97 74 153 238 165 131 129 98 163 180 151 155 86 202 127 28 86 38 94 199 144 41 171 34 268 108 182 186 188 249 171 114 170 214 105 76
197 156 247 51 178 240 174 177 281 270 198 241 109 63 25 241 233 137 102 119 193 28 67 221 229 151 224 154 138 224 230 228 76 169 293 202 38 162 10 259 133 170 215 48 175 263 187 289 36 233 181 130 4 235 188 133 227 126 237 249 235 158 222 222 200 261 200 95 206 97 109 91 241 101 130
202 182 214 107 103 225 164 185 251 222 209 229 56 67 99 217 219 162 113 112 171 101 101 202 208 124 153 129 69 221 169 160 115 185 259 230 44 149 82 245 149 128 148 108 143 238 167 257 103 196 138 167 75 206 197 171 252 128 185 217 240 108 246 150 176 218 147 42 136 57 107 55 185 126 150
180 185 152 151 55 181 132 169 191 150 192 187 35 98 161 164 175 166 120 101 126 169 131 156 159 85 85 90 13 188 93 87 144 177 195 226 103 118 144 200 148 69 74 156 91 183 125 195 157 134 76 182 139 150 179 187 243 119 111 157 212 45 238 84 128 149 75 47 66 53 103 59 110 140 152
36 46 125 121 206 88 37 18 145 172 42 86 129 107 160 102 82 42 60 56 67 180 95 79 89 72 215 68 163 64 180 205 91 27 162 76 143 42 154 104 31 105 190 128 85 121 61 154 141 122 109 69 157 106 30 72 90 40 161 123 74 120 85 218 75 155 141 133 198 116 61 115 174 64 37
162 196 77 211 112 129 116 161 112 59 177 137 111 161 234 102 125 184 155 126 91 246 184 107 104 87 83 88 103 153 32 67 193 177 111 224 181 109 218 144 165 54 57 218 66 114 94 114 224 59 45 208 215 85 167 213 231 138 20 83 180 60 226 90 85 61 18 127 76 121 136 127 25 176 172
195 205 149 178 39 186 145 185 187 137 207 193 62 124 188 166 181 188 144 122 134 195 158 161 163 99 58 104 30 198 72 61 170 195 189 245 129 132 170 205 169 74 49 183 98 183 134 191 184 130 78 206 166 150 195 210 260 140 97 154 224 52 255 57 134 140 66 74 39 80 126 85 92 164 174
156 214 54 277 228 91 139 170 27 65 170 97 210 239 310 69 94 214 211 185 112 327 248 92 82 150 192 147 214 127 137 174 251 189 9 218 269 146 298 88 200 138 168 284 127 53 118 19 295 70 128 240 298 68 167 243 211 186 101 52 148 159 209 199 104 55 128 224 189 213 197 217 113 226 207
72 128 49 200 209 17 58 84 59 104 86 25 160 170 236 18 14 129 133 112 42 255 171 10 8 88 194 84 178 47 144 179 172 103 77 135 204 69 226 35 116 97 167 207 74 35 46 68 219 57 92 155 228 30 82 158 133 107 112 45 73 121 130 200 38 84 113 171 183 156 123 158 128 145 123
126 78 203 30 202 179 117 105 231 239 124 178 116 56 70 188 173 60 45 73 143 91 20 166 175 114 233 115 155 156 220 231 6 94 246 123 79 109 69 196 61 145 216 36 139 209 136 239 50 193 154 52 75 186 116 55 149 69 215 203 162 144 144 234 151 225 183 108 214 98 63 92 223 30 56
29 85 118 184 254 57 71 50 120 173 32 50 186 172 224 86 56 96 125 119 85 244 159 70 77 118 250 113 215 22 206 238 154 62 139 72 208 86 219 61 94 142 224 190 118 95 83 128 204 125 142 117 222 99 39 118 64 104 177 114 9 163 62 256 89 153 170 193 237 177 125 176 193 127 98
45 19 151 113 226 108 64 27 169 199 41 105 145 112 154 127 103 24 64 72 94 174 91 103 113 96 239 93 181 78 206 230 84 10 186 55 147 68 150 122 28 130 215 119 111 144 88 177 134 148 135 47 155 131 34 49 75 53 188 149 80 143 69 242 102 182 167 147 222 130 72 128 201 58 29
172 229 67 291 232 106 153 185 43 66 186 113 220 251 323 84 109 229 224 199 126 339 262 107 97 163 193 160 221 142 139 175 265 204 24 233 280 160 310 103 214 148 171 298 138 68 132 34 308 81 138 255 310 82 182 258 226 199 105 66 163 168 224 201 117 60 135 234 192 224 210 228 115 240 221
135 184 19 232 175 81 102 142 49 37 150 90 155 189 262 51 81 180 166 139 72 277 202 67 60 101 145 99 159 114 90 127 207 161 49 199 217 104 248 91 163 84 119 239 76 55 79 51 248 18 74 206 248 37 143 209 199 143 54 24 140 104 196 152 64 17 74 170 139 160 151 164 68 184 170
103 91 143 83 150 134 69 86 175 174 110 137 65 45 114 135 128 72 26 13 87 131 54 115 123 48 172 50 103 124 153 167 62 88 188 135 80 56 102 154 54 78 152 90 74 156 81 183 99 131 87 88 103 129 98 92 155 28 148 144 140 78 149 173 94 162 116 66 153 50 8 48 156 47 57
88 144 33 211 203 30 70 100 45 88 103 39 161 177 246 1 29 144 144 121 47 264 182 22 12 92 184 88 176 63 132 168 183 119 61 152 210 79 235 42 130 94 157 218 74 23 52 53 229 44 87 170 236 16 98 173 149 118 99 28 89 118 147 191 40 68 105 173 175 159 132 162 115 157 137
212 168 264 61 191 256 191 191 298 287 212 257 125 80 24 258 250 150 118 136 210 14 81 238 246 168 239 171 152 239 246 243 88 182 310 213 54 179 22 275 147 187 230 57 192 280 204 305 42 250 198 140 21 252 203 143 239 142 254 266 249 174 234 236 217 278 217 110 220 113 125 108 258 114 144
231 233 195 184 21 229 183 219 233 182 242 236 77 134 184 211 224 214 166 149 176 186 169 205 207 136 77 141 40 239 113 89 183 227 235 276 126 169 166 249 196 117 83 187 141 229 175 237 185 176 122 227 159 196 230 232 293 168 142 200 263 93 288 72 177 185 112 81 64 94 151 99 135 184 199
22 46 125 133 219 81 43 3 142 175 27 78 144 122 173 100 76 49 74 71 71 193 108 77 86 83 226 79 177 53 189 216 103 21 159 65 158 52 168 95 43 115 201 140 94 117 66 150 154 124 118 74 171 105 14 76 77 55 168 123 60 132 72 230 78 157 150 148 210 131 76 130 181 76 48
125 131 120 123 110 133 78 113 157 138 136 138 40 72 146 123 127 114 73 48 78 159 96 109 114 32 126 37 67 135 108 121 106 122 166 171 96 63 130 153 95 38 105 129 48 144 75 164 135 104 49 133 128 112 123 138 187 65 107 123 158 32 182 128 82 130 72 52 108 39 54 43 114 94 100
35 52 152 158 263 96 83 41 159 206 20 89 186 158 199 122 93 68 110 113 107 219 138 102 110 127 268 122 220 60 228 257 130 37 178 31 194 94 197 102 75 157 242 164 135 134 103 168 179 155 159 84 201 132 31 84 34 95 204 149 45 175 29 272 113 187 191 190 252 173 116 172 219 105 76
180 209 99 214 92 150 132 177 134 75 195 159 106 161 233 124 147 196 162 134 109 243 188 128 125 97 60 99 90 173 16 45 198 192 132 240 177 124 216 166 176 62 34 220 81 136 112 136 224 82 57 219 213 107 184 223 248 148 36 105 200 60 244 67 105 81 24 121 54 119 143 125 29 183 183
119 70 200 37 207 174 113 99 227 238 117 173 120 62 78 184 168 53 44 73 140 98 27 162 171 114 237 114 160 151 221 234 13 87 243 115 87 106 77 191 56 145 218 43 138 205 133 236 58 191 154 43 83 183 109 46 141 67 215 200 156 146 136 237 149 224 184 114 218 102 63 97 224 26 50
161 116 226 10 192 210 146 141 257 256 161 210 111 50 34 215 204 98 71 94 168 53 32 194 203 132 231 134 147 191 226 232 37 131 271 161 53 135 31 228 96 157 217 11 157 237 162 265 16 214 168 89 38 211 152 91 187 96 228 227 199 151 182 230 176 245 193 99 212 94 83 88 234 64 92
213 239 132 233 76 185 165 210 165 99 228 193 119 179 247 158 181 225 187 161 143 255 209 162 160 127 28 130 92 207 27 11 220 224 161 272 189 156 229 200 205 93 13 238 113 170 146 166 241 115 89 247 225 142 217 251 282 176 63 138 235 83 277 36 139 109 58 133 31 134 169 140 50 209 211
46 106 77 189 224 20 52 62 83 132 60 17 166 165 227 45 16 110 123 108 51 246 161 29 35 94 214 89 189 19 167 200 160 81 102 108 201 66 219 34 101 111 188 196 87 57 52 91 209 84 108 135 221 58 57 138 105 98 137 73 46 134 102 220 52 112 134 175 202 159 117 160 152 132 107
23 77 96 158 215 50 31 32 110 148 39 48 147 139 197 69 45 79 94 82 49 217 131 46 56 78 213 73 176 28 171 201 129 52 128 87 175 46 190 65 70 104 187 165 80 85 46 119 179 97 104 105 192 76 31 107 91 70 146 93 48 124 87 218 55 129 134 155 199 138 90 139 160 101 76
40 61 154 168 271 95 89 49 158 208 26 88 195 168 209 123 93 78 120 122 112 229 148 104 112 134 274 130 228 59 233 263 140 47 177 34 204 101 207 99 85 164 248 174 141 133 108 167 189 158 165 93 211 134 38 93 29 105 208 150 40 182 25 278 117 189 196 199 259 182 126 181 223 115 86
167 225 66 289 237 101 151 181 38 71 181 107 221 251 322 80 105 225 223 197 124 339 260 104 94 162 199 159 224 137 144 181 263 200 21 228 281 158 310 97 211 149 176 296 138 63 130 29 307 81 140 252 310 80 178 255 220 198 109 64 157 170 219 207 116 64 138 236 197 224 209 229 120 237 219
126 77 206 31 207 181 119 106 233 243 124 180 121 61 72 190 175 59 49 77 146 92 26 168 177 118 239 119 160 157 224 236 12 93 249 121 84 112 72 197 62 149 221 36 143 211 139 242 51 197 158 49 77 189 116 51 147 72 219 206 162 149 142 239 154 229 187 114 220 103 67 98 228 32 57
61 122 72 206 233 10 68 78 71 127 73 1 179 182 244 40 13 127 140 124 62 263 178 33 35 107 220 102 201 29 170 205 177 97 90 120 217 82 236 17 118 120 193 213 97 46 64 79 226 83 116 152 238 56 73 154 113 115 138 68 51 144 111 226 61 108 139 189 209 174 134 175 154 149 124
151 156 134 133 83 155 104 140 173 142 163 161 25 80 150 142 150 138 94 72 100 161 110 131 135 57 105 62 40 160 98 103 122 148 179 197 95 89 133 175 119 48 88 139 67 162 98 178 142 117 58 156 130 129 150 160 213 90 107 138 184 28 208 106 103 138 69 40 86 36 76 42 109 114 124
150 165 112 158 84 142 100 142 151 115 163 149 52 105 177 124 137 150 110 84 89 188 132 117 120 55 89 59 53 153 72 83 143 153 156 202 122 88 160 161 130 30 68 163 53 143 89 155 168 94 36 170 157 110 151 174 216 100 79 117 179 7 211 92 89 112 41 68 72 63 91 69 81 131 135
26 76 127 177 257 67 73 45 130 182 24 60 187 169 218 96 66 89 121 117 90 238 154 78 85 120 255 115 217 31 212 243 148 55 149 61 205 87 214 71 89 146 229 184 122 105 88 138 198 133 146 109 217 108 33 109 55 101 184 123 15 166 52 260 95 162 176 193 241 176 123 175 199 121 92
67 34 185 136 272 132 105 60 196 237 53 127 189 149 176 157 129 55 104 117 133 196 122 135 144 141 284 138 226 97 251 276 111 43 215 16 182 112 177 140 70 175 260 141 155 171 128 205 156 186 179 57 183 165 58 55 43 98 230 182 84 189 38 288 141 218 212 190 268 174 116 171 244 92 68
165 186 108 181 78 148 115 159 146 100 179 155 73 129 200 126 143 171 133 107 98 210 156 123 124 74 70 77 62 164 48 61 167 172 148 221 144 104 183 166 151 41 46 187 64 142 100 150 192 89 41 192 179 110 167 197 232 122 61 113 190 29 228 74 97 100 25 89 54 86 114 92 60 154 157
117 161 31 202 157 77 78 121 69 58 133 85 127 159 232 50 74 154 138 110 48 248 173 56 52 71 135 69 134 103 84 119 178 139 75 181 187 78 219 92 136 56 108 209 46 64 54 74 218 13 46 180 218 33 124 184 185 115 53 35 130 78 181 141 40 43 56 142 126 131 121 135 68 156 144
199 223 123 217 72 173 150 195 158 97 213 181 104 163 232 148 169 209 171 145 129 241 193 150 148 111 37 114 80 194 25 24 204 208 156 257 175 140 215 189 189 77 10 223 98 160 132 160 226 105 74 230 211 131 202 235 267 160 58 129 221 67 262 43 126 104 44 118 30 119 152 125 48 192 195
217 221 180 178 21 214 169 206 218 168 229 221 67 126 181 196 209 202 155 137 161 185 162 190 192 122 71 127 28 224 100 80 175 214 220 263 122 155 163 233 184 102 72 182 126 213 160 222 180 161 107 217 157 181 216 221 280 156 128 185 249 78 275 66 162 171 97 73 55 85 139 89 122 174 188
97 103 114 113 139 113 52 84 148 143 107 117 64 71 143 109 107 87 52 24 61 159 85 91 98 18 152 21 95 110 126 145 91 93 160 142 103 37 130 133 68 49 129 120 44 131 56 155 129 101 58 109 130 101 95 113 158 38 118 116 131 56 153 154 67 131 88 72 134 56 34 57 128 73 73
207 162 263 55 194 252 187 186 296 286 207 254 126 78 17 255 246 144 114 133 207 11 77 235 243 166 241 169 155 235 247 245 83 177 308 207 55 176 19 271 142 186 232 50 191 277 201 303 35 249 197 134 20 249 198 136 233 139 254 264 245 175 228 239 214 277 217 112 223 114 122 108 258 109 139
62 123 89 213 251 28 81 82 82 143 71 19 194 193 253 57 31 130 150 136 79 272 187 51 53 122 238 117 217 29 188 223 184 98 101 114 229 95 245 20 124 138 211 220 114 58 80 89 234 100 134 154 248 73 74 156 103 126 156 84 40 161 102 244 78 124 157 204 227 188 145 189 171 156 130
106 101 134 94 139 131 67 91 168 162 115 134 56 51 123 129 125 82 39 17 81 139 66 110 118 38 159 41 93 124 140 154 74 95 180 144 83 53 110 151 64 65 139 101 64 150 75 175 109 121 75 100 109 122 102 104 162 36 136 136 143 65 157 161 87 151 103 60 141 43 20 43 144 60 68
198 165 234 70 149 233 168 178 269 251 201 236 86 55 54 231 227 144 102 112 183 55 75 213 220 138 197 142 111 222 206 202 87 173 280 212 19 155 37 253 136 152 189 69 161 253 178 276 60 218 163 142 29 223 190 146 236 123 217 236 236 137 231 194 189 244 179 70 179 76 103 71 219 107 135
122 104 160 71 142 154 90 104 194 187 128 157 56 25 97 153 148 84 34 34 105 113 45 135 142 64 171 67 95 144 159 169 56 104 206 150 59 76 84 174 68 88 153 77 89 175 100 201 85 147 98 95 84 147 116 99 171 47 158 162 160 83 166 171 112 176 123 52 152 38 26 34 165 52 70
145 191 35 230 159 97 108 150 66 27 161 105 146 185 258 66 95 185 167 139 78 273 201 80 73 99 127 98 146 127 72 110 207 169 64 210 211 108 244 108 167 76 102 237 73 72 84 68 246 25 66 211 243 51 153 214 212 145 36 41 154 94 208 134 70 16 60 161 122 152 150 157 51 185 174
194 218 120 212 72 169 145 189 155 96 208 177 100 159 228 144 165 204 166 139 124 237 188 146 144 106 41 109 77 189 25 29 199 203 153 252 171 135 211 185 184 72 15 218 93 157 127 157 221 102 69 225 207 127 197 229 262 155 56 126 216 62 257 48 121 102 39 114 33 115 147 121 47 187 190
73 87 104 121 161 93 29 62 134 141 84 96 88 87 155 93 86 75 54 29 45 172 91 73 81 26 169 22 119 86 137 160 95 73 148 122 121 14 144 112 55 60 145 128 44 115 39 142 139 94 66 99 145 88 72 103 136 31 123 105 107 73 131 172 53 127 98 96 152 79 40 80 134 71 62
32 93 96 183 237 37 57 51 101 151 43 31 173 166 223 65 35 100 121 109 65 242 157 48 55 102 230 97 200 1 185 217 154 68 120 90 202 72 216 45 94 124 204 190 100 75 64 109 204 103 122 124 219 77 43 125 85 97 156 92 28 146 83 236 68 132 150 181 217 165 117 165 171 126 99
232 244 175 212 21 219 183 223 211 152 245 226 97 159 217 196 214 227 182 160 169 222 193 194 194 137 36 142 59 234 80 50 206 234 210 284 158 170 199 236 207 110 48 216 134 211 169 214 215 156 111 244 193 180 233 248 298 178 113 180 260 89 293 31 167 159 91 106 26 115 164 120 103 202 212
23 53 117 135 213 76 35 11 135 167 32 74 138 120 174 93 70 54 73 67 63 194 109 70 79 76 218 72 171 50 181 208 105 29 153 73 156 44 168 91 45 107 193 141 86 110 57 144 155 116 110 79 171 98 19 82 84 52 159 115 61 124 79 222 70 149 142 144 202 127 73 126 173 77 51
166 166 151 132 73 172 120 153 189 156 177 178 16 78 144 159 167 148 101 83 117 153 112 148 152 73 104 78 27 176 106 105 124 160 195 209 86 105 127 192 129 65 91 137 84 179 115 194 139 133 74 163 122 146 164 167 226 101 119 155 199 43 221 104 120 152 81 30 85 33 85 39 120 120 133
109 79 170 55 172 153 88 89 200 203 112 154 85 37 90 158 147 58 14 38 111 109 25 137 145 78 199 79 124 136 183 196 31 85 214 126 72 78 82 171 47 108 180 62 103 179 105 208 73 159 118 66 84 154 101 70 149 39 179 171 148 108 144 200 119 191 146 81 180 67 27 63 187 23 47
62 14 176 118 252 128 92 49 191 226 51 124 169 129 158 150 124 34 83 97 121 178 102 127 137 124 267 121 207 95 235 259 92 30 209 35 162 97 158 139 50 158 243 123 140 166 115 200 138 175 163 40 164 156 51 39 60 79 217 174 88 171 55 270 129 208 196 169 250 154 96 151 230 71 47
161 132 201 54 145 197 132 142 235 223 165 199 66 18 63 196 191 111 66 76 148 75 46 177 185 104 185 108 100 185 185 187 60 138 246 179 18 118 47 216 101 123 173 57 128 218 142 242 57 186 133 113 44 189 154 117 203 87 191 203 199 111 197 184 154 214 154 53 166 51 67 45 195 73 100
47 92 135 196 275 73 92 65 133 190 43 65 206 189 237 103 73 107 141 137 105 257 173 89 94 139 271 134 236 41 226 258 167 73 152 68 225 106 233 71 108 163 245 202 139 109 104 140 217 143 163 125 237 117 53 125 53 121 197 130 14 184 52 276 109 170 191 212 258 196 143 195 212 140 111
104 148 34 193 161 67 65 108 71 70 120 75 124 151 224 43 63 142 127 100 35 240 163 45 42 63 143 60 135 91 94 128 168 126 80 168 181 66 211 84 124 54 117 199 39 61 41 77 209 21 46 168 210 28 111 171 172 104 65 37 119 77 168 149 27 54 63 138 133 126 112 129 80 145 131
81 93 107 118 153 99 37 70 138 141 92 103 80 81 151 98 93 79 53 26 50 168 89 79 86 20 162 18 110 95 133 154 93 80 151 129 115 22 139 119 59 55 139 125 42 120 44 146 135 96 61 102 140 92 80 107 144 32 120 108 116 66 139 165 57 127 93 87 145 71 37 72 131 72 66
44 100 74 176 210 29 37 55 87 128 59 30 151 151 214 46 23 101 110 93 38 233 148 24 33 79 203 74 175 28 157 190 147 75 105 108 186 52 205 47 90 97 176 183 73 63 38 96 196 78 95 127 207 54 53 130 109 85 129 71 55 120 105 208 40 109 122 160 190 144 103 145 144 120 96
100 158 42 232 223 34 90 114 30 93 113 40 184 200 268 22 37 160 165 143 69 286 203 41 32 115 201 111 198 70 147 184 204 133 49 160 233 100 257 34 148 116 174 239 97 5 75 38 251 59 109 186 258 35 110 189 154 139 112 36 91 140 152 207 63 74 123 196 193 182 154 185 127 177 155
167 131 215 40 162 208 142 147 249 239 169 209 84 30 45 209 201 111 71 87 161 58 41 189 197 119 203 122 118 193 203 205 53 141 261 178 23 130 29 227 104 140 191 42 144 230 155 256 39 202 150 109 29 202 159 112 203 95 208 217 205 129 197 202 168 230 172 71 184 69 76 63 213 73 102
182 219 85 235 119 143 138 183 116 49 197 151 132 184 257 114 140 208 179 151 111 268 208 123 118 111 79 112 119 170 24 61 217 200 110 245 203 132 241 156 189 78 56 241 90 122 115 116 247 70 69 232 238 98 188 236 250 162 15 91 198 83 246 87 105 59 40 148 77 144 160 149 1 200 195
26 36 135 129 226 90 52 8 151 185 25 86 148 122 170 109 85 42 74 75 81 190 106 86 96 91 234 87 182 59 198 224 100 11 169 57 158 60 165 102 40 123 209 136 103 126 75 160 150 134 127 66 169 115 16 68 71 58 177 133 62 139 65 238 88 167 159 152 218 135 78 134 191 73 44
52 9 162 113 237 117 76 36 179 211 44 114 155 118 154 137 113 24 71 82 106 174 94 114 124 108 251 105 192 86 219 242 85 17 197 46 152 81 152 129 36 142 227 119 124 154 100 187 134 160 147 41 157 142 41 42 68 64 201 160 83 155 63 254 114 193 180 156 234 140 81 137 214 62 35
49 14 156 111 229 113 69 31 174 204 44 110 147 112 151 132 108 21 64 74 99 172 90 108 118 100 243 97 184 83 211 234 82 14 191 53 147 73 149 126 29 134 219 117 116 149 93 182 131 153 139 42 153 136 38 44 74 56 193 154 83 147 69 246 107 187 172 148 226 132 74 130 206 57 29
66 31 183 134 269 131 103 58 195 235 52 126 186 147 174 155 128 52 101 114 131 194 120 133 143 138 282 135 223 96 248 273 109 41 213 18 179 109 175 139 67 172 258 139 153 169 126 203 154 184 176 55 180 163 56 53 44 95 228 180 83 186 40 285 138 216 209 187 265 171 113 168 241 89 65
38 24 153 129 243 105 72 27 167 204 28 100 163 130 170 126 101 39 82 89 100 190 109 104 114 109 252 106 198 71 217 243 101 11 186 38 165 79 168 115 47 142 228 135 122 142 95 176 150 153 146 57 172 133 28 58 56 71 197 151 67 157 51 256 108 186 179 165 236 148 90 146 210 76 47
172 228 62 286 221 108 150 184 45 54 187 115 211 245 317 83 111 227 220 193 122 333 257 106 96 156 181 154 211 144 127 163 260 204 26 235 273 156 304 107 212 140 159 293 132 70 129 38 303 74 130 253 303 79 182 256 229 195 93 62 166 159 227 189 113 50 124 226 180 216 205 220 103 236 219
158 211 41 262 194 98 130 167 45 31 173 106 183 219 292 69 99 207 196 169 100 307 232 90 81 131 157 129 183 133 102 139 237 187 33 222 246 133 278 102 191 113 134 268 106 63 107 41 278 48 102 234 277 61 167 237 219 173 67 43 158 131 217 165 92 22 97 198 155 189 181 193 79 213 198
106 156 15 210 180 55 75 113 49 66 121 64 146 171 243 26 54 152 143 118 46 259 181 39 32 83 158 80 157 86 106 143 184 133 60 170 202 79 230 69 136 76 132 217 60 40 52 56 227 18 67 179 230 10 114 182 171 119 73 16 113 99 167 165 37 46 80 160 150 147 129 151 88 160 143
34 28 142 123 228 98 58 16 159 192 30 94 148 119 164 117 93 35 71 75 87 184 101 94 104 94 237 91 184 67 203 228 94 4 177 53 155 64 160 110 36 128 213 130 108 134 82 168 144 141 132 58 164 123 23 60 70 57 183 140 69 142 65 241 95 174 164 151 221 135 77 133 196 68 38
69 15 171 93 228 132 82 50 191 217 64 129 144 101 134 149 127 7 56 74 113 154 75 125 135 106 246 103 182 103 218 239 65 34 209 62 134 83 132 145 27 140 224 98 125 167 106 200 113 167 147 23 137 152 58 25 87 56 203 170 103 150 82 249 121 201 179 143 229 127 70 124 215 43 22
68 77 178 184 298 117 117 76 179 233 54 110 221 190 224 147 116 97 142 148 139 245 167 129 136 161 302 157 255 82 261 290 157 70 198 34 225 129 224 118 107 191 276 189 169 155 135 187 204 184 193 106 229 159 66 104 8 130 235 174 58 209 11 306 144 213 224 224 287 208 150 206 250 135 107
96 141 35 189 166 60 58 100 70 77 112 68 126 150 221 38 56 136 123 97 28 238 160 37 35 61 150 58 139 83 102 136 164 119 81 161 180 60 209 77 118 57 124 196 39 58 35 77 206 26 50 162 209 25 103 165 164 99 73 37 111 81 160 156 20 60 70 139 140 126 108 130 88 140 126
115 124 112 125 119 122 67 104 148 133 126 127 51 77 151 112 116 108 70 43 67 165 98 99 104 21 131 26 77 124 108 124 106 113 158 163 104 53 136 142 89 34 109 131 39 134 64 154 139 96 44 129 135 102 114 133 178 59 104 114 147 35 173 133 71 123 71 62 113 48 51 52 112 91 94
122 139 99 144 111 119 73 114 137 115 135 125 59 95 169 105 113 125 89 61 64 182 117 94 98 28 116 32 75 127 89 108 126 126 144 175 120 60 154 139 105 15 92 151 30 125 63 142 157 82 26 146 152 92 123 151 188 76 85 102 152 21 183 119 66 107 51 72 99 61 70 66 92 110 111
144 182 55 209 132 107 100 145 91 49 160 115 119 161 235 80 104 173 149 120 73 249 181 86 82 80 105 79 117 132 53 89 188 163 92 207 185 96 220 122 154 51 79 216 55 92 77 94 223 37 41 198 218 63 150 202 212 129 25 60 160 66 208 112 67 44 31 134 98 126 131 131 39 168 161
61 18 177 123 256 127 93 50 191 227 49 123 174 134 163 150 124 39 88 101 123 183 107 127 137 127 270 124 211 93 238 262 97 31 209 30 167 99 163 137 55 161 246 128 142 165 117 199 143 176 166 45 169 157 51 44 55 83 218 174 85 174 50 273 130 209 198 174 253 158 100 155 232 76 52
56 42 138 100 198 107 49 36 162 182 59 106 117 88 140 119 101 30 40 43 78 159 74 96 105 70 212 67 153 85 182 204 71 35 178 83 124 47 134 123 13 105 189 107 89 139 72 170 121 133 111 56 137 120 48 59 102 25 167 137 94 116 97 215 87 166 143 119 195 103 45 101 179 43 20
84 33 178 75 219 143 88 64 201 221 80 141 133 86 116 158 138 16 44 67 118 136 57 134 144 103 240 102 171 117 216 234 47 50 217 80 117 86 114 158 27 138 219 81 125 177 111 209 96 172 145 19 119 159 73 23 105 52 204 177 119 145 99 242 126 205 177 130 222 116 61 112 215 27 20
77 40 162 78 203 132 73 56 187 204 76 130 118 76 118 143 126 19 30 49 102 138 54 120 130 85 223 84 156 108 198 217 48 47 203 87 110 69 114 148 13 120 201 84 107 163 95 195 98 155 127 37 118 144 67 41 110 34 186 161 114 127 105 225 110 189 159 116 205 101 45 98 197 21 8
166 138 201 61 139 200 135 147 237 222 170 202 62 23 66 198 194 117 72 79 150 77 53 180 187 105 180 109 95 189 182 183 67 144 247 185 14 121 49 219 107 122 169 64 129 220 145 244 62 187 133 120 46 190 159 124 209 91 189 204 204 109 203 179 156 214 152 48 162 48 71 43 193 80 106
210 166 266 58 196 256 191 190 300 290 210 257 129 81 19 259 250 148 117 136 211 8 80 239 247 170 244 173 157 239 250 248 86 180 312 210 58 179 22 275 146 190 235 53 194 281 205 307 38 252 200 137 23 253 201 139 236 142 257 268 248 178 231 241 218 281 221 115 225 117 126 111 261 113 142
102 54 187 54 209 158 99 82 213 227 100 157 122 69 95 170 153 36 37 65 127 115 37 147 157 105 235 104 161 134 215 230 26 70 229 100 98 94 93 175 40 138 215 60 128 190 120 221 75 180 146 31 98 170 92 35 125 55 207 187 139 141 120 236 136 213 177 117 216 104 56 100 217 16 34
152 106 219 6 193 201 137 131 250 250 151 201 110 48 43 207 195 88 62 87 161 63 24 186 195 126 230 127 147 181 223 230 27 121 264 151 58 127 41 219 87 153 215 13 151 229 154 257 24 208 163 79 47 204 142 82 177 88 223 220 189 148 172 230 169 239 189 100 211 93 76 87 230 54 83
214 224 164 193 22 203 164 204 201 147 226 211 77 139 200 182 199 207 161 140 152 205 173 179 180 118 47 123 40 217 77 56 186 215 201 264 140 151 182 222 188 93 48 197 117 199 152 204 197 145 96 224 176 167 214 228 279 158 107 169 243 71 274 45 151 151 79 87 31 95 144 101 99 182 192
32 67 103 139 201 67 19 26 124 152 45 67 129 118 177 80 62 64 74 62 47 196 111 57 67 64 204 59 160 49 165 193 110 44 140 89 154 31 169 84 52 93 178 146 71 100 42 132 159 101 95 91 172 84 33 94 98 50 144 102 66 111 93 208 55 134 127 136 188 119 70 119 157 82 58
134 86 209 21 201 186 124 113 238 244 132 186 115 54 62 195 180 68 51 78 149 82 19 173 182 118 234 120 154 164 222 232 10 102 252 131 74 115 61 203 69 148 217 28 144 216 143 246 42 199 158 59 67 193 124 62 157 75 219 209 171 146 152 234 157 231 186 107 215 98 67 92 227 37 64
46 106 76 188 223 20 51 62 83 131 60 18 165 164 226 45 16 109 123 107 50 245 160 28 35 93 213 88 188 19 166 200 159 81 102 108 200 65 218 35 100 110 187 195 86 58 51 92 208 83 107 135 220 57 57 137 105 98 136 72 47 133 102 219 51 112 133 174 201 158 116 159 152 131 106
193 146 255 39 200 241 176 172 287 282 192 241 127 72 2 245 235 128 102 123 198 22 64 224 233 159 245 161 159 222 246 247 68 162 300 190 58 165 17 259 128 182 233 33 184 267 192 294 18 242 192 117 24 241 183 119 216 127 251 256 230 172 211 243 205 271 215 113 226 112 112 106 256 95 124
139 191 21 241 185 82 109 148 40 37 154 90 167 199 272 52 82 187 176 149 80 288 212 71 63 111 153 109 170 116 98 135 217 167 38 203 228 113 259 89 170 95 128 248 86 51 86 41 258 28 85 213 258 41 148 217 202 152 61 25 142 115 199 160 71 18 85 181 148 171 160 175 75 193 178
97 80 147 77 161 134 68 79 178 181 103 135 76 47 111 136 127 61 15 15 89 129 48 116 124 55 183 56 114 120 163 178 53 79 192 125 83 57 100 153 44 87 163 84 81 158 83 186 95 136 96 76 102 132 91 81 146 22 157 148 135 89 140 184 97 168 125 76 164 60 4 57 165 36 47
75 65 135 92 174 114 50 57 163 173 81 115 92 68 129 120 108 48 25 19 75 147 63 98 108 52 191 51 129 99 165 184 65 59 178 107 105 41 120 133 29 87 169 99 75 141 68 171 111 126 94 70 122 118 69 74 126 1 153 135 113 95 121 193 83 159 126 95 173 78 21 77 164 40 34
108 94 146 80 147 139 74 90 179 176 114 141 62 40 110 139 133 75 28 18 91 127 52 119 127 51 170 53 100 129 153 166 61 92 192 139 75 61 98 158 58 79 151 87 77 161 85 187 96 134 89 90 98 133 102 94 159 33 149 148 145 78 154 172 98 164 116 62 152 46 13 43 157 48 61
82 138 38 206 204 26 64 94 50 93 97 34 159 173 241 7 24 138 139 116 43 259 177 16 6 89 186 85 175 58 135 171 178 113 67 146 207 74 231 40 124 93 160 213 72 28 48 59 225 48 87 164 232 20 92 167 144 113 103 34 84 117 141 193 37 73 106 171 176 157 127 159 118 152 131
191 192 167 150 50 194 144 179 205 164 202 200 37 98 157 178 188 173 125 108 139 163 133 169 172 97 89 102 3 200 104 94 146 186 209 235 98 129 139 213 155 83 82 154 105 197 138 210 154 148 90 187 133 164 189 192 252 127 125 171 224 59 247 87 141 163 89 45 71 55 110 60 122 144 159
100 45 195 64 225 161 105 81 218 237 95 159 139 86 104 175 155 32 52 79 134 124 53 152 161 117 250 116 178 133 229 245 40 65 234 88 114 102 105 175 44 151 230 69 140 194 128 226 84 188 159 16 111 176 89 19 114 66 219 194 134 156 109 252 143 222 190 134 232 121 71 116 229 32 37
72 23 169 86 221 133 80 52 191 214 68 130 136 93 127 148 127 4 48 67 110 147 67 125 135 100 240 98 174 105 213 233 58 38 208 70 126 79 125 147 21 135 218 92 120 167 104 200 107 165 142 24 130 151 61 27 94 50 199 168 107 144 89 242 119 198 174 135 222 120 63 116 211 35 15
42 103 88 192 236 27 60 61 90 143 54 20 175 172 231 56 26 110 128 115 63 250 165 41 47 104 227 99 200 9 180 213 162 78 109 100 208 75 223 35 102 123 200 198 98 65 63 99 212 96 120 134 226 69 54 136 95 104 150 84 34 145 92 233 65 123 146 184 215 168 123 169 165 134 108
125 180 18 240 202 63 102 136 21 59 139 71 175 202 273 35 64 178 173 148 74 290 211 57 48 113 173 110 183 98 119 156 214 155 29 188 232 108 261 68 163 104 148 247 90 29 81 26 258 36 95 205 261 31 134 208 184 148 82 15 123 126 182 181 66 40 101 189 167 177 159 181 97 188 170
173 219 58 255 163 121 136 178 78 5 188 129 164 208 282 90 120 212 193 165 106 295 226 106 99 124 122 123 158 153 68 104 233 197 69 237 231 135 267 129 194 98 100 262 99 92 112 77 270 52 87 238 265 77 181 242 238 172 36 63 180 112 235 130 98 23 72 180 122 172 175 177 44 212 202
259 271 196 236 37 243 209 250 232 168 272 250 122 183 238 219 238 254 208 187 194 241 218 219 218 164 41 168 83 259 95 59 232 261 229 311 180 197 220 260 234 136 64 239 160 233 195 233 238 178 137 270 214 203 260 275 325 205 131 202 286 116 320 33 192 177 113 131 44 140 191 145 119 228 239
47 98 72 169 200 37 29 55 90 124 63 39 140 142 207 47 30 98 103 85 28 225 141 24 34 69 194 64 165 37 149 181 141 74 107 112 177 42 197 56 85 87 168 176 63 66 28 98 189 73 86 124 199 52 55 127 114 77 123 70 64 110 110 199 32 105 114 150 181 134 94 136 137 114 92
129 114 159 78 132 157 93 112 193 182 136 160 45 27 101 154 151 94 45 39 106 116 54 136 144 62 161 66 84 149 151 159 66 113 204 160 57 79 87 177 78 82 144 84 86 176 101 200 90 144 93 106 86 147 124 110 180 55 152 161 167 75 175 161 113 173 117 42 142 27 34 23 158 62 80
146 130 168 82 120 171 109 129 204 188 153 175 35 28 98 167 165 110 60 55 119 110 62 150 157 73 154 77 73 165 150 154 75 130 214 176 47 94 82 191 94 88 140 87 96 188 114 211 90 153 98 120 79 158 141 124 197 72 155 171 183 76 192 154 125 180 119 27 135 17 51 11 160 76 96
157 115 218 17 182 204 139 137 250 247 158 205 101 40 39 208 198 96 64 86 161 58 27 187 196 123 221 125 137 186 216 222 35 128 263 161 46 128 32 222 93 148 207 20 148 230 154 257 24 206 158 90 37 204 148 93 187 90 218 219 195 141 181 220 168 236 183 89 202 84 75 78 224 60 89
151 124 190 57 142 186 121 132 224 213 155 188 60 8 72 185 179 103 57 65 137 85 42 166 174 93 180 97 97 174 177 181 56 129 236 171 28 107 56 205 92 113 166 61 117 207 131 231 63 175 123 107 54 178 144 111 194 76 181 192 189 103 189 179 143 203 145 49 161 44 56 37 186 66 92
141 158 104 156 93 133 92 133 143 110 154 139 57 105 178 115 127 143 106 79 79 190 130 108 110 47 96 51 62 144 73 89 140 145 148 195 125 79 162 152 123 20 73 163 44 134 79 148 168 86 27 164 159 101 142 169 207 94 76 108 169 4 202 100 80 105 39 72 80 65 87 71 80 127 129
93 33 195 82 240 156 106 75 216 241 85 153 154 103 121 173 151 29 66 89 136 141 71 150 160 125 262 123 193 126 238 257 58 57 233 71 132 106 123 169 47 160 241 86 146 191 130 225 101 191 167 4 129 176 81 1 98 74 225 194 124 167 93 264 145 224 199 150 244 136 83 132 236 47 40
204 158 264 51 201 252 187 184 297 289 204 252 131 80 10 255 245 140 112 133 208 10 75 235 243 168 247 170 161 233 251 251 80 174 309 202 61 175 21 270 139 189 237 45 193 277 201 304 30 251 200 129 25 250 195 131 228 138 258 265 242 178 223 245 215 280 221 117 229 118 122 112 262 107 135
153 106 224 2 200 204 141 133 254 256 152 204 117 55 43 211 198 88 66 92 165 63 29 190 199 131 237 133 154 183 230 237 28 122 268 150 64 132 43 222 89 159 222 8 157 233 159 262 23 213 169 77 50 208 143 80 176 92 229 225 190 154 171 237 173 244 195 107 218 100 81 94 236 56 84
168 224 56 280 215 105 145 180 43 48 183 112 204 238 311 79 107 222 214 187 116 327 251 102 92 150 175 148 204 141 121 157 255 199 25 231 267 150 298 105 206 133 153 287 125 67 123 37 297 67 123 248 297 74 178 251 226 190 87 56 164 152 224 183 108 43 118 219 174 209 199 213 97 230 214
159 153 159 112 90 173 116 145 197 170 168 178 4 58 124 163 167 134 85 71 119 134 92 150 155 72 124 77 43 173 124 125 106 149 204 197 68 100 107 193 116 73 111 117 88 184 115 202 119 142 84 147 103 152 156 151 216 90 134 162 194 55 211 123 122 164 97 13 105 14 71 20 136 104 120
152 203 34 250 182 96 121 160 50 24 168 104 170 206 280 66 96 198 185 158 91 295 221 84 76 119 146 117 170 130 91 128 226 180 43 217 233 123 266 102 182 99 122 257 94 64 98 49 266 37 89 225 265 54 161 228 216 162 55 38 155 118 213 154 82 9 84 185 143 175 169 180 68 203 189
162 130 204 48 151 199 134 142 239 227 165 201 72 20 57 199 193 109 66 78 151 70 42 180 188 108 191 111 106 186 190 193 56 138 250 177 19 121 41 218 100 127 179 52 132 221 145 246 51 190 138 110 40 192 154 114 201 88 196 206 200 117 196 190 158 218 159 59 172 57 68 51 200 72 99
166 139 199 64 135 199 134 147 234 219 171 201 58 24 70 196 192 119 72 78 148 80 55 178 185 103 176 107 91 189 178 179 69 145 245 187 16 120 53 218 107 119 165 67 126 218 143 241 66 184 130 122 49 188 159 126 210 91 186 201 204 106 204 175 154 211 149 44 158 45 70 39 189 81 107
70 27 164 86 214 128 74 50 186 208 67 127 129 89 127 143 123 7 42 60 104 147 65 120 129 93 232 91 167 102 206 226 57 37 203 74 122 73 124 144 14 128 210 92 113 162 97 194 107 158 134 30 128 145 59 34 98 43 192 162 106 136 92 235 112 192 167 129 215 113 56 110 204 32 8
210 214 175 172 27 208 162 199 214 165 222 215 60 120 176 190 203 195 148 130 155 180 155 184 186 115 73 120 21 217 99 82 169 207 216 256 117 148 158 227 177 96 72 176 119 208 154 217 175 156 102 210 152 175 209 214 273 148 125 180 242 72 268 70 155 167 93 67 56 78 132 83 120 167 181
95 114 91 137 138 97 45 87 126 120 108 102 76 94 167 88 91 102 74 46 42 182 108 74 79 6 142 5 100 101 110 133 114 99 137 148 125 33 153 117 82 32 118 144 20 110 39 133 153 77 38 125 153 79 95 130 161 55 98 93 125 48 156 146 47 108 71 87 126 73 56 75 108 94 89
43 103 84 190 231 24 56 60 88 139 55 19 171 169 229 52 22 109 125 111 58 248 163 37 43 99 222 94 196 12 175 208 160 78 107 103 204 71 221 35 101 118 195 197 94 63 59 96 210 91 115 134 223 65 54 136 98 101 145 80 38 140 96 228 60 119 141 180 210 164 120 165 160 133 107
85 71 141 84 169 124 59 67 170 177 91 125 85 58 120 128 117 52 17 15 82 138 55 107 116 53 188 53 122 109 165 182 58 68 185 115 95 48 110 142 34 87 166 91 78 150 75 178 103 131 95 71 112 125 79 76 135 10 155 141 123 92 129 190 90 163 126 86 170 70 12 68 165 36 38
67 111 60 168 179 49 30 70 86 107 83 54 124 135 203 44 43 107 101 78 6 221 139 26 33 52 171 48 145 59 127 158 141 89 101 131 168 36 192 69 91 66 145 175 42 66 10 94 187 56 64 134 193 42 73 137 136 76 101 59 86 89 132 177 10 89 91 135 158 120 89 122 116 116 98
131 159 77 173 113 112 82 127 116 86 145 119 83 125 198 91 107 146 116 87 63 212 146 87 88 48 103 50 88 128 66 92 154 142 121 190 148 73 183 130 127 15 77 180 31 109 64 121 187 59 6 170 181 76 134 174 199 99 56 82 155 31 195 108 61 79 26 98 90 89 97 94 64 136 133
185 162 206 85 118 212 149 167 243 220 191 216 53 46 83 206 206 141 93 95 159 88 79 190 197 113 164 117 78 205 172 168 93 166 252 209 25 134 65 232 129 122 155 88 134 228 155 249 84 190 133 145 59 197 179 149 231 110 184 209 222 105 226 162 165 214 147 38 146 47 88 43 186 104 129
189 228 86 248 130 146 146 191 113 42 205 155 146 197 270 116 144 218 191 162 118 282 221 127 122 122 86 123 132 175 34 68 229 208 105 253 216 142 254 158 199 90 66 254 100 122 123 112 260 73 81 243 251 100 195 247 257 173 21 91 202 96 253 94 112 55 54 161 87 157 172 163 13 211 206
167 169 149 136 71 172 120 154 187 153 178 177 20 82 148 157 166 150 104 85 117 157 115 147 151 73 100 78 25 177 102 101 128 162 193 211 90 105 131 191 132 63 87 141 83 177 115 192 143 131 72 166 126 145 165 170 228 103 115 153 200 40 223 100 119 150 78 34 81 37 87 43 116 123 136
74 126 44 190 193 32 49 83 65 97 90 40 144 157 226 22 28 125 123 100 27 243 161 8 10 73 179 69 162 56 130 164 163 102 81 139 191 58 215 51 110 80 152 197 58 44 32 73 209 47 76 151 216 24 83 154 139 98 100 42 83 104 136 185 22 78 98 156 168 141 111 144 115 137 117
59 2 168 109 238 123 81 42 185 216 50 120 155 116 149 143 119 21 69 83 111 170 91 120 130 111 253 108 192 92 222 245 81 23 203 47 149 85 148 136 36 145 230 114 128 160 105 193 129 165 151 35 153 148 47 35 71 65 205 166 89 157 66 256 119 199 183 155 236 139 81 137 218 59 33
187 164 207 87 117 214 151 169 244 221 193 217 54 48 84 208 208 143 96 97 161 89 81 192 198 114 163 119 77 207 173 168 95 168 253 211 26 136 66 234 131 123 155 89 135 230 156 250 85 191 134 148 60 198 181 151 234 112 185 210 224 106 228 161 166 215 147 38 145 48 91 44 187 106 131
109 80 167 58 168 151 86 89 197 200 112 152 82 36 92 155 145 60 13 35 108 111 29 134 143 74 195 76 121 135 179 192 35 85 211 128 71 75 83 169 48 104 177 65 100 177 102 205 76 156 114 69 85 151 101 73 150 37 175 167 147 104 145 196 116 187 142 78 177 64 23 60 183 26 48
142 140 143 113 100 155 98 128 180 157 152 160 18 59 130 146 149 122 75 57 101 142 89 132 137 54 126 59 53 155 118 124 101 134 188 183 77 83 114 175 103 58 109 118 71 167 97 186 122 126 69 137 111 135 140 142 201 75 123 146 177 44 196 126 105 150 86 29 107 18 58 23 127 95 107
192 191 170 147 52 196 145 179 209 168 202 202 36 95 152 181 191 172 124 108 142 158 130 172 175 99 94 104 8 202 109 99 143 186 213 234 93 131 134 216 154 86 87 151 107 201 140 213 150 152 94 186 129 168 190 190 252 126 129 175 225 62 247 92 144 168 93 42 76 53 109 58 127 143 158
52 110 70 190 220 16 52 66 78 125 66 16 163 165 228 39 11 114 125 108 47 247 163 23 29 91 209 86 186 25 161 195 161 85 96 114 201 66 220 33 103 106 182 197 83 52 49 86 210 77 103 139 221 51 62 142 111 99 131 66 52 130 108 215 47 106 128 173 197 157 117 159 146 134 110
207 216 161 183 26 199 158 197 199 147 219 206 68 130 191 178 194 198 153 132 146 197 164 174 175 111 56 116 31 211 80 62 177 207 200 256 132 144 173 217 179 87 52 188 111 195 146 202 188 142 91 215 167 163 207 219 271 150 107 166 236 64 266 53 146 151 77 78 38 86 135 91 101 173 184
156 178 99 179 88 138 107 150 137 94 170 145 75 127 199 116 133 164 128 101 89 211 153 114 114 66 78 69 68 154 50 68 163 164 140 213 145 96 183 156 145 32 53 185 55 133 90 141 190 80 31 186 180 101 158 191 223 116 57 104 181 26 219 83 87 93 19 90 64 86 109 92 59 149 151
40 76 94 142 192 64 9 37 117 142 54 64 124 117 180 73 57 72 76 60 37 198 114 50 60 56 194 51 153 51 155 183 113 54 133 99 153 23 171 82 58 84 169 149 61 93 31 125 162 91 85 99 173 75 43 102 108 51 133 93 72 102 103 198 45 125 117 131 179 115 69 115 147 86 65
28 50 146 155 256 90 76 34 154 199 13 84 180 154 196 116 87 66 105 107 100 216 134 96 104 120 260 115 213 54 221 250 127 33 173 37 189 87 193 97 70 150 235 161 128 128 96 162 176 149 152 83 198 126 24 83 41 90 197 142 42 168 37 265 106 180 183 184 245 167 110 166 211 101 72
168 214 53 251 163 116 131 173 75 6 183 124 161 204 278 85 115 208 189 160 101 292 222 101 94 120 124 119 156 148 69 106 229 192 66 232 228 131 263 125 190 94 101 258 95 87 107 73 266 47 84 233 261 72 176 237 233 167 35 58 175 109 230 131 93 18 70 177 122 169 171 174 45 207 197
134 142 119 132 99 137 86 123 157 132 145 143 38 80 153 124 131 126 84 60 82 166 107 113 117 39 114 44 58 142 97 109 117 132 165 182 102 72 138 157 106 34 94 138 49 145 80 163 144 102 44 145 135 113 133 149 197 77 99 123 166 21 192 116 85 126 63 52 96 42 66 48 105 105 111
195 170 218 87 123 224 161 177 255 231 201 227 64 54 79 218 218 149 103 106 171 81 84 202 209 125 171 129 85 217 182 177 98 175 264 217 25 146 61 244 138 134 164 89 146 240 167 261 82 202 144 152 54 209 189 156 240 120 195 221 233 117 235 168 177 226 158 49 153 59 99 55 197 112 138
94 36 194 75 233 156 104 75 215 238 88 154 147 96 115 172 151 27 59 84 134 135 64 149 159 120 256 119 186 127 233 251 51 58 232 77 125 102 116 170 44 155 236 80 142 191 127 224 95 188 162 4 122 175 83 8 103 69 221 192 126 162 98 258 142 222 194 143 238 130 77 125 232 40 36
83 58 152 76 182 129 66 63 180 190 86 129 98 62 115 137 123 39 13 30 92 134 49 115 124 68 203 68 136 110 180 197 48 60 195 104 97 58 107 147 23 102 182 83 92 158 85 188 96 143 110 56 110 135 75 60 126 18 170 152 121 108 120 205 100 176 141 97 185 82 24 79 180 22 25
8 63 112 153 225 63 42 20 125 164 23 59 154 138 192 84 58 69 92 85 64 212 127 62 71 88 226 83 184 33 186 215 123 38 143 71 175 55 186 75 63 116 201 159 93 100 60 133 173 114 117 93 189 92 15 95 76 70 161 109 43 135 72 231 70 146 148 160 211 143 91 143 176 95 68
55 114 70 195 223 12 56 70 75 125 68 11 167 170 233 38 8 118 129 112 50 252 167 24 29 95 211 90 189 26 163 197 166 89 93 116 205 70 224 29 108 109 184 202 86 49 52 83 215 78 106 143 226 51 66 145 112 104 132 65 52 133 110 217 50 105 130 177 199 161 122 163 147 138 114
86 130 45 180 169 56 47 90 77 88 102 64 122 142 213 40 51 125 113 88 17 230 151 32 33 55 156 51 138 75 109 142 154 108 89 150 174 50 201 75 108 57 129 187 35 61 24 84 197 37 52 151 201 30 93 154 154 89 82 45 103 81 150 162 9 71 75 135 144 121 99 124 97 130 115
42 57 157 164 271 99 90 49 163 211 27 92 194 166 205 126 97 75 118 121 114 225 145 107 115 134 275 130 228 63 235 264 136 45 181 29 201 102 203 104 82 165 250 170 142 137 110 171 185 161 167 89 208 137 39 88 27 103 210 153 45 182 22 280 120 192 198 198 260 181 124 180 225 112 83
44 82 143 188 276 82 92 60 143 198 36 74 204 183 228 111 81 98 135 133 109 249 166 95 102 139 274 134 235 48 231 262 159 65 162 55 219 106 225 82 101 165 248 194 142 119 107 151 208 150 165 115 229 124 48 114 41 117 203 139 22 185 40 279 113 179 195 210 260 193 138 192 218 133 104
120 159 44 194 144 86 77 122 82 63 135 94 115 149 223 61 82 151 131 103 49 238 165 63 61 63 125 61 121 109 76 110 171 139 88 183 176 74 209 102 133 43 98 201 37 77 54 87 209 25 34 177 207 45 126 181 188 109 49 48 136 65 184 131 42 51 45 129 115 119 114 123 63 150 140
221 227 177 188 12 214 172 210 215 162 233 221 75 136 192 194 209 209 162 143 162 196 171 190 191 125 60 130 36 226 93 70 184 219 216 269 133 158 174 233 190 103 63 192 126 211 162 218 191 158 107 225 168 179 220 229 285 162 122 182 251 80 279 55 162 166 93 83 45 93 146 98 115 182 195
129 95 186 40 168 172 107 109 217 216 131 173 82 23 72 176 166 74 34 54 128 90 14 155 163 91 201 93 121 156 190 199 27 103 231 142 54 96 62 191 66 118 184 47 117 197 122 225 56 174 128 77 65 171 121 81 166 58 189 187 167 114 161 201 136 204 155 75 182 64 42 59 196 37 64
177 234 70 294 231 112 157 190 48 64 191 118 221 254 326 89 115 233 228 202 130 342 265 112 102 165 191 163 221 148 137 173 269 209 29 239 283 163 313 109 219 150 169 301 141 74 136 40 312 83 140 260 313 86 187 263 232 203 103 69 169 169 230 199 121 60 135 236 191 225 213 230 113 244 226
79 114 66 158 161 68 32 77 98 106 94 74 105 120 191 59 62 106 92 66 13 208 129 44 49 34 156 30 126 77 115 144 133 94 111 140 153 30 179 88 88 48 130 165 23 81 12 106 176 57 47 132 179 52 83 136 148 68 93 67 103 70 143 161 17 90 77 117 142 102 77 105 106 109 96
171 216 57 250 158 120 133 176 80 9 186 129 159 203 277 90 119 209 189 160 103 291 222 105 98 120 118 119 153 152 64 100 229 194 72 235 227 132 262 129 191 93 96 257 95 92 109 79 265 50 83 235 260 75 178 239 237 168 31 63 179 107 233 126 95 23 67 175 117 167 171 173 40 208 198
108 153 28 199 164 67 70 112 65 65 123 75 130 158 230 41 64 147 133 107 40 246 170 46 42 69 144 67 140 93 94 129 174 131 74 172 187 71 217 82 130 59 117 206 45 57 46 71 216 15 50 174 217 25 115 177 175 110 63 31 120 82 171 150 32 48 65 144 134 132 118 135 78 151 137
24 84 96 171 226 42 44 40 105 150 38 38 161 153 210 66 38 89 108 96 57 230 145 46 54 91 222 86 188 14 178 209 142 59 124 87 189 59 203 55 82 114 196 178 90 80 55 114 191 100 113 114 206 76 35 116 87 84 151 92 36 135 83 227 61 130 142 168 209 152 104 152 166 114 87
75 72 189 177 301 129 123 79 192 244 60 122 222 188 217 158 128 93 140 148 147 237 162 139 147 166 307 162 257 94 268 297 151 70 211 25 221 134 218 131 105 197 282 182 175 167 143 200 197 194 199 98 223 170 71 96 8 130 244 185 71 214 11 312 153 224 231 224 292 208 150 206 258 131 104
178 224 63 259 163 126 141 183 82 8 193 134 167 211 285 95 125 217 197 169 111 299 231 111 104 129 121 128 159 158 68 103 237 202 72 242 235 140 270 134 199 102 100 266 103 96 117 80 273 58 91 243 268 82 186 247 243 176 37 68 185 115 240 129 103 28 74 182 121 175 180 181 44 216 206
92 71 151 74 170 133 68 73 180 186 97 134 85 51 110 138 127 52 8 21 91 129 45 117 125 62 192 62 123 117 171 187 48 71 194 117 87 58 101 152 35 94 171 81 86 159 85 188 93 141 103 67 103 135 85 72 138 19 163 151 130 98 133 194 99 173 133 84 174 69 13 66 173 28 38
134 173 48 203 137 97 91 135 86 53 149 106 117 156 230 71 94 164 141 113 63 244 175 76 72 72 114 72 119 122 63 98 181 153 89 197 182 87 216 113 145 47 87 210 48 84 67 90 218 29 37 189 214 54 140 193 202 121 35 54 150 65 198 120 56 45 36 132 105 123 124 128 49 161 152
164 120 226 16 187 211 146 143 258 255 164 212 107 47 32 216 205 101 72 94 168 51 34 195 203 131 227 133 143 193 223 228 40 134 271 166 48 136 27 229 99 156 213 16 156 237 162 265 17 214 166 93 33 211 155 96 191 97 226 227 201 148 186 226 176 244 190 95 208 91 83 85 232 66 95
100 127 76 153 137 91 51 95 112 103 114 97 85 110 183 77 85 116 90 62 36 198 124 66 70 22 134 21 103 100 97 123 131 110 122 158 139 41 169 110 96 24 109 160 4 98 36 119 169 62 26 140 168 66 102 144 168 70 82 79 126 46 163 139 38 91 58 97 120 84 73 88 93 110 103
19 57 135 160 251 79 69 31 143 189 7 73 177 154 201 105 76 71 106 105 91 221 137 85 93 114 253 109 209 43 213 242 131 37 162 48 190 81 197 86 72 143 228 166 120 117 87 151 181 138 144 90 201 115 19 91 49 88 188 131 34 162 45 258 97 169 175 182 238 165 109 164 202 104 75
116 65 201 43 213 173 113 96 227 240 113 171 126 69 83 184 167 48 47 76 141 104 34 161 171 116 242 116 166 148 225 239 20 82 243 109 94 107 84 189 54 149 223 48 140 204 134 235 63 193 157 37 89 184 106 40 135 68 218 201 152 150 130 243 149 225 187 120 223 108 66 103 227 27 48
80 67 138 88 172 119 54 62 167 176 86 120 89 63 124 124 113 50 21 17 78 143 59 103 112 53 190 52 126 104 165 183 61 63 181 111 100 45 115 138 31 87 168 95 76 146 72 175 107 129 95 70 117 122 74 74 130 5 155 138 118 94 125 192 87 161 126 91 172 74 17 72 165 37 35
90 48 173 65 202 144 85 69 199 213 89 143 116 69 105 155 139 27 28 53 113 125 43 133 142 92 225 91 155 121 204 220 35 59 214 95 101 79 102 161 26 126 205 71 115 176 106 207 86 165 134 34 106 155 80 39 119 42 194 173 127 131 114 227 121 199 165 113 207 99 46 95 204 11 21
6 62 121 158 238 67 55 25 131 175 12 62 166 148 199 92 64 71 100 96 77 219 134 71 80 101 240 97 197 33 198 228 129 38 150 61 184 68 194 77 69 129 214 165 106 106 73 139 179 124 131 93 197 101 13 95 64 80 173 118 34 149 60 244 82 156 161 172 225 155 101 154 188 102 73
204 163 253 58 179 246 181 184 288 275 205 248 113 69 27 247 240 144 109 126 199 25 75 228 236 157 227 160 140 231 233 231 83 176 299 209 42 169 16 265 140 175 218 54 181 269 194 295 41 239 186 137 11 241 195 139 234 133 242 255 242 163 229 224 206 267 205 98 208 101 115 96 246 108 137
199 160 246 57 171 240 175 179 281 267 201 242 105 62 33 241 234 141 104 119 193 34 71 221 229 150 218 153 132 226 225 223 81 172 292 207 34 162 18 259 136 167 209 55 174 263 187 288 43 232 178 135 10 234 191 138 232 128 234 248 238 154 227 216 199 259 197 90 200 93 109 87 237 104 133
102 98 132 96 141 127 64 87 165 161 111 130 60 54 125 125 121 80 38 14 77 142 67 107 114 36 160 38 95 120 140 155 75 92 177 141 87 49 113 147 61 64 140 102 61 147 72 172 111 119 74 98 113 118 98 103 159 33 135 133 139 66 153 162 84 149 102 64 142 47 19 47 143 59 66
