100 30
275 187 126 92 182 192 291 140 215 316 294 148 327 217 62 366 255 98 262 422 232 231 314 229 252 261 404 152 77 475
26 47 17 23 17 14 44 32 35 38 18 30 13 47 42 21 34 36 43 26 27 24 37 48 26 42 39 23 49 50 27 30 24 33 28 22 23 49 19 10 38 30 17 17 39 23 45 33 23 41 42 39 26 39 23 14 25 30 38 40 20 49 32 10 29 45 23 19 41 37 34 40 38 35 10 31 16 36 46 17 25 34 46 48 33 30 46 29 40 20 33 28 21 32 22 26 12 40 21 25
386 314 182 121 249 214 294 191 236 487 308 186 443 425 124 383 262 111 385 468 382 402 350 374 267 285 408 267 100 482
62 76 40 52 25 25 4 23 43 71 64 31 70 68 69 42 23 48 7 28 43 95 22 65 65 31 11 55 32 81
56 78 12 39 69 28 49 28 5 35 54 22 76 24 39 73 50 69 39 73 41 84 23 39 29 60 54 50 34 69
66 69 66 64 30 48 31 56 74 92 69 65 62 97 87 20 27 34 41 18 52 95 52 80 87 21 23 61 47 83
35 28 77 50 116 77 99 102 92 63 34 102 34 89 53 77 77 62 97 110 55 3 89 49 65 75 96 42 67 18
66 83 32 52 37 24 20 6 30 65 67 15 78 56 65 57 35 60 9 43 46 99 13 62 58 45 27 59 34 84
88 101 61 78 18 50 24 34 59 94 90 42 95 85 93 62 48 71 27 30 69 122 42 89 87 53 29 81 58 107
71 61 91 78 67 75 67 91 104 110 75 98 55 122 101 29 53 36 76 55 67 89 84 94 106 42 60 69 69 83
41 24 77 54 84 65 74 89 92 84 45 93 20 103 74 37 51 26 78 74 48 51 78 67 82 43 68 43 56 48
34 13 75 50 92 66 79 91 91 77 38 94 12 98 67 46 56 33 82 83 46 38 79 60 76 50 74 38 56 36
66 88 22 49 69 34 50 26 6 44 65 17 85 26 49 79 56 77 39 74 50 95 25 50 38 66 56 60 42 80
25 25 66 39 108 66 90 91 81 52 24 91 31 78 42 71 69 57 88 102 45 9 79 38 54 68 88 33 57 7
54 51 69 58 52 53 47 69 81 89 58 76 44 100 82 7 31 18 55 41 47 79 62 75 85 20 40 51 48 69
20 3 63 36 90 57 75 83 79 63 23 85 6 84 52 48 51 34 75 83 36 29 70 46 62 48 71 25 47 22
66 82 34 53 34 25 16 10 34 67 67 19 77 59 67 54 33 58 6 40 46 99 15 63 60 42 24 59 34 84
68 58 90 76 68 74 68 91 103 108 73 98 52 120 99 29 52 34 76 56 66 86 83 92 104 42 60 67 68 80
29 37 43 29 55 29 40 52 57 60 33 56 31 72 53 23 16 14 42 49 18 60 41 46 56 16 36 24 21 47
26 45 23 14 61 16 41 42 39 41 26 43 41 52 35 43 25 35 37 59 6 59 29 29 36 32 41 18 6 43
55 67 42 47 28 24 11 32 49 71 57 39 61 72 67 31 13 37 17 26 37 88 27 62 65 20 8 49 28 74
56 78 31 41 95 48 74 56 32 15 52 49 78 12 25 90 69 81 65 98 50 75 49 30 14 78 78 53 49 62
52 74 27 37 92 44 71 54 30 13 48 47 74 14 22 85 65 77 62 94 46 72 46 27 10 74 75 49 45 58
22 44 30 11 85 36 64 58 44 22 18 56 44 43 13 64 49 52 59 83 23 45 46 5 20 54 65 20 30 30
25 48 24 11 81 31 60 52 38 21 22 50 47 39 14 62 46 52 54 79 22 51 41 9 18 52 61 22 26 36
64 86 20 47 69 33 50 26 4 42 63 18 83 25 47 78 55 75 39 74 49 93 25 47 36 65 56 58 40 77
32 45 34 27 50 19 33 42 47 56 35 46 40 64 49 29 11 24 33 46 15 65 31 43 51 17 30 26 12 51
69 58 92 77 70 75 70 92 104 109 74 99 52 122 100 30 54 36 78 58 67 86 85 93 105 43 62 68 69 80
91 104 64 80 19 52 27 36 61 96 93 44 98 87 96 64 50 73 30 31 72 124 44 92 90 56 31 84 61 110
45 32 76 57 76 63 68 85 91 88 50 90 27 104 78 29 46 21 73 66 49 60 75 71 85 37 62 46 55 55
76 65 98 84 72 81 73 97 110 116 81 104 60 128 107 36 59 42 82 60 74 93 90 100 112 49 66 75 76 88
71 67 83 75 50 65 53 78 93 105 75 85 60 114 98 22 43 35 62 38 63 95 72 91 101 33 45 68 62 86
1 24 43 16 81 40 63 66 59 43 5 66 23 64 33 49 42 35 61 77 19 35 53 26 42 43 61 6 30 20
23 21 55 33 71 44 57 68 70 64 28 72 15 81 55 29 33 15 59 63 26 47 57 48 62 29 52 23 34 37
49 70 6 33 60 16 39 23 13 38 48 20 67 34 39 62 39 58 30 63 32 80 14 37 32 49 44 42 23 64
47 70 24 32 89 41 68 52 29 11 44 46 69 18 18 81 61 72 59 91 41 68 43 22 6 69 71 44 41 54
79 84 70 74 15 52 27 53 75 99 82 62 78 99 95 36 36 50 38 4 62 109 53 89 93 34 22 73 55 97
58 81 21 42 83 39 63 42 17 26 56 35 80 10 34 84 62 78 53 87 48 83 37 36 22 71 68 53 43 68
38 42 51 40 50 35 39 56 64 71 42 61 35 81 63 13 16 9 43 43 28 67 46 56 66 9 33 34 29 55
33 53 14 18 60 11 40 35 30 37 33 35 50 44 34 49 29 43 34 60 15 65 22 29 32 37 41 26 9 49
47 68 5 31 60 15 39 24 15 38 46 22 65 34 38 60 38 56 30 63 30 78 14 36 31 47 43 40 22 62
48 71 27 34 92 44 71 55 32 9 45 49 71 18 18 83 64 75 62 94 43 68 46 23 6 72 74 45 43 54
36 55 16 22 55 6 34 31 30 42 36 33 51 47 39 46 25 41 29 55 16 69 19 34 36 34 36 29 6 53
31 16 68 45 82 58 69 82 84 75 35 86 10 93 64 36 46 23 72 73 39 44 71 57 72 40 64 33 48 39
17 16 54 30 76 45 61 71 70 60 22 73 10 79 50 36 38 22 62 69 25 40 59 43 58 35 57 19 35 30
62 78 32 49 35 21 15 12 33 64 62 20 73 58 63 51 29 54 4 39 42 95 12 60 57 39 22 54 30 80
44 29 78 56 80 65 72 88 93 87 48 93 24 105 77 33 49 24 76 70 49 56 78 70 85 41 66 45 56 52
13 19 56 28 96 55 78 80 71 48 13 80 23 72 37 60 56 45 76 90 33 20 68 32 48 56 76 21 45 6
29 48 21 16 59 13 39 38 36 41 29 40 44 50 36 43 24 36 35 57 9 62 26 30 36 32 39 21 4 46
78 95 42 64 38 36 27 12 36 73 78 18 90 61 75 67 46 71 19 47 58 111 24 72 67 55 34 71 47 95
50 62 39 43 33 21 15 33 48 67 52 40 56 70 63 29 9 33 19 30 32 83 26 58 62 17 13 44 23 69
28 47 43 25 100 51 79 72 56 22 24 69 49 48 12 76 64 63 74 98 37 38 61 12 25 68 80 30 45 26
42 59 24 31 45 6 25 27 34 52 43 31 54 55 49 40 17 38 21 45 22 75 16 44 46 27 26 35 11 60
23 4 67 40 95 62 80 88 83 64 26 89 11 87 54 54 57 39 81 88 40 24 75 48 64 54 77 29 52 21
49 71 5 32 66 21 46 28 11 33 48 23 68 28 35 66 44 62 36 69 34 78 20 34 27 54 50 43 27 63
64 73 54 58 19 36 14 40 60 83 67 49 67 84 79 30 21 40 25 14 47 96 38 74 77 23 7 58 39 83
68 66 77 70 44 59 46 71 87 100 72 79 59 108 93 18 37 32 56 32 58 93 66 87 95 28 38 64 56 84
87 99 64 78 11 51 23 38 63 96 89 47 93 89 95 57 45 67 29 23 68 120 44 91 90 50 26 81 58 106
41 54 33 33 42 16 24 35 44 59 43 40 48 64 54 30 7 29 24 40 22 74 25 48 53 17 22 34 14 59
66 74 55 60 18 37 14 40 60 84 68 49 68 85 80 31 22 41 25 13 48 98 38 75 78 24 7 60 40 84
33 10 75 49 96 68 83 93 91 75 36 96 12 97 64 51 59 37 85 88 47 33 81 58 74 54 78 37 58 32
36 40 48 37 52 33 39 54 62 68 39 59 34 78 60 16 15 10 42 44 25 65 44 53 63 10 34 31 26 53
26 22 57 36 71 46 58 70 73 67 30 74 15 84 58 28 34 13 60 63 29 48 59 51 64 29 53 26 36 39
88 99 66 79 10 52 24 40 65 98 90 49 93 91 96 57 46 67 31 22 69 121 46 92 92 50 26 82 59 107
58 48 82 67 68 67 64 85 96 98 63 92 42 112 89 23 46 25 71 57 57 76 77 82 95 36 57 57 60 70
45 68 31 33 95 46 74 59 37 3 42 54 68 23 13 84 65 74 66 96 43 63 50 19 5 73 77 43 45 50
8 26 46 19 90 46 71 71 61 39 4 71 28 62 29 58 51 44 68 85 26 29 59 22 39 52 69 13 37 13
25 47 33 17 91 42 70 62 47 18 21 60 48 42 8 69 55 58 64 89 29 44 51 2 18 60 71 25 36 30
8 28 38 13 74 34 56 59 54 43 11 60 26 61 34 44 35 32 54 70 12 42 47 27 40 37 54 2 23 27
35 49 30 27 49 14 30 37 43 53 37 41 44 60 48 33 12 29 29 46 16 68 26 42 48 20 29 28 9 53
31 53 24 17 85 35 64 54 37 15 28 50 53 34 9 69 51 59 57 84 28 54 43 8 11 58 65 28 31 39
48 65 24 36 42 8 21 21 31 54 49 26 60 54 52 44 21 44 15 44 28 81 11 48 48 31 24 41 16 66
19 40 26 5 70 24 50 49 42 35 18 49 38 50 28 48 33 38 46 67 7 51 36 21 31 38 50 12 15 35
44 58 32 35 40 14 21 31 42 59 46 37 52 63 55 33 9 33 20 38 25 77 22 50 54 20 20 37 15 62
47 70 20 32 85 37 64 47 25 15 44 42 69 17 21 78 58 71 55 87 40 70 39 24 9 67 68 43 38 56
48 61 35 39 36 17 17 31 44 63 50 37 55 66 59 32 9 34 18 34 29 81 23 54 57 19 16 41 19 66
6 24 42 16 77 37 59 63 58 46 10 64 22 65 36 44 37 31 57 72 15 39 50 29 44 38 57 4 27 25
46 29 81 59 85 69 76 92 96 89 50 97 25 108 79 37 53 28 80 74 52 55 81 72 87 45 70 48 60 52
25 36 57 33 106 61 87 84 71 39 22 83 40 65 29 75 68 61 83 103 42 21 72 27 41 70 86 31 52 12
33 30 72 46 115 73 97 98 87 57 31 98 36 83 47 77 75 63 95 109 52 4 86 44 59 75 95 40 64 14
66 77 49 58 17 33 6 33 54 80 68 41 71 78 77 37 23 46 17 18 47 99 32 72 74 28 4 59 38 85
40 25 75 53 80 63 70 86 90 83 45 90 20 101 74 33 48 23 75 70 46 53 75 66 81 40 65 42 54 48
33 56 18 17 79 29 58 47 31 18 30 44 55 32 16 66 47 57 51 79 26 59 36 14 13 55 60 29 27 44
31 50 20 19 57 10 36 36 35 43 32 37 46 50 38 43 23 37 32 55 12 64 23 33 37 31 37 24 2 49
61 80 24 46 45 20 26 6 22 56 61 10 75 47 57 59 36 60 16 51 41 93 6 54 49 46 33 54 30 78
28 13 73 45 104 69 88 95 89 66 30 96 19 90 56 62 65 48 88 97 47 17 82 50 67 62 85 35 59 20
51 73 31 37 96 48 75 58 35 9 47 52 74 18 19 87 68 78 66 98 47 69 50 25 9 76 79 48 48 56
53 71 21 39 44 11 23 15 25 53 53 18 66 49 52 51 28 51 14 47 33 86 4 49 47 38 28 46 22 70
44 66 13 27 78 30 57 42 21 20 41 37 65 22 23 72 51 64 48 80 34 69 33 23 13 60 61 39 31 54
51 74 11 34 73 28 53 34 12 28 49 28 72 21 32 73 51 67 43 76 38 78 27 33 22 60 57 46 33 63
91 105 61 79 25 51 28 32 56 93 92 39 99 82 93 67 51 75 28 36 71 124 41 90 86 58 33 83 59 109
61 79 27 47 41 19 22 7 26 59 61 14 74 52 59 56 33 57 11 46 41 94 7 56 52 43 28 54 30 78
44 67 14 28 79 31 58 43 22 19 41 37 65 22 22 72 52 65 49 81 34 69 34 23 13 61 62 39 32 54
49 43 71 56 60 55 54 74 84 88 54 80 37 100 79 13 34 14 61 50 46 71 66 72 84 25 47 48 48 63
70 85 42 58 26 30 11 17 42 74 71 26 80 67 74 52 33 58 8 33 50 103 22 70 68 41 19 63 39 88
58 51 77 64 60 61 56 78 90 96 62 85 44 107 87 16 39 22 64 48 53 79 71 80 92 29 49 56 55 71
46 39 68 53 62 53 54 73 82 84 50 79 33 98 76 14 34 11 60 52 43 67 64 68 81 24 48 44 46 59
34 49 29 26 50 14 31 37 42 52 36 41 44 60 47 33 13 29 29 47 15 67 26 41 47 21 30 27 8 52
71 72 75 72 36 57 40 66 84 101 75 74 65 106 95 22 35 37 51 24 60 99 62 88 96 28 33 67 56 88
54 63 47 49 29 29 17 39 55 75 57 47 57 78 70 24 11 31 24 24 37 86 34 64 69 14 11 48 30 73
66 87 24 50 56 28 38 13 14 53 66 4 83 39 56 71 47 70 27 62 48 98 16 55 47 58 45 60 38 82
25 10 64 39 83 55 69 80 80 68 29 83 4 88 58 39 46 25 71 75 35 38 68 51 67 41 65 28 45 32
33 54 13 17 62 13 41 35 28 35 33 35 51 42 32 51 31 45 35 62 16 65 23 27 29 39 43 26 11 49
