100 20
180 220 298 60 154 133 89 119 360 73 251 237 365 121 312 120 407 168 157 221
11 44 23 25 43 23 43 29 35 29 29 27 41 32 38 36 41 16 31 14 38 26 21 37 12 48 33 37 39 45 30 43 44 14 50 43 14 34 30 30 39 10 35 25 47 17 49 28 36 31 31 10 49 46 43 22 25 29 32 19 30 42 17 32 16 43 18 13 47 27 22 30 18 47 35 25 27 22 36 24 14 10 43 22 26 16 32 31 38 50 14 35 47 36 30 34 42 22 39 27
277 227 433 119 215 253 130 156 392 108 381 416 441 121 331 187 434 202 211 286
77 38 82 72 70 79 27 39 83 38 19 57 85 41 55 88 51 47 90 16
20 37 24 54 56 52 55 83 25 58 49 13 55 39 34 30 56 14 32 42
16 53 20 46 51 38 88 101 20 92 72 44 37 72 39 28 90 40 21 70
39 50 38 74 76 74 42 89 39 42 54 10 77 22 53 39 36 29 45 43
31 61 28 78 81 75 60 104 28 59 69 17 77 40 59 24 51 38 32 59
46 17 51 50 49 53 38 55 53 47 20 32 58 35 28 59 52 16 60 15
71 47 74 82 81 86 6 62 75 16 34 46 91 21 61 78 28 44 82 22
13 37 19 48 51 45 62 85 20 66 52 21 47 47 30 28 65 17 27 47
39 53 44 29 35 19 99 95 45 106 74 63 15 88 36 54 106 51 46 76
16 63 15 58 63 50 91 110 14 93 80 44 49 73 50 20 89 46 11 76
78 34 84 66 63 73 38 29 85 49 14 62 79 50 51 91 61 48 92 20
75 63 76 96 95 99 14 80 77 5 52 46 103 17 74 77 10 53 83 40
49 40 51 70 71 72 26 72 52 30 38 22 76 12 49 55 31 26 59 25
79 40 83 75 72 81 26 40 84 37 21 59 87 41 57 89 50 49 92 18
76 28 83 55 51 63 51 21 84 62 14 66 69 60 44 91 73 48 91 27
81 76 81 108 108 110 28 94 82 17 66 52 114 25 86 81 7 64 88 54
35 26 40 53 53 54 41 68 41 47 33 19 58 30 31 46 49 8 48 26
18 46 24 38 43 31 83 93 25 89 65 43 30 70 31 34 88 35 28 64
22 71 17 68 73 61 94 119 16 96 87 46 59 76 59 16 90 53 9 83
41 61 39 83 85 81 50 100 39 48 65 17 83 29 62 36 39 39 44 54
36 45 42 23 29 14 92 88 43 98 65 58 12 81 28 52 100 44 45 68
36 69 31 85 88 82 66 112 31 63 76 25 83 45 67 25 54 46 34 66
14 49 19 43 48 36 84 97 20 88 68 41 35 69 35 29 87 36 22 66
81 35 87 65 61 73 44 23 89 55 17 67 79 56 52 95 67 51 96 25
51 14 58 21 19 29 67 51 60 77 32 54 35 65 12 68 83 32 65 40
62 22 68 57 55 63 34 41 69 44 7 47 69 39 39 75 54 32 76 6
13 51 11 61 64 57 66 97 12 68 63 18 58 48 44 16 63 28 19 56
19 31 25 43 46 42 60 78 26 65 46 23 44 47 25 34 65 12 33 42
42 32 45 61 62 63 33 69 46 38 34 19 67 21 39 50 40 17 54 23
32 31 36 55 56 56 43 73 37 48 38 14 59 30 34 42 48 9 44 30
50 21 55 54 53 59 33 53 57 42 18 34 64 32 34 62 48 20 64 10
50 38 58 4 10 6 90 72 59 98 57 66 11 84 23 68 102 47 63 63
74 26 81 42 37 51 65 26 83 76 26 70 57 71 37 91 86 49 89 38
88 39 95 55 50 65 68 13 96 80 32 81 71 78 51 104 91 61 103 45
12 39 19 41 45 37 71 86 21 76 56 30 38 57 27 30 75 23 26 53
59 28 63 63 62 68 25 51 64 34 18 39 73 28 43 69 43 29 72 5
64 15 71 45 41 52 51 33 72 61 11 56 58 55 31 79 70 36 79 23
50 37 53 68 68 71 25 68 54 30 33 25 75 15 46 57 33 25 61 21
13 62 6 65 70 60 80 109 4 81 76 32 59 61 52 5 76 41 5 70
42 62 39 84 86 82 51 101 39 48 66 18 84 30 63 37 39 40 44 55
66 63 66 94 94 96 25 88 67 18 57 37 99 12 72 66 9 49 73 44
49 11 56 24 22 30 64 51 58 74 30 51 36 62 11 66 80 29 64 37
24 40 26 59 61 58 51 84 27 54 50 7 60 34 39 31 51 17 34 42
30 76 23 82 87 77 85 122 22 84 88 38 76 65 68 12 76 54 19 80
75 37 79 72 69 78 25 41 80 36 18 55 83 38 54 85 48 44 88 14
26 68 19 78 81 73 75 113 19 74 79 28 73 54 62 11 66 45 20 70
10 41 17 43 47 38 73 89 19 77 58 31 39 58 29 28 76 25 24 55
72 68 71 100 100 101 26 91 72 18 61 43 105 17 78 71 4 55 78 48
55 54 55 84 84 85 27 84 56 25 51 26 88 6 62 56 20 38 62 38
22 71 15 72 77 66 88 118 13 89 85 40 65 69 61 8 83 50 8 79
31 48 37 29 35 20 92 92 38 98 68 55 18 81 31 47 99 43 40 70
66 17 73 39 34 47 60 32 74 70 20 61 53 63 30 82 79 40 81 32
19 38 23 54 56 52 56 83 24 59 49 13 54 40 34 29 57 15 31 43
76 40 81 74 72 81 23 43 82 34 21 55 86 38 56 86 47 46 89 16
39 12 45 38 38 41 51 58 46 59 27 34 46 45 16 54 63 12 53 27
18 38 26 34 38 29 76 85 27 82 57 39 30 64 24 36 82 28 31 56
62 19 68 53 51 60 38 39 69 48 4 48 65 43 36 75 58 32 76 10
28 61 24 76 79 73 63 104 24 62 69 18 74 42 58 21 55 38 28 60
28 72 21 80 84 75 79 117 20 78 83 33 75 59 65 11 70 49 20 75
39 48 45 23 29 13 95 89 46 102 68 61 10 85 31 55 103 47 48 71
71 50 74 84 83 88 4 64 75 14 37 45 93 19 63 78 25 45 82 25
39 48 45 23 29 13 95 89 46 102 68 61 10 85 31 55 103 47 48 71
13 40 17 51 54 48 62 87 19 65 53 18 50 46 33 25 63 18 26 48
75 31 81 64 60 71 37 30 82 48 11 59 77 48 48 88 60 45 89 17
78 30 85 56 51 64 53 19 86 64 17 68 70 62 45 93 75 50 93 29
74 26 81 41 36 50 67 27 83 77 27 71 56 72 37 91 87 50 89 40
2 47 9 51 55 46 73 95 11 76 63 28 46 57 37 20 73 28 17 58
30 22 36 42 43 43 52 68 37 58 35 25 47 42 21 44 60 4 44 32
75 37 79 72 69 78 25 41 80 36 18 55 83 38 54 85 48 44 88 14
48 4 54 38 37 43 50 49 56 59 19 41 49 47 19 63 65 20 62 22
69 38 73 73 71 78 18 50 75 29 22 47 83 30 53 79 40 40 82 12
64 28 71 20 14 29 79 49 72 89 41 69 35 79 25 81 96 47 78 51
58 43 66 9 11 12 96 73 67 105 61 74 15 91 31 76 110 54 70 69
34 37 41 19 24 13 84 80 42 91 57 53 14 75 20 52 93 37 46 60
56 48 63 13 17 9 100 80 64 108 67 74 9 94 33 73 112 56 67 73
24 38 31 29 34 23 81 84 32 87 58 45 24 69 22 42 87 32 36 59
81 33 87 61 57 69 49 19 89 60 17 69 75 60 49 95 72 52 96 28
32 21 38 44 45 46 49 67 39 55 33 24 50 39 22 46 57 2 46 29
64 59 65 90 90 92 21 83 65 16 52 35 96 7 68 65 11 45 72 39
76 27 82 54 50 62 52 21 84 63 15 66 68 61 43 91 74 47 91 27
78 50 81 85 84 90 9 58 82 19 35 53 96 29 66 85 33 50 89 25
44 20 49 52 52 55 37 58 50 45 23 29 60 31 30 56 49 14 58 16
82 33 88 58 54 67 54 16 90 65 20 71 73 65 49 97 77 53 97 32
29 23 37 28 30 27 66 70 38 73 42 38 31 57 9 47 76 19 44 43
25 51 24 68 71 66 55 94 25 56 59 8 68 36 49 25 51 28 31 51
31 44 32 66 68 65 46 86 32 48 51 2 68 28 45 34 44 22 39 41
35 21 41 47 48 49 45 64 42 51 30 24 53 36 25 48 54 5 49 25
12 61 8 60 65 54 85 109 8 87 77 38 52 67 50 13 83 42 5 73
57 67 55 94 95 93 41 100 55 36 66 29 96 22 72 53 24 48 60 53
55 55 56 85 85 86 28 85 56 25 52 26 89 7 63 56 19 39 63 39
72 53 74 87 86 91 4 68 75 10 41 45 95 17 66 77 21 47 82 29
4 46 11 50 54 45 72 93 12 76 61 27 46 56 36 21 73 27 18 57
59 45 61 78 77 81 16 70 62 20 38 32 85 9 56 64 24 35 69 25
95 46 102 68 63 77 63 3 103 74 33 85 83 76 61 110 87 67 110 44
23 27 30 36 39 35 62 74 31 68 44 29 38 51 18 39 69 13 38 42
83 37 89 67 64 75 43 23 90 54 18 68 81 56 54 96 67 53 97 25
75 28 81 59 55 66 44 26 82 55 10 62 72 53 45 88 66 45 89 21
24 52 22 68 71 66 57 96 23 58 61 10 67 38 49 23 52 29 29 52
58 9 65 38 36 46 53 39 66 63 15 52 51 55 24 74 71 31 73 25
56 15 63 24 21 32 67 47 64 77 30 58 38 66 17 73 84 35 70 39
