100 40
296 123 114 274 144 98 202 259 386 432 271 114 213 266 89 315 435 215 275 242 271 88 267 106 74 170 413 308 124 154 86 238 290 218 204 311 334 168 419 258
48 32 13 44 47 23 40 16 27 44 31 39 24 17 20 32 16 13 18 50 49 44 23 47 49 32 44 34 17 14 15 17 11 20 19 48 30 43 13 19 23 40 37 40 45 25 12 50 44 34 35 36 37 33 34 19 10 37 18 38 24 26 20 30 44 37 35 23 44 42 47 42 40 49 12 26 37 33 14 24 42 30 17 41 35 28 15 32 42 34 41 27 13 48 50 28 35 43 30 17
381 173 209 296 235 134 381 291 403 449 354 182 243 425 146 367 444 255 275 255 457 118 426 210 125 211 443 329 181 174 159 259 484 378 366 465 469 308 423 417
36 72 107 60 52 60 7 77 72 66 100 70 78 22 70 67 68 99 33 95 67 31 104 89 27 46 60 46 34 94 93 61 48 33 88 47 56 12 39 96
45 56 62 91 16 59 66 35 28 26 41 15 42 59 3 38 52 35 35 61 48 41 50 55 58 32 28 34 76 31 27 8 22 74 48 81 15 56 46 28
27 58 96 41 53 45 12 69 65 59 95 75 68 38 71 78 55 95 36 83 54 28 96 77 14 55 68 56 53 98 96 61 53 52 78 28 59 21 29 97
76 91 91 123 45 94 89 69 63 61 65 22 76 71 33 25 87 55 59 94 84 68 76 89 87 42 28 42 81 18 23 42 42 80 80 112 37 77 78 34
27 62 98 50 49 50 4 69 65 59 94 69 69 29 67 70 58 93 31 86 57 25 97 80 17 48 61 48 44 93 91 57 47 43 80 37 54 13 30 93
29 40 80 19 59 25 38 59 59 54 86 83 55 62 75 93 38 90 49 65 39 38 85 61 21 70 81 72 79 103 100 65 64 78 64 9 68 44 27 97
49 53 53 92 25 58 74 29 23 23 30 23 36 68 11 47 49 25 43 54 46 47 39 48 63 42 38 44 86 31 26 15 33 85 40 84 25 64 50 22
61 72 71 108 31 75 81 48 42 42 45 12 56 68 14 34 68 36 49 73 64 56 55 68 74 38 29 40 83 14 12 25 33 81 59 98 25 69 63 19
59 81 90 107 30 80 69 63 55 52 67 14 69 50 27 10 76 59 40 89 73 50 76 83 69 21 8 21 61 32 34 31 24 60 75 95 21 56 61 43
41 11 48 41 60 13 66 37 41 41 62 80 31 84 69 98 15 69 61 32 18 52 58 30 46 79 86 81 103 94 89 60 69 102 36 41 69 67 37 83
63 43 20 92 52 55 93 21 25 32 10 57 24 95 45 81 42 19 68 28 41 67 7 25 76 74 72 76 115 57 51 45 63 113 17 88 57 86 61 40
35 45 56 80 13 47 60 26 19 15 39 26 32 57 14 46 40 36 30 52 37 33 46 46 49 34 35 37 75 42 38 6 23 74 39 70 18 51 36 36
54 88 110 97 42 81 47 79 72 66 93 44 84 21 52 29 83 87 34 104 80 43 100 97 57 21 28 18 27 66 68 50 31 26 92 84 38 36 58 75
52 48 43 92 32 56 79 22 18 22 21 34 30 76 21 58 45 16 50 46 42 52 29 40 66 52 48 54 95 37 31 23 42 93 32 84 35 71 52 23
33 5 42 50 46 13 62 24 27 26 50 66 18 75 54 84 0 56 50 28 3 42 48 23 42 66 72 68 95 80 75 46 56 93 26 46 55 60 29 69
62 57 46 102 39 65 88 31 28 32 19 35 38 83 24 59 55 11 58 52 52 61 30 47 76 57 51 59 101 31 25 30 47 99 38 94 40 79 62 15
17 34 59 62 18 32 45 28 23 16 51 40 30 50 32 56 29 51 22 50 26 19 55 44 31 37 44 39 69 60 56 21 27 68 40 52 28 38 17 54
37 57 71 85 7 57 55 41 34 29 52 16 47 46 14 32 52 48 24 67 49 31 60 61 50 20 20 22 63 39 37 9 10 62 54 74 3 44 40 40
16 32 58 59 20 29 45 28 23 16 52 43 30 50 34 58 27 52 23 49 25 19 55 43 30 39 46 41 70 62 58 23 29 69 40 50 30 39 16 56
59 86 99 106 35 83 63 71 63 59 78 25 77 41 37 7 81 71 38 97 78 49 87 90 67 17 10 16 50 44 47 39 25 49 84 94 26 51 62 55
39 41 47 81 21 46 66 19 12 11 31 31 26 65 18 53 37 29 38 45 34 39 38 39 54 43 42 45 84 42 38 14 32 82 32 72 26 58 39 33
20 56 85 64 26 48 25 54 49 42 75 45 57 24 44 48 51 73 7 76 49 9 80 70 25 26 38 27 44 69 68 35 23 42 67 51 30 14 24 70
37 65 84 84 17 61 46 54 47 41 68 25 59 31 29 27 60 63 16 79 57 27 75 73 46 6 16 8 48 49 49 24 6 47 67 72 13 34 40 54
32 31 71 20 60 17 47 53 54 50 80 83 48 69 74 95 30 84 53 56 32 42 78 52 28 74 84 75 87 102 98 64 66 86 56 16 69 51 28 94
43 36 38 80 30 43 72 10 6 11 25 40 18 73 27 63 33 25 46 36 30 45 29 30 57 52 52 55 92 48 43 24 41 91 22 73 36 65 42 36
29 49 89 24 59 34 29 65 64 58 92 82 62 55 77 90 46 95 46 74 47 36 92 69 17 67 79 68 70 104 101 66 62 69 72 11 67 37 28 100
39 75 101 81 35 67 33 69 63 57 87 45 73 11 49 38 70 83 21 93 68 29 93 87 42 19 32 18 28 69 69 43 26 27 82 68 34 21 44 75
27 11 46 50 40 13 56 23 24 22 50 61 19 69 50 79 6 55 43 33 4 36 49 27 37 60 66 62 89 76 71 40 50 87 28 44 50 54 23 66
35 6 46 44 53 9 62 31 35 34 57 73 25 78 62 91 8 63 54 31 11 46 54 27 42 72 79 74 97 87 82 53 62 96 32 41 62 62 31 76
38 38 45 78 23 43 66 16 9 8 31 34 23 66 21 56 34 30 38 43 31 39 36 36 52 45 45 47 85 45 41 16 34 83 29 70 29 58 38 36
16 53 86 54 34 43 17 56 51 45 80 55 57 28 52 59 48 79 17 75 47 10 83 69 15 36 49 37 47 79 77 42 33 46 67 41 40 11 19 78
53 74 83 101 24 73 65 56 48 45 61 9 62 49 20 17 69 54 35 82 66 45 70 76 64 19 8 20 62 31 32 24 18 61 68 89 14 53 55 39
52 77 90 100 26 75 61 61 54 49 68 17 67 43 27 12 72 62 33 87 69 43 77 81 62 13 0 14 55 38 40 29 17 54 74 88 17 49 55 47
26 54 92 34 55 40 19 66 64 58 93 77 65 45 73 82 51 94 40 79 50 31 94 74 12 60 72 60 60 100 98 62 56 59 75 21 62 28 27 97
70 44 11 94 62 58 100 28 34 40 18 68 29 105 55 92 45 28 77 24 44 75 7 24 83 84 82 86 124 67 61 55 73 123 19 91 67 95 68 50
66 103 132 97 66 93 44 100 94 88 118 73 103 24 80 58 98 114 51 123 96 56 125 117 62 48 57 46 4 96 97 75 56 5 113 84 64 40 70 104
55 86 104 100 37 81 53 74 67 62 86 35 79 29 45 19 81 79 33 100 78 44 94 93 60 15 19 13 37 57 58 43 26 36 88 87 31 41 58 66
16 42 80 35 46 29 25 54 52 46 81 69 53 46 63 77 39 82 33 67 38 23 82 62 5 54 66 55 64 91 88 52 49 63 63 22 54 28 15 87
40 77 111 65 54 65 13 81 76 69 104 71 82 19 72 66 73 102 35 100 71 34 108 94 33 46 59 46 29 95 94 64 49 28 92 52 57 15 44 98
39 77 105 76 42 67 25 74 68 62 94 55 77 3 58 48 72 91 25 97 70 30 100 90 38 29 42 29 23 79 79 51 35 22 87 63 43 15 43 84
58 85 99 105 34 82 62 70 63 58 78 25 76 40 37 8 80 71 37 96 77 47 87 90 66 16 9 14 49 45 47 38 24 48 83 92 26 50 61 56
70 90 95 118 41 91 80 70 63 61 70 20 77 61 33 14 86 61 52 96 82 62 80 90 81 33 19 33 70 27 31 40 35 69 82 107 32 68 73 42
34 70 97 75 33 62 28 66 60 53 85 46 69 12 49 42 65 81 16 89 63 23 90 82 36 21 35 21 31 70 70 42 25 30 79 62 33 16 38 75
65 32 11 79 67 46 95 30 37 42 37 79 25 105 66 102 34 46 78 6 35 73 27 12 76 89 91 92 125 83 77 62 78 124 17 78 74 92 62 67
37 74 103 73 41 64 22 72 67 60 93 55 75 6 58 50 69 90 23 94 67 27 98 88 35 30 43 29 26 79 79 50 34 24 85 60 42 12 41 83
81 92 87 128 51 96 97 68 62 62 59 28 76 81 35 37 88 49 66 92 85 75 70 87 93 51 38 52 92 10 16 45 50 91 78 118 43 85 83 27
28 39 56 72 13 40 54 25 18 12 43 31 30 54 21 50 35 41 26 50 32 27 48 44 42 35 38 37 73 49 45 11 24 72 38 63 21 46 29 43
27 62 88 71 25 55 29 57 51 45 76 41 60 20 42 42 57 73 8 80 55 16 82 74 32 19 32 20 40 66 64 34 19 38 70 59 27 17 31 68
75 45 5 94 71 60 106 35 41 47 28 78 33 112 65 102 47 38 84 21 47 81 17 24 87 93 92 95 132 77 71 64 82 130 23 93 76 101 72 60
46 30 29 77 38 40 76 4 8 15 23 49 11 80 36 72 28 28 52 27 25 50 24 21 59 61 61 63 99 56 51 32 49 98 13 71 45 69 44 43
51 17 23 66 56 32 81 21 28 32 39 71 14 91 58 93 20 47 65 9 20 59 33 4 61 78 81 80 111 79 73 52 67 110 12 64 64 78 48 65
53 69 74 100 23 70 70 48 41 39 51 2 55 57 11 26 64 43 39 74 61 47 60 68 65 27 19 29 72 24 23 19 23 71 60 90 15 59 55 29
49 72 85 97 21 71 59 56 49 44 64 14 62 43 23 17 67 57 30 82 64 40 73 76 59 13 5 14 57 37 37 24 14 56 69 85 12 47 51 44
16 39 64 62 16 35 42 33 27 21 55 39 35 45 32 53 34 54 17 55 31 15 59 49 29 33 41 35 64 60 56 21 23 63 45 52 25 34 17 56
73 41 5 89 72 56 104 35 42 48 34 81 32 112 68 105 44 44 84 16 44 80 23 21 85 94 94 96 132 82 76 66 83 130 22 88 78 100 70 65
38 31 39 74 29 38 68 8 1 6 29 42 15 70 29 64 28 31 43 35 25 41 32 28 52 51 53 54 90 52 47 24 40 89 22 67 36 61 37 41
31 53 70 79 2 51 50 39 32 27 54 23 45 43 19 36 48 50 18 65 45 25 61 59 43 20 24 22 61 45 43 11 9 59 53 68 8 39 33 45
21 19 51 51 34 17 51 24 23 19 51 55 22 62 45 72 14 54 36 39 11 29 51 33 32 53 60 55 82 72 67 35 43 80 32 44 43 47 17 63
60 86 99 107 35 84 65 70 63 59 77 24 76 43 36 5 81 70 39 97 78 50 86 90 68 18 9 17 52 42 45 38 25 51 83 95 26 52 63 54
40 48 88 10 70 34 43 69 69 64 96 93 65 69 86 102 47 100 59 73 48 48 95 69 30 80 91 81 84 114 110 75 74 83 73 3 79 51 38 108
54 66 68 100 24 69 74 43 37 35 44 9 51 63 7 33 61 36 42 69 58 49 54 63 67 34 26 35 78 21 19 18 27 77 55 90 19 63 56 23
44 81 113 73 53 70 20 83 77 70 104 67 85 12 70 60 77 101 35 103 75 36 109 97 39 41 54 41 21 91 91 62 46 20 95 60 54 17 48 96
45 47 49 87 23 52 71 23 17 18 29 27 31 68 14 51 43 25 41 49 40 44 37 43 59 43 41 45 86 36 31 14 33 84 35 79 26 62 45 27
53 20 20 69 57 35 83 21 28 32 37 71 15 93 58 93 22 45 66 6 23 61 30 1 64 79 82 81 113 78 72 53 68 112 10 67 65 80 50 64
40 54 63 86 11 55 61 35 27 24 44 17 41 54 8 38 49 39 30 61 46 35 52 55 53 28 27 30 72 35 32 4 18 70 48 76 11 51 41 33
27 51 71 75 5 48 45 40 33 27 56 27 44 40 23 39 46 53 14 65 43 20 63 58 39 21 27 23 59 50 47 14 10 57 53 64 12 35 29 49
13 45 82 41 42 33 21 54 51 45 80 64 53 40 60 71 41 81 28 69 40 18 82 64 1 49 60 50 58 87 84 49 44 57 64 28 49 22 14 84
35 70 95 78 29 63 33 64 57 51 81 41 67 16 44 37 65 77 15 88 62 24 88 81 39 16 29 16 34 65 65 38 21 32 77 66 29 21 39 70
62 44 24 93 50 56 92 21 24 30 7 54 25 93 41 78 43 16 66 31 41 65 9 28 76 71 68 73 112 53 47 42 60 111 20 88 54 85 61 36
26 47 86 27 56 32 27 62 60 55 89 79 59 52 73 86 44 91 43 72 44 33 89 67 14 64 75 65 68 101 98 62 59 67 69 14 64 34 25 96
10 46 76 56 25 38 27 46 41 35 69 47 48 34 43 55 41 68 12 67 39 1 73 60 18 33 44 34 54 70 68 33 27 52 58 44 32 20 14 68
22 44 84 28 53 30 27 59 57 52 86 76 57 51 70 84 41 88 40 69 41 30 86 65 11 61 73 62 68 98 95 59 56 67 66 16 61 33 22 93
25 48 68 72 6 45 45 37 30 24 55 29 42 41 24 42 43 52 15 62 40 19 61 55 37 24 30 26 60 51 48 14 13 59 50 62 14 35 27 49
41 49 56 85 16 52 65 28 21 19 37 22 35 60 9 44 45 33 35 54 42 38 45 48 55 35 34 37 78 36 32 7 25 77 41 76 18 55 42 30
19 56 87 61 30 47 20 56 51 44 78 50 58 23 48 52 52 77 11 77 50 10 83 71 21 30 43 31 43 74 72 39 28 42 68 48 35 10 23 74
71 84 83 118 40 87 87 61 55 54 57 17 69 70 26 28 80 47 55 86 77 64 67 81 83 41 28 41 82 12 16 36 39 81 72 108 32 75 73 27
49 47 46 89 28 54 75 22 17 19 25 30 30 72 17 54 44 21 46 47 41 48 33 41 63 47 44 50 90 36 31 19 37 89 33 81 30 66 49 25
46 79 100 90 33 73 44 70 63 57 84 37 74 21 44 27 74 78 25 95 71 35 91 88 51 12 22 10 33 60 61 40 22 32 83 78 29 32 50 68
27 19 60 32 51 5 50 40 42 38 68 74 36 69 64 89 18 72 48 45 19 38 65 40 30 68 77 70 88 91 87 54 59 86 44 28 61 52 23 83
20 17 53 45 39 11 49 29 29 25 57 61 26 63 51 77 13 60 39 40 12 30 56 35 29 57 65 59 82 78 74 41 48 81 36 38 48 47 16 69
51 84 105 95 37 78 47 74 67 62 88 40 79 22 47 26 79 82 30 100 76 40 96 93 55 16 24 13 31 62 63 45 26 30 88 82 33 36 55 70
50 14 28 61 59 28 79 26 32 35 45 75 18 92 63 96 18 53 66 12 19 59 39 10 59 81 84 83 112 85 79 56 70 110 18 60 67 77 47 71
28 57 78 76 11 52 41 47 40 34 63 29 51 33 28 36 51 60 10 72 49 19 70 65 38 15 24 17 52 52 51 20 7 50 60 64 14 30 31 54
9 38 67 57 21 32 36 37 32 25 60 45 38 42 38 56 33 60 16 57 31 10 64 51 23 35 44 37 62 66 63 27 27 61 48 46 30 30 11 62
85 95 87 132 55 99 102 70 64 65 59 32 77 86 38 42 91 49 71 93 88 79 70 88 98 56 43 57 97 11 17 49 54 96 79 122 47 90 87 27
14 39 77 34 45 25 28 51 49 43 78 68 49 48 62 77 35 80 34 64 35 23 79 58 8 55 66 56 66 89 86 51 49 65 59 23 53 31 13 85
44 30 31 76 37 39 74 4 7 14 24 48 11 78 35 71 27 28 50 28 25 48 25 22 58 59 60 61 98 56 50 31 48 96 14 71 43 68 43 42
50 72 83 98 22 71 62 55 48 44 62 11 62 46 21 17 68 55 32 82 64 42 71 75 61 16 6 17 60 34 35 23 16 58 68 87 12 50 53 42
49 47 45 90 29 54 76 22 17 20 23 32 30 73 19 56 44 20 47 46 41 49 32 41 64 49 46 51 92 37 31 20 39 90 32 82 32 67 49 25
38 38 45 78 23 43 66 16 9 8 31 34 23 66 21 56 34 30 38 43 31 39 36 36 52 45 45 47 85 45 41 16 34 83 29 70 29 58 38 36
22 31 71 27 51 16 40 49 48 44 76 75 45 61 67 86 28 79 44 56 29 33 75 51 20 65 75 66 79 94 90 56 57 78 54 19 60 43 19 87
67 81 82 114 36 83 82 59 52 51 56 13 66 66 22 26 77 47 51 84 74 60 66 78 79 36 24 37 79 15 17 32 34 78 70 103 28 70 69 28
34 24 38 68 32 31 65 8 6 7 34 47 11 70 35 68 21 37 42 31 18 39 35 25 48 54 57 56 90 59 54 28 43 88 20 61 40 59 33 48
51 78 93 98 27 75 57 63 56 51 72 21 69 38 31 13 73 66 31 90 70 41 81 83 60 10 5 9 50 43 45 31 17 49 77 86 19 45 54 52
30 43 83 19 60 29 36 62 61 56 89 83 58 60 77 92 41 92 49 68 42 38 88 64 20 70 81 71 76 104 101 66 64 75 67 7 69 42 28 99
24 28 68 27 52 14 43 47 47 43 75 75 43 63 66 87 26 78 45 53 27 35 73 49 22 66 76 67 81 94 90 56 58 80 52 20 61 45 20 87
34 9 38 55 43 18 64 18 21 21 45 62 12 75 50 81 6 50 49 26 4 42 42 20 44 64 69 66 95 74 69 42 53 93 21 51 52 61 31 63
39 61 75 87 10 60 54 46 38 34 57 16 51 43 17 28 56 51 23 72 53 31 65 65 50 16 16 18 60 40 38 14 7 58 59 76 1 43 42 42
24 50 72 72 8 47 42 41 34 28 59 30 45 38 26 41 45 56 11 65 42 17 64 59 36 21 29 23 57 53 51 17 11 55 54 61 15 32 27 52
69 41 6 90 63 55 99 28 34 40 23 71 27 105 58 95 42 33 77 19 42 74 12 20 81 85 85 88 125 71 65 57 74 123 17 88 69 94 66 54
