150 60
204 115 360 210 205 400 404 220 73 130 130 471 219 477 109 361 100 194 305 129 279 233 217 205 244 171 352 247 410 241 322 473 270 58 321 324 151 174 98 185 142 247 150 158 77 313 114 91 326 244 141 129 273 229 244 289 88 62 359 91
15 12 38 30 30 43 12 44 10 16 43 44 37 25 35 15 42 10 16 16 23 28 22 32 20 11 24 12 43 27 18 44 22 23 25 48 22 24 48 27 13 27 43 33 30 14 31 29 22 39 36 30 31 28 32 49 32 20 41 33 34 29 27 43 26 21 50 29 45 31 33 36 49 29 36 24 17 29 36 25 29 41 31 36 48 43 15 11 22 17 40 12 34 30 42 16 20 35 15 44 17 43 27 21 32 43 18 16 41 17 30 23 16 19 26 29 38 31 12 18 24 22 34 10 32 47 41 36 46 28 29 37 35 34 32 35 22 42 44 19 41 29 14 30 23 26 37 21 20 35
318 182 438 372 363 405 424 266 138 223 140 496 381 480 162 379 146 335 411 250 356 328 340 266 400 260 470 419 436 255 381 493 321 100 363 379 179 250 172 330 169 274 226 272 100 318 152 116 355 437 158 239 298 251 253 319 134 125 452 153
65 36 14 30 57 98 64 145 115 139 139 112 78 161 67 158 94 67 139 67 110 134 128 164 90 130 75 134 105 108 175 60 13 114 87 87 88 73 130 149 65 170 57 91 142 71 25 136 58 143 71 108 116 131 166 48 91 40 126 56
98 121 114 118 86 59 90 97 40 113 35 69 86 58 60 74 108 92 19 59 11 14 153 100 126 155 56 36 59 19 77 68 115 18 33 102 32 52 37 64 123 102 84 125 54 90 97 19 120 114 104 97 34 95 73 84 29 92 91 87
94 126 132 125 88 47 88 66 22 86 66 47 79 27 68 38 94 88 38 68 36 37 134 65 115 136 85 70 42 31 44 94 127 54 58 91 54 62 72 28 119 66 86 113 18 85 116 47 119 86 98 78 19 67 38 90 53 99 64 89
27 48 93 54 43 64 35 81 89 66 153 66 34 129 67 113 20 31 137 69 110 133 46 104 8 49 112 152 68 102 135 105 70 127 102 20 97 74 150 108 20 111 45 8 107 31 88 140 26 71 18 41 94 67 125 53 100 53 64 42
49 84 105 85 48 8 44 46 28 53 100 10 32 68 41 57 46 43 79 43 56 75 88 62 66 90 83 101 7 47 77 84 92 77 61 42 55 41 100 49 72 67 47 64 46 40 91 83 73 55 51 32 34 36 67 55 57 63 31 48
63 93 100 91 55 20 56 65 13 77 74 32 49 59 35 59 69 57 54 36 30 50 114 75 88 116 64 74 20 21 73 68 94 51 38 64 32 30 74 49 88 79 53 87 41 54 85 58 87 79 68 58 14 59 65 57 33 66 55 56
87 115 117 113 78 43 80 77 21 94 54 50 74 44 55 55 93 81 31 55 17 27 136 80 112 138 67 56 41 13 62 76 113 37 40 88 36 48 57 45 113 82 76 111 35 79 100 36 111 95 92 80 15 75 57 79 35 87 71 79
82 97 83 93 68 59 74 109 52 120 50 74 76 87 42 97 101 77 50 39 26 45 148 117 115 150 24 47 62 31 104 36 87 24 6 93 12 34 44 86 106 121 65 114 77 77 66 46 102 122 90 96 49 102 99 62 10 68 97 68
99 118 104 114 86 68 91 111 53 126 30 80 90 76 59 91 114 94 31 57 20 27 161 116 130 163 41 28 69 29 94 55 108 3 25 108 28 51 26 81 124 118 84 129 71 93 87 25 120 127 107 106 48 107 91 81 24 88 103 87
105 127 118 124 93 67 97 104 47 121 27 77 94 61 67 79 116 99 15 65 18 11 161 106 134 163 57 29 66 27 80 70 120 15 37 110 37 59 30 70 130 108 91 132 60 97 101 12 127 122 111 105 42 102 77 90 34 98 98 94
126 162 180 163 125 82 122 53 68 76 116 69 109 36 113 22 111 120 88 115 92 89 135 33 132 136 141 122 75 86 20 148 169 110 114 112 109 110 125 32 146 28 124 130 41 116 165 98 148 73 125 90 70 66 19 132 108 140 67 126
85 92 68 87 69 73 77 125 71 133 62 89 82 107 47 116 108 81 68 44 46 64 155 135 119 157 4 56 77 51 124 18 77 39 23 100 29 42 52 106 106 139 67 119 96 82 53 62 101 136 94 107 68 117 119 61 28 65 112 70
76 63 22 56 62 91 71 144 101 145 109 108 83 145 58 148 105 75 114 55 88 109 147 160 108 149 44 103 98 89 161 29 40 86 63 97 66 60 99 138 87 165 61 109 130 78 13 109 80 148 84 114 101 132 154 51 67 48 127 62
79 108 113 107 71 34 72 68 11 84 63 40 65 45 49 51 83 73 40 50 23 37 126 73 103 128 69 66 31 15 61 76 108 45 42 79 37 43 66 41 104 76 69 101 31 70 97 46 103 85 84 70 5 66 55 72 36 81 62 72
42 69 112 74 57 64 47 66 87 48 157 60 40 122 76 102 15 43 137 79 112 133 32 89 16 34 124 156 66 104 125 118 90 132 109 22 104 82 155 99 41 96 58 14 100 42 106 142 47 52 33 30 93 52 115 67 107 70 51 56
83 98 82 94 69 61 75 111 54 121 50 76 77 88 43 98 102 78 51 40 27 46 149 119 116 151 23 46 64 33 106 35 87 24 8 95 14 35 43 88 107 123 66 115 78 78 66 46 102 123 91 98 51 104 101 63 12 69 99 69
62 73 62 69 46 52 54 106 56 112 75 69 59 99 23 103 84 57 72 20 43 66 131 118 96 133 25 71 58 43 115 25 63 48 20 76 21 19 67 93 83 123 44 95 84 58 45 69 79 114 70 84 55 96 108 39 23 45 91 47
73 53 6 46 62 97 70 148 110 146 125 113 83 155 64 156 103 74 128 62 100 123 142 165 103 144 59 119 104 100 170 44 29 101 76 95 78 68 115 146 80 171 61 104 139 77 13 123 73 149 81 114 110 135 163 51 80 46 130 61
49 80 93 79 42 9 42 62 24 70 86 26 35 70 27 65 56 43 68 29 42 64 101 76 74 103 66 86 14 34 82 68 83 62 44 50 38 25 86 56 74 81 40 72 50 40 78 72 73 72 54 47 27 53 73 46 40 55 48 43
24 27 48 25 14 57 21 102 78 97 121 71 35 124 34 118 54 25 113 35 83 108 95 122 56 97 68 118 64 78 136 58 31 94 66 46 64 42 115 110 38 128 15 57 104 28 40 112 32 101 32 66 80 88 127 10 67 4 84 14
81 83 55 77 65 77 74 130 79 137 76 94 81 118 47 125 107 78 82 44 58 77 153 143 116 155 10 70 82 61 135 5 66 53 34 98 38 44 65 115 100 147 63 115 106 79 40 76 94 139 90 108 77 121 129 56 39 58 116 66
90 127 158 129 97 64 90 11 70 22 141 47 75 75 97 49 67 87 114 100 102 112 80 23 84 81 139 144 59 93 69 141 141 124 115 71 108 98 145 52 104 29 97 82 60 83 145 122 108 18 86 47 75 22 61 106 110 113 27 97
71 107 127 108 70 28 67 32 26 49 99 15 54 49 61 34 62 66 74 63 59 71 98 42 83 100 98 102 21 50 55 101 115 81 72 61 66 59 102 28 93 47 70 81 27 62 112 81 94 49 72 43 31 30 45 77 67 86 27 71
37 67 81 66 29 18 30 70 37 74 93 35 26 83 16 78 50 32 78 19 50 73 97 86 66 99 62 92 25 42 95 61 70 67 44 43 39 19 91 69 63 92 27 65 63 29 67 80 61 77 43 46 40 59 87 32 42 41 54 30
80 50 16 44 72 112 79 160 128 155 147 127 93 174 81 172 109 82 149 80 121 144 142 179 104 144 81 141 119 120 188 66 28 123 97 102 98 86 137 163 79 185 72 105 156 86 33 145 72 159 86 123 129 146 180 63 101 55 142 71
33 62 77 61 24 22 25 73 42 75 97 38 23 88 15 82 48 27 83 18 54 78 95 90 62 97 63 96 29 47 100 60 65 71 47 40 42 20 94 74 58 95 22 61 68 25 64 84 56 78 39 46 45 61 91 28 45 37 56 25
69 54 15 47 56 89 65 141 101 140 115 106 78 146 56 147 99 69 118 54 90 113 139 157 101 142 50 110 96 90 161 35 31 91 66 91 68 59 105 137 79 163 55 101 130 72 5 114 72 143 77 109 101 128 154 45 70 41 123 56
76 109 148 113 87 71 79 39 87 15 161 58 66 106 97 81 47 75 136 100 118 134 46 58 58 46 145 163 69 109 103 143 127 140 124 54 118 101 163 82 82 64 88 56 87 72 139 143 88 17 70 36 92 33 94 98 120 103 36 88
36 68 85 68 30 14 29 65 36 68 97 30 22 82 22 75 45 30 81 25 53 76 92 81 62 94 68 96 21 45 93 67 73 72 50 39 44 25 95 66 61 87 29 61 61 27 72 83 60 71 41 40 40 53 84 35 47 44 49 31
77 108 118 108 71 29 70 57 5 74 74 31 61 42 52 42 77 71 50 53 35 47 118 62 97 120 78 77 25 26 55 85 111 56 51 73 46 47 77 32 101 65 69 95 23 67 103 56 101 74 80 61 7 55 48 74 46 83 51 71
86 90 63 85 70 77 78 130 77 137 68 94 85 114 49 122 110 82 75 46 53 71 156 141 120 159 3 62 82 57 131 13 74 46 30 102 35 45 57 112 105 145 68 120 103 83 48 69 100 140 94 110 74 121 126 61 35 64 116 70
56 80 125 85 72 77 62 71 100 50 171 72 55 132 91 110 30 58 151 94 127 147 17 94 25 19 139 171 79 118 133 133 102 147 124 38 119 97 170 108 51 100 73 24 110 57 120 155 58 54 48 41 106 59 123 82 122 84 59 71
98 120 112 117 86 60 90 100 42 115 33 71 87 61 60 77 109 92 21 58 11 16 154 102 127 156 53 34 60 20 80 65 113 15 31 103 30 51 35 67 123 105 84 125 57 90 95 19 120 116 104 98 36 97 76 83 28 91 93 87
25 13 58 17 30 72 30 107 95 98 144 81 42 140 56 130 50 30 134 57 105 129 81 129 43 83 91 141 78 99 150 80 34 117 89 44 87 64 138 123 18 135 32 44 119 34 56 134 11 102 28 67 98 93 141 33 90 27 89 29
23 55 95 59 37 49 28 67 74 55 140 50 21 113 56 97 7 24 122 59 96 118 52 90 20 54 104 139 53 88 119 98 73 114 91 4 86 63 138 92 31 97 39 18 91 22 87 126 35 59 16 27 79 52 109 48 89 51 50 37
16 49 88 52 31 49 22 72 74 62 137 52 18 115 52 100 14 17 121 55 93 116 57 95 22 59 99 136 53 86 122 92 66 111 86 8 82 59 134 94 27 101 32 21 93 16 80 124 30 66 9 32 78 57 112 41 85 44 54 30
77 101 98 98 66 42 70 87 29 100 53 55 67 64 40 73 89 72 39 39 9 34 135 94 107 137 47 52 43 7 81 56 96 28 21 83 16 32 52 62 103 97 64 105 53 70 81 40 100 102 84 80 25 82 76 64 15 72 77 67
69 61 28 55 55 82 64 134 91 136 102 99 75 135 48 138 98 68 105 46 78 100 141 150 103 143 37 96 88 79 151 22 41 78 54 90 56 50 92 128 82 155 53 103 120 70 13 101 76 139 78 105 91 123 144 44 58 42 118 55
59 93 109 93 55 11 53 48 17 60 90 14 42 58 43 50 57 53 68 45 47 64 99 60 77 101 80 91 5 37 68 83 98 69 55 54 49 41 91 41 83 65 54 76 36 49 94 73 83 61 61 42 22 41 59 60 51 69 37 56
32 37 46 34 17 54 26 102 72 100 110 69 38 118 25 114 61 30 103 25 73 98 104 121 66 106 57 107 61 69 131 47 34 83 55 52 53 33 104 105 49 126 16 66 99 33 35 102 43 104 40 69 73 89 123 6 56 8 85 17
9 29 63 30 13 53 11 92 76 85 128 64 25 122 39 112 39 13 117 41 87 112 80 112 41 82 81 126 60 81 132 72 42 102 74 32 71 47 123 105 26 119 15 41 101 17 55 118 22 89 17 53 80 77 123 20 74 20 73 12
55 31 18 25 46 86 53 134 103 129 131 101 67 150 56 146 84 56 129 56 100 124 121 153 82 123 68 126 93 98 163 54 8 105 78 77 78 62 122 138 58 159 46 83 131 60 20 126 51 133 62 97 105 120 155 37 81 29 115 45
102 123 111 119 89 66 94 107 49 122 27 77 92 67 63 84 115 96 22 61 17 18 160 110 132 162 50 28 67 26 86 64 115 9 31 108 32 55 28 74 127 112 87 131 64 95 95 17 124 124 109 105 43 104 83 86 29 93 100 90
20 34 55 32 7 50 15 95 71 91 117 63 28 117 28 110 49 19 107 30 77 102 92 114 54 94 67 114 57 72 129 58 38 90 62 41 59 36 111 102 39 120 7 54 97 22 45 107 34 95 29 59 73 81 120 6 62 10 77 6
67 102 136 106 75 51 67 22 65 10 139 36 53 85 80 62 42 64 115 83 97 112 61 45 60 62 126 141 48 87 85 125 118 119 104 46 98 82 141 62 79 52 75 57 66 60 125 121 83 13 62 23 71 11 75 85 100 91 14 75
72 81 63 76 57 62 65 115 63 122 69 79 70 103 34 110 95 68 70 31 44 65 142 127 107 144 14 64 67 46 120 17 68 44 19 87 23 30 61 99 93 131 54 106 90 69 46 66 88 125 81 95 61 106 114 49 24 53 101 57
50 86 118 89 57 35 50 33 54 28 127 24 35 84 62 64 30 47 105 65 84 102 63 55 50 65 109 128 34 75 87 107 101 105 88 32 82 65 128 61 66 62 57 48 62 43 107 110 69 31 47 8 60 18 77 67 84 74 15 57
35 45 50 42 19 49 28 99 65 99 102 64 38 111 18 108 62 32 95 18 65 90 107 116 70 109 51 99 56 61 125 43 41 76 47 54 45 25 96 99 55 122 17 69 93 34 37 94 50 102 44 68 66 87 116 10 48 16 82 20
96 117 108 114 84 61 88 102 44 117 33 72 86 66 57 81 109 91 25 56 11 20 155 106 126 157 48 33 61 21 84 61 110 11 27 103 27 49 33 71 121 108 81 125 61 89 91 22 118 119 103 99 39 99 81 81 24 88 95 85
94 128 138 127 90 47 89 55 25 76 77 42 78 22 72 26 90 89 50 73 47 49 128 52 111 129 95 82 41 40 35 103 131 66 68 88 63 67 84 16 118 54 88 109 6 85 122 59 118 76 97 72 25 59 28 94 63 102 56 91
107 138 141 136 100 60 101 76 35 97 60 60 92 22 79 42 107 101 32 79 40 32 147 71 128 149 90 65 55 38 40 100 137 54 64 104 61 72 68 34 132 72 98 126 26 98 125 41 131 96 111 90 31 79 38 102 59 111 76 101
30 54 98 59 46 64 37 77 89 62 154 64 35 127 69 110 16 34 137 71 110 133 42 100 5 44 115 153 67 102 132 108 75 128 103 19 99 76 151 105 25 107 48 4 105 33 93 140 32 66 21 38 93 63 122 56 102 57 61 46
57 82 127 88 72 75 63 67 98 46 169 69 55 128 91 106 30 59 148 94 125 145 19 89 28 21 139 169 77 116 129 133 104 145 123 38 118 97 168 105 54 96 74 26 107 57 121 153 60 49 49 38 103 55 120 83 121 85 56 72
67 89 135 95 82 87 73 75 109 52 180 80 66 138 102 115 40 69 159 105 136 156 8 96 35 9 150 180 88 127 138 144 112 156 134 48 129 108 180 114 60 102 84 34 117 68 130 164 67 55 58 49 114 64 128 93 132 95 65 82
58 82 127 88 73 77 64 69 99 48 171 71 56 130 92 108 31 59 150 95 126 146 17 91 27 19 140 171 78 117 131 134 104 146 124 38 119 98 170 107 53 98 74 26 109 58 121 155 60 51 49 40 105 57 121 84 122 86 58 72
85 121 151 124 90 56 83 3 62 22 133 39 69 70 89 44 63 81 107 92 95 105 81 23 81 82 131 136 51 85 66 133 135 116 106 66 100 90 137 46 100 29 90 79 53 77 138 115 103 20 81 42 67 16 57 99 102 107 20 91
52 63 55 59 37 51 45 104 60 108 85 68 52 104 18 106 77 49 81 15 51 76 123 119 87 125 33 81 57 50 120 27 54 58 30 69 29 18 78 96 74 124 35 87 88 50 38 78 69 111 61 79 59 93 112 29 32 34 88 37
120 157 176 158 121 78 117 47 65 70 117 64 103 38 110 19 106 115 89 111 91 89 129 27 126 130 139 122 71 84 23 145 165 109 112 107 106 107 125 29 140 22 120 124 39 111 161 99 143 67 120 84 67 60 20 127 106 136 61 122
119 140 127 136 107 82 111 118 62 135 13 91 109 69 80 90 131 114 17 79 33 16 176 118 149 178 63 17 81 42 87 77 131 20 48 125 49 72 20 81 144 119 105 147 71 112 110 7 141 136 126 120 56 117 86 103 46 111 113 108
64 92 135 97 78 74 69 58 95 35 168 65 59 121 94 98 34 65 146 97 124 142 24 79 38 25 142 168 74 115 121 138 113 145 125 43 119 99 168 98 64 86 79 37 101 62 128 151 70 39 56 36 100 47 112 89 121 92 49 78
60 95 131 99 70 51 62 31 68 15 142 38 48 92 78 69 34 58 118 81 99 115 53 53 51 55 124 143 49 89 92 123 112 120 104 39 98 81 143 68 71 60 70 49 72 54 121 124 76 19 55 17 74 18 83 80 100 86 19 70
69 59 26 53 54 82 64 135 93 136 104 99 75 136 49 139 98 68 107 47 80 102 140 151 102 143 39 98 89 80 152 24 39 80 55 90 58 51 94 129 81 156 53 102 121 70 11 102 75 139 77 105 92 123 145 43 60 41 118 54
57 27 22 21 50 93 57 138 111 132 141 107 71 158 64 153 86 60 139 64 109 134 119 158 81 121 78 136 100 107 171 64 6 115 88 79 88 71 132 145 56 164 51 82 139 64 30 136 49 136 63 101 113 124 162 43 90 35 120 50
57 94 120 95 60 27 54 28 41 34 115 12 40 69 59 51 42 52 91 62 72 88 77 47 63 79 102 117 23 63 74 103 105 94 80 42 73 60 117 47 76 54 60 61 48 48 108 98 78 36 56 22 47 17 64 69 75 77 12 61
75 75 47 69 59 76 68 129 80 134 83 93 77 122 44 127 102 72 88 41 62 83 147 143 110 149 18 77 82 65 138 3 58 60 38 94 41 42 73 117 93 147 58 110 108 74 32 82 87 137 84 105 79 119 132 49 42 51 114 60
49 85 110 87 50 17 45 39 36 44 108 8 32 71 48 56 40 44 86 50 65 83 81 57 61 83 92 109 15 55 78 92 95 86 70 38 64 49 109 50 70 63 50 59 49 40 97 92 72 47 49 24 41 28 68 59 66 66 23 51
50 38 24 31 38 75 46 124 90 122 117 90 60 136 43 134 80 50 115 42 86 110 120 142 81 122 55 112 82 84 151 42 20 91 64 72 64 49 109 125 60 148 37 82 118 54 14 112 53 126 58 90 91 111 142 28 66 22 107 38
4 37 74 40 20 50 12 83 75 74 133 58 19 119 45 107 27 9 119 47 90 114 68 104 31 71 89 131 56 83 127 82 53 106 80 20 76 52 129 100 22 111 22 30 97 12 67 121 22 78 5 43 79 68 118 30 79 31 64 19
49 14 37 10 47 91 51 132 111 124 149 103 65 158 66 151 76 53 144 66 114 139 106 153 69 108 88 144 98 110 170 74 14 122 94 70 93 74 141 143 43 159 48 70 138 57 42 142 36 128 54 93 114 117 161 43 96 34 114 46
86 122 150 125 90 54 84 5 56 29 127 36 70 62 87 37 66 81 100 90 89 98 87 19 85 88 127 130 48 80 59 130 135 111 102 68 96 87 131 39 102 26 90 83 46 77 137 108 106 27 83 44 61 19 50 99 97 106 21 90
54 84 96 84 47 12 47 63 19 72 82 27 40 66 29 62 61 48 63 31 38 59 106 75 79 108 65 82 15 29 79 68 87 58 41 55 35 26 81 53 79 80 45 77 46 45 80 67 78 74 59 50 22 55 70 50 37 59 50 48
93 112 100 108 80 61 85 106 48 120 36 74 84 74 53 88 108 88 33 51 15 28 154 111 124 156 40 34 63 24 92 52 103 9 20 101 22 45 33 77 118 114 77 123 67 86 84 29 114 121 100 100 43 102 88 76 18 83 97 81
36 63 75 61 25 24 28 76 42 79 93 40 27 88 11 83 52 30 80 14 51 75 99 92 66 101 59 92 31 44 101 56 65 67 42 45 38 15 90 75 61 98 23 65 69 29 61 81 59 82 42 50 44 65 92 27 41 36 60 26
61 89 132 94 75 73 66 59 94 37 166 64 56 122 91 99 32 62 145 94 122 141 24 81 35 25 140 167 73 113 122 135 110 143 123 40 117 97 166 98 61 87 76 34 101 59 125 150 67 40 53 35 99 48 112 86 120 89 49 75
66 102 136 105 75 51 67 23 66 10 140 37 53 86 80 63 41 64 115 83 97 113 60 46 59 61 126 141 48 88 86 125 118 119 104 46 98 83 142 63 79 52 75 56 67 60 125 122 83 13 62 22 71 12 76 85 100 91 15 75
57 93 127 96 66 47 58 31 64 18 138 35 44 90 73 68 32 55 115 77 95 112 55 54 50 57 120 139 45 86 91 119 109 116 100 36 94 77 139 66 69 61 67 48 69 51 117 121 74 22 52 14 70 17 81 77 96 83 17 66
73 108 144 112 83 60 75 25 74 2 148 46 61 92 89 67 46 71 123 92 106 121 57 46 62 58 135 150 57 97 89 134 125 128 113 52 107 92 150 68 84 52 83 60 73 67 134 130 88 6 68 30 80 19 80 93 109 99 23 83
69 84 74 81 54 50 61 102 49 111 63 66 63 89 28 95 88 64 59 26 31 54 135 113 102 138 26 60 54 32 105 32 75 36 8 81 9 21 57 85 92 117 52 101 76 64 57 56 88 113 77 85 47 94 99 49 11 55 89 55
82 118 139 119 82 40 78 25 36 46 106 26 65 45 73 25 69 77 79 76 68 77 100 30 90 102 109 109 33 60 47 113 127 90 83 69 77 72 110 22 102 34 81 88 26 72 125 87 104 45 81 48 40 29 37 89 78 98 28 83
44 81 108 83 48 22 42 40 43 41 115 15 28 78 49 62 33 40 93 52 71 90 74 60 54 76 95 115 21 62 84 94 92 92 74 31 68 51 115 57 64 66 48 52 56 35 96 98 66 44 43 17 48 27 74 57 70 64 22 48
80 115 151 119 90 68 82 29 81 8 155 53 68 96 97 71 52 78 130 100 114 127 57 47 66 57 143 157 65 104 93 142 132 136 121 59 115 100 158 73 89 53 91 64 78 75 141 137 94 7 75 38 87 26 84 101 117 106 30 90
71 53 11 47 59 93 67 144 105 143 120 109 80 150 60 151 101 71 122 58 95 117 141 161 102 143 54 114 100 95 165 39 30 96 71 93 73 63 109 141 79 167 58 102 134 75 8 118 72 146 79 111 105 131 158 48 75 43 127 59
65 102 130 104 69 36 63 19 46 27 120 19 49 68 68 47 47 61 95 71 79 93 77 39 68 79 111 122 31 69 70 112 114 101 88 49 82 69 123 45 83 45 69 66 48 57 117 102 86 29 63 26 52 9 60 78 83 86 5 70
69 82 68 77 54 55 62 108 56 116 66 72 65 96 30 102 91 65 65 27 37 60 138 119 103 140 20 62 60 39 113 25 71 40 13 83 16 24 59 92 92 124 52 103 83 65 51 61 87 118 78 89 54 99 106 47 17 53 94 55
33 53 98 58 49 68 40 82 93 65 158 69 39 132 72 115 21 37 142 75 114 137 41 105 2 43 118 157 72 107 137 110 75 132 107 24 103 80 155 110 24 111 51 4 110 37 94 145 30 70 24 42 98 67 127 59 106 59 65 48
56 83 90 82 46 21 48 72 23 81 76 36 44 69 24 69 66 50 60 25 32 55 112 84 84 115 56 75 24 24 84 59 83 51 32 60 26 19 74 59 81 88 44 82 52 48 74 62 79 83 62 58 24 64 76 47 28 56 59 47
39 74 97 75 38 11 34 52 36 55 104 18 23 77 35 66 39 34 85 38 60 81 84 70 58 86 81 104 15 51 87 80 83 80 60 34 55 37 103 59 63 76 37 57 56 30 84 89 63 58 41 29 41 40 77 46 57 54 36 39
94 125 132 124 87 46 87 64 21 84 67 46 78 27 67 37 93 88 39 68 36 38 133 63 114 135 85 71 41 31 43 94 126 55 59 90 54 61 73 27 118 65 85 112 17 84 116 48 118 84 97 76 19 66 38 90 53 99 63 88
71 47 3 40 61 100 69 149 115 145 133 115 83 160 68 159 101 73 135 67 107 130 138 167 99 140 68 128 107 106 175 53 23 109 83 94 85 72 123 150 75 173 61 100 143 77 19 131 68 149 79 114 115 136 167 52 87 45 131 61
23 58 94 62 34 40 25 62 65 52 131 41 14 104 50 89 11 21 113 53 87 109 58 84 29 61 98 131 44 79 111 93 74 106 83 5 78 56 129 84 38 90 35 28 82 18 85 117 41 56 18 21 70 47 101 45 81 49 43 34
73 104 112 103 66 27 66 62 3 77 71 33 58 47 46 49 76 67 48 47 30 45 119 68 96 121 72 73 24 21 62 78 105 52 45 72 39 41 73 38 98 72 64 94 30 64 96 54 97 78 77 62 3 58 54 69 40 77 54 67
65 96 105 95 58 19 58 61 8 74 76 28 50 55 39 54 69 59 55 40 32 51 113 70 88 115 69 77 18 23 68 74 98 54 43 64 37 35 77 44 90 74 56 87 36 56 90 59 89 75 69 56 11 56 60 61 38 70 51 59
19 44 87 49 35 57 26 80 83 67 145 61 26 124 58 109 18 23 129 61 102 125 54 102 16 56 104 144 62 94 130 96 65 119 93 15 89 66 142 103 19 109 37 16 102 23 81 132 24 71 10 39 87 65 121 45 92 46 62 34
10 28 67 31 20 57 16 92 82 83 136 66 27 126 47 115 36 16 124 49 94 119 73 113 34 75 88 133 64 88 136 79 45 109 82 29 78 55 131 108 18 120 22 35 105 19 61 125 15 87 13 52 85 77 126 28 82 26 74 19
73 110 138 112 78 44 71 10 52 23 125 27 57 68 77 44 53 69 99 79 85 97 78 32 73 80 119 128 39 75 67 121 122 107 95 55 89 77 128 44 90 38 78 71 49 65 126 107 93 23 70 32 57 7 58 87 90 94 9 78
45 79 117 83 57 50 48 48 72 32 144 43 36 103 70 83 17 44 123 73 100 119 44 70 34 46 118 144 51 91 106 114 97 120 100 23 95 75 144 80 54 77 58 31 82 41 108 128 59 36 39 13 77 33 96 68 97 73 32 57
64 80 71 76 50 47 56 100 48 108 67 64 59 90 24 95 84 60 63 21 34 57 131 112 98 134 28 64 52 33 106 32 72 41 12 77 11 17 61 85 88 116 48 97 76 59 55 60 84 110 72 82 47 91 100 44 14 51 86 51
75 79 55 73 59 70 67 124 73 129 76 87 74 113 40 119 100 71 79 37 54 74 146 136 109 148 12 70 76 56 130 7 63 52 29 92 33 37 66 109 94 141 57 109 100 72 39 74 89 132 83 101 71 114 124 50 34 53 109 59
69 94 95 92 58 32 61 79 23 91 62 45 57 64 34 69 80 63 47 33 18 42 125 87 97 127 52 62 34 11 80 58 92 38 25 74 19 26 62 58 94 91 56 96 49 61 79 48 92 93 75 70 20 73 73 58 20 66 68 59
109 121 97 116 94 85 101 133 74 145 35 100 103 99 69 114 128 104 51 66 42 47 175 138 142 177 32 28 88 51 117 47 107 23 34 121 39 62 24 104 132 141 92 141 94 104 82 42 127 147 117 123 70 127 114 87 37 93 123 95
94 115 106 112 81 59 86 101 42 115 36 70 84 66 55 80 107 88 27 54 9 22 152 105 124 154 47 35 59 19 84 60 108 13 25 100 25 47 35 70 119 107 79 122 60 87 90 24 116 117 101 97 37 97 80 79 22 86 93 82
83 107 104 104 71 45 75 87 28 101 49 56 71 59 46 69 93 77 33 45 5 28 139 92 111 141 52 50 45 4 77 62 103 27 26 87 22 38 49 59 108 95 69 110 49 75 87 35 106 102 89 83 23 83 71 70 21 78 78 72
52 70 117 76 68 82 60 84 106 63 174 79 56 141 91 121 33 56 156 94 130 152 22 106 18 24 137 174 85 122 144 130 93 149 125 39 120 98 172 118 41 113 70 18 119 55 113 160 48 67 44 49 112 70 134 78 123 79 70 68
56 92 127 95 66 48 58 33 66 19 139 36 44 92 74 70 30 54 116 77 96 113 53 56 48 55 121 141 46 87 93 119 108 118 100 35 94 77 141 68 68 62 66 46 71 50 117 122 72 23 51 13 71 19 83 76 97 82 19 66
30 47 57 45 15 42 23 92 60 92 102 57 31 106 14 102 56 27 93 15 63 88 102 109 65 104 55 99 49 58 119 48 46 75 48 48 45 22 97 93 52 115 13 65 87 28 44 93 48 95 39 61 61 79 110 10 48 19 75 16
60 91 102 90 53 15 53 60 13 72 79 26 45 59 35 56 64 54 59 37 35 55 109 71 83 111 68 80 14 26 72 72 93 57 43 59 37 32 80 47 85 75 52 82 40 51 87 63 84 73 64 52 16 54 64 56 38 65 49 54
43 59 60 56 28 41 35 94 53 97 89 58 41 99 7 98 66 39 81 5 51 76 113 109 77 115 43 86 47 48 113 39 54 62 34 58 32 11 83 89 66 114 26 77 81 39 45 80 62 100 52 68 54 83 105 23 35 30 78 29
80 89 68 84 64 67 72 119 65 127 62 83 77 102 41 111 102 76 66 38 42 61 149 130 114 151 9 57 71 46 120 20 76 38 18 95 23 36 53 100 101 134 62 114 91 76 52 61 97 130 88 101 62 111 114 57 23 61 106 65
125 159 169 159 121 78 120 70 57 94 88 71 109 11 104 28 118 120 60 105 71 62 150 56 139 152 121 94 71 68 10 131 162 86 95 117 91 98 98 29 148 54 120 137 30 116 153 70 149 92 127 98 56 79 16 125 90 134 78 122
68 54 17 48 55 87 64 139 99 138 113 104 77 144 54 145 98 68 116 52 88 111 139 156 100 141 48 107 94 88 159 33 32 89 64 90 66 57 103 135 78 161 54 101 127 71 4 111 72 142 77 107 99 127 152 44 68 40 122 55
123 144 130 140 111 85 115 120 64 138 11 94 112 69 84 91 134 117 17 83 37 18 179 119 152 181 67 17 84 45 87 81 135 24 52 129 53 76 21 82 148 120 108 151 72 116 114 8 145 138 130 123 59 119 86 107 50 115 115 112
65 98 137 102 77 65 68 42 83 19 156 53 56 106 89 83 36 64 133 92 113 130 40 63 47 41 136 158 63 104 106 134 116 135 117 43 111 93 158 83 71 70 78 45 86 61 128 139 77 23 59 28 88 32 96 88 113 93 34 77
52 40 24 34 39 75 48 125 90 123 115 91 61 136 43 134 82 52 114 42 84 108 123 143 84 125 53 110 82 83 150 39 22 89 62 74 62 48 106 125 63 149 39 84 118 55 12 110 56 127 60 92 91 112 142 29 65 24 108 39
77 113 145 116 84 55 76 13 65 11 139 39 62 80 86 55 52 73 113 89 98 111 69 35 70 70 131 141 51 89 77 131 128 120 107 57 101 88 142 56 90 41 84 68 61 69 134 120 94 10 72 33 71 11 68 94 103 100 16 84
58 39 14 32 47 85 56 135 101 132 124 101 69 147 54 145 88 59 124 53 95 119 127 153 88 129 61 119 92 93 161 46 16 99 72 81 73 59 115 136 65 159 47 89 129 63 12 120 58 135 66 100 102 121 153 38 75 31 117 47
38 13 37 8 33 77 38 120 98 113 136 90 53 144 52 137 67 41 130 53 100 125 101 140 63 104 78 132 84 97 156 65 14 110 81 60 80 60 129 129 39 147 34 64 124 45 37 129 32 117 44 82 100 106 147 29 83 20 102 33
126 142 121 137 112 94 118 135 77 151 12 106 117 89 85 109 141 121 37 83 45 36 187 136 157 190 56 4 95 54 107 71 130 24 50 135 54 77 1 100 150 138 110 156 90 120 106 27 146 152 133 132 72 132 106 107 51 113 128 113
116 134 117 130 103 83 108 124 66 140 14 95 107 81 76 100 131 111 29 74 34 27 177 126 147 179 52 11 84 44 99 67 123 14 41 124 44 68 10 90 141 128 100 146 80 110 101 20 137 141 124 122 61 121 97 98 41 105 117 104
104 124 111 120 91 69 96 110 52 126 25 80 94 70 65 87 117 98 23 63 20 19 163 113 134 165 49 25 70 29 89 63 115 6 32 111 33 56 25 77 129 115 89 133 67 97 95 17 126 127 111 108 47 107 86 87 30 95 103 92
69 43 6 37 60 99 67 147 114 143 135 114 81 160 67 158 99 71 136 66 108 131 134 166 96 137 70 129 106 106 175 55 19 110 84 91 85 72 125 149 72 172 59 97 142 74 20 132 64 147 76 112 115 134 166 50 88 43 129 59
111 131 118 127 98 76 103 115 57 131 18 86 101 71 72 89 124 106 21 70 26 18 170 116 141 172 55 19 76 35 89 69 122 11 39 118 41 64 20 80 136 118 96 140 70 104 101 12 133 132 118 114 52 112 87 95 37 102 108 99
69 71 48 65 53 69 62 123 75 127 83 86 70 117 37 121 95 66 85 34 59 81 140 136 103 143 20 78 75 60 133 9 55 59 34 87 37 36 74 111 87 141 51 103 103 67 31 81 81 130 78 98 73 112 126 43 39 45 107 53
10 27 65 30 18 57 15 93 81 84 134 66 27 126 45 115 37 15 122 47 93 118 75 114 37 78 86 132 63 87 135 77 43 107 80 30 77 53 129 108 20 120 21 37 104 19 59 123 16 88 15 53 84 78 126 25 80 24 74 17
64 100 128 103 68 34 62 21 45 29 119 17 47 68 66 47 47 59 94 69 77 91 78 40 67 79 109 121 29 68 70 110 112 99 86 48 80 67 121 44 82 47 67 65 47 55 115 101 85 30 62 25 50 11 60 77 81 84 6 68
110 135 130 133 99 67 102 97 44 116 34 73 97 47 74 67 117 104 7 73 26 6 160 96 136 162 72 39 65 30 66 84 130 31 49 112 48 66 42 59 135 97 97 134 49 101 113 16 133 116 115 103 38 97 64 98 45 106 93 100
117 139 128 136 105 78 109 113 57 130 18 87 106 63 79 84 128 112 11 78 31 11 172 112 146 174 66 23 77 38 81 80 132 22 48 122 49 71 26 75 142 113 103 144 65 110 112 1 140 131 124 116 52 112 80 103 46 110 108 106
60 58 36 52 45 70 54 123 80 124 96 87 64 124 36 126 88 58 96 34 68 91 132 138 94 135 34 91 76 68 139 20 42 71 45 80 46 38 87 116 76 143 43 94 108 60 20 93 70 128 69 94 79 111 132 34 48 34 106 45
75 110 146 114 85 62 77 26 76 2 150 47 63 93 91 68 48 73 125 94 108 122 57 46 63 58 137 152 59 98 90 136 127 130 115 54 109 94 152 69 85 52 85 61 74 69 136 132 90 5 70 32 81 21 81 95 111 101 25 85
54 83 125 88 68 65 58 56 87 35 159 57 48 116 83 94 24 54 137 86 115 134 30 78 31 32 132 159 66 105 117 127 104 135 115 32 109 89 158 93 56 84 69 29 95 52 118 142 62 39 46 27 92 43 107 79 112 82 43 67
92 126 137 125 88 44 86 52 24 73 80 39 76 25 71 25 87 86 53 72 48 52 124 50 108 126 96 84 38 41 36 103 129 68 69 85 64 66 86 14 116 51 86 106 4 82 122 61 116 72 94 69 25 55 28 92 63 101 52 89
118 152 162 152 114 71 113 66 49 90 84 64 102 4 97 25 112 113 56 97 65 57 145 54 133 147 115 90 65 61 14 124 155 80 88 110 84 91 93 24 142 53 113 131 24 109 146 66 142 88 120 92 48 74 15 118 83 127 73 115
107 144 170 146 111 72 106 26 69 46 133 56 91 59 106 33 87 103 105 108 100 105 104 4 106 105 143 138 66 92 49 147 156 121 117 90 111 105 140 40 124 5 111 104 50 99 157 114 128 42 105 66 73 40 42 120 112 127 43 112
128 142 119 137 114 99 120 141 83 157 20 111 121 97 88 117 145 123 45 85 51 44 192 144 160 194 54 12 100 60 115 69 129 29 52 138 56 80 8 107 152 145 112 159 97 122 104 35 148 158 136 137 78 138 114 108 53 114 134 115
16 34 58 33 4 48 11 92 70 87 119 61 25 116 30 108 45 15 108 32 79 103 88 112 50 90 71 116 55 73 128 62 41 92 64 37 61 38 114 100 36 118 6 50 96 18 49 109 31 91 25 56 73 78 118 10 65 13 74 4
26 62 92 64 31 28 24 58 53 53 119 32 9 94 40 80 23 21 101 44 75 97 69 78 41 72 89 119 32 67 102 85 75 94 72 17 67 46 118 74 47 85 31 40 72 17 82 105 48 57 25 22 58 44 92 41 69 48 39 31
109 129 116 125 96 74 101 114 56 130 20 85 99 71 70 89 122 104 22 68 25 18 168 116 139 170 53 20 74 34 89 67 120 9 37 116 39 62 21 80 134 118 94 138 70 102 99 14 131 131 116 112 51 111 87 93 36 100 107 97
45 12 37 6 42 86 47 128 107 120 145 99 61 153 62 146 73 49 140 62 110 135 104 149 66 106 85 141 93 106 165 72 13 118 90 66 89 69 137 138 41 155 44 68 133 53 40 138 34 124 50 89 109 113 156 38 92 29 109 42
38 72 109 76 49 44 40 50 67 38 138 39 28 101 62 83 12 36 117 65 94 114 50 73 32 52 110 138 46 85 105 106 90 114 93 16 87 67 137 79 49 80 50 30 80 33 100 122 53 42 32 10 72 35 95 60 90 65 33 49
98 129 133 127 91 51 92 71 26 91 61 52 83 27 70 41 99 92 34 70 34 33 139 69 119 141 84 66 47 30 44 94 129 51 58 95 54 64 68 32 123 70 89 117 22 89 117 42 122 91 102 82 22 72 40 93 53 102 69 92
31 59 101 63 46 58 37 70 83 54 149 57 31 120 66 102 9 33 132 69 105 127 42 93 12 44 114 149 61 97 125 107 79 124 100 14 96 73 147 98 32 99 48 10 98 31 95 135 37 59 22 30 88 55 115 57 98 59 53 46
19 26 53 25 13 56 17 99 78 93 124 69 32 124 36 116 49 21 115 37 85 110 90 119 51 92 73 121 63 80 136 63 34 98 70 41 67 44 119 109 33 125 14 51 104 25 45 115 27 97 27 62 81 85 126 13 70 10 81 12
37 73 107 76 46 37 38 48 60 39 131 33 24 95 56 77 16 34 110 59 86 107 57 70 37 59 104 131 38 77 100 101 88 107 86 17 81 61 130 73 51 77 47 35 73 30 97 115 55 43 33 7 65 33 90 57 83 62 30 46
17 24 68 29 28 65 24 97 89 86 144 73 34 134 54 122 38 23 132 56 102 127 71 119 32 73 95 141 71 96 143 85 45 117 89 33 86 63 139 115 11 125 30 33 112 27 65 133 7 90 17 57 93 82 133 34 89 31 79 27
115 136 123 132 102 78 107 114 58 131 16 87 104 67 76 87 126 109 16 74 29 14 172 115 144 174 60 20 77 37 85 74 127 17 44 121 45 68 22 78 140 116 100 143 68 108 107 6 137 132 121 115 52 113 84 99 42 107 109 103
75 58 15 52 62 95 71 147 106 146 117 111 84 151 61 152 105 75 121 59 94 116 145 163 106 147 52 111 102 95 166 37 35 94 70 97 72 64 107 142 84 169 62 107 135 78 11 116 77 149 83 115 106 134 159 51 74 47 129 62
112 140 139 138 103 67 105 89 42 109 46 70 98 34 80 56 116 106 18 79 35 19 157 85 136 159 83 52 63 36 52 95 138 44 59 112 57 72 55 48 137 85 101 134 39 103 123 28 136 109 117 100 37 91 51 104 55 112 88 104
49 81 121 85 62 57 53 51 79 32 151 50 42 109 76 88 19 49 130 79 107 126 38 73 32 39 125 151 58 98 111 121 100 127 107 27 102 81 151 86 55 80 63 30 88 46 113 135 60 36 42 19 84 37 101 73 104 77 37 62
34 48 95 54 50 73 42 89 98 73 161 75 43 138 74 121 28 39 146 77 118 141 44 112 8 46 119 160 78 110 144 110 71 135 110 29 105 82 158 117 19 119 52 11 116 39 92 148 26 77 26 49 103 74 134 59 108 58 72 49
19 56 89 58 28 36 20 64 61 57 125 40 8 102 43 88 18 16 108 46 81 104 65 85 34 67 91 125 40 73 109 86 70 100 76 11 71 49 123 82 39 92 29 33 80 12 79 111 40 61 17 25 65 49 100 39 74 44 45 28
61 97 118 98 61 20 57 34 28 46 102 4 44 59 54 44 52 56 79 56 60 76 90 48 73 92 94 104 14 51 66 96 105 82 70 50 64 53 105 38 83 54 60 71 37 51 105 85 84 47 61 34 34 27 56 68 65 76 23 62
