200 80
85 239 94 250 70 269 197 73 318 420 88 421 303 173 270 295 158 216 106 191 287 162 206 167 475 212 158 76 287 81 298 256 200 193 305 200 403 418 256 311 214 105 63 113 259 170 73 139 267 227 464 237 228 87 139 185 312 251 223 370 199 208 262 394 360 295 206 174 108 383 341 67 291 430 167 367 149 90 126 124
49 35 30 11 42 44 42 23 15 47 49 49 22 10 45 35 27 42 28 28 40 24 40 37 11 45 41 19 38 10 35 11 11 41 47 30 23 42 12 11 44 37 19 42 22 11 35 17 28 41 38 26 27 38 46 30 22 49 25 25 50 25 46 29 27 40 49 37 47 39 12 47 13 23 18 33 24 37 43 41 14 45 15 17 42 40 49 29 21 48 48 40 23 18 47 11 17 39 35 30 40 37 28 19 14 22 22 22 31 13 17 48 11 25 13 21 31 42 11 16 23 41 40 44 12 14 30 35 33 12 27 22 48 45 48 36 50 49 42 23 17 50 10 39 35 28 38 35 41 41 39 35 15 45 40 15 28 19 33 45 48 26 39 26 40 16 17 26 23 45 19 42 25 50 32 45 23 14 12 27 23 45 43 38 43 11 20 27 11 39 45 30 37 33 11 10 18 10 17 22
137 326 124 272 136 273 277 131 319 424 133 465 474 189 387 297 262 406 154 357 316 166 290 243 498 283 166 139 343 107 403 366 296 343 423 315 462 455 300 433 302 165 105 166 346 292 103 182 438 368 496 405 252 150 141 252 495 287 289 468 298 315 331 422 442 318 362 337 131 476 392 122 455 459 187 378 195 112 159 158
141 91 62 178 54 121 144 39 91 78 135 92 164 149 82 149 170 114 181 138 117 161 123 70 45 37 36 67 29 127 96 146 153 133 102 16 113 156 184 66 84 16 173 43 116 57 147 86 160 103 126 62 129 101 173 105 49 169 78 113 93 168 147 68 87 9 56 86 23 101 139 77 137 119 110 31 34 106 79 78
22 59 126 94 129 64 41 108 47 62 6 54 74 16 144 25 39 48 64 106 153 100 16 145 167 141 136 116 148 65 58 74 24 95 71 132 161 63 89 132 109 145 55 128 51 132 50 75 79 143 17 143 59 123 57 70 101 79 81 88 127 32 49 107 107 137 123 87 151 37 40 90 2 166 136 159 124 162 171 141
68 62 121 139 127 109 9 134 79 76 42 91 27 57 132 24 34 38 103 152 130 146 59 137 191 145 162 151 155 112 57 33 29 141 57 143 141 17 133 125 148 164 95 156 96 129 7 70 125 124 63 139 30 164 97 113 129 32 79 132 110 61 95 102 146 155 121 126 161 58 13 84 49 144 114 180 149 145 203 177
146 128 125 154 117 107 174 52 105 110 152 97 202 158 146 171 190 149 173 102 181 131 135 135 39 102 30 36 93 112 134 187 173 102 146 81 178 192 163 130 51 51 168 30 110 121 180 132 140 166 135 127 167 54 166 91 54 208 125 87 154 176 140 125 54 56 118 69 85 125 170 128 151 184 171 47 39 171 20 20
59 24 81 118 82 65 62 63 17 13 48 31 90 64 102 63 83 38 104 104 120 112 39 100 121 92 92 81 98 71 28 78 66 94 46 82 124 80 119 87 82 96 96 85 52 86 68 39 100 107 42 97 57 101 96 59 58 96 40 78 90 82 75 64 81 88 77 62 101 14 57 50 51 130 103 112 79 124 132 107
98 66 110 170 117 135 36 143 97 84 71 110 14 88 116 56 65 46 136 178 106 175 85 123 195 138 170 165 150 138 60 7 61 167 51 141 118 16 165 113 165 167 127 165 121 118 27 67 155 103 90 126 27 184 129 136 140 18 75 156 92 93 125 93 164 158 111 145 158 74 37 77 79 120 91 183 157 123 214 191
144 69 16 205 25 149 111 96 103 74 123 113 116 144 16 127 147 84 190 183 40 196 122 21 123 47 111 130 60 156 70 95 132 174 61 63 40 112 206 14 141 95 180 113 138 23 110 53 186 25 127 26 87 161 181 139 101 120 48 155 15 159 162 23 142 87 23 131 70 94 108 38 130 47 31 109 103 38 157 149
13 62 126 83 128 49 54 100 39 60 19 43 88 19 146 39 52 55 59 91 159 86 9 146 158 139 127 104 144 51 62 87 38 80 77 128 166 77 80 133 96 137 50 118 37 133 63 78 67 148 5 144 69 110 50 56 91 93 83 74 131 37 37 109 94 130 123 74 147 37 52 92 13 171 142 151 115 166 159 129
71 74 111 94 108 37 106 45 37 57 79 25 138 83 135 100 117 88 101 60 161 78 62 128 99 107 67 39 107 44 79 129 101 52 96 89 163 127 100 118 32 84 95 57 36 113 114 86 76 146 61 123 108 50 94 21 35 144 84 33 130 101 67 100 31 79 105 11 105 60 103 92 77 169 146 95 57 160 94 64
102 54 90 173 98 133 43 129 90 72 74 104 33 94 96 64 77 39 142 175 88 176 85 104 180 120 156 154 131 136 48 13 69 164 35 124 99 32 169 93 157 151 133 152 118 99 37 51 157 84 90 107 21 176 135 131 128 37 59 151 72 102 127 74 156 142 93 137 140 68 42 60 82 102 73 167 144 104 200 180
84 37 86 156 92 114 32 113 71 55 57 85 39 78 96 51 68 20 127 156 95 157 67 101 166 112 141 137 123 118 31 22 57 145 23 113 105 32 152 90 138 138 118 136 99 94 29 38 139 88 72 103 6 157 119 112 111 45 47 132 74 88 110 67 138 129 86 119 130 49 29 51 65 109 79 154 128 109 185 163
156 96 49 198 40 141 149 61 106 86 145 109 164 162 64 157 178 118 198 161 100 183 136 51 61 17 60 91 5 147 100 145 161 155 102 16 94 157 203 51 108 37 190 67 134 42 151 87 180 86 139 43 130 125 189 125 71 169 78 135 80 180 165 61 110 33 44 108 6 111 144 75 149 100 95 47 58 86 100 102
103 78 121 174 129 142 41 154 107 95 76 120 8 92 127 59 64 57 137 185 115 181 92 134 207 150 181 176 162 145 72 19 63 174 63 154 127 18 168 124 175 179 129 176 128 130 32 79 160 113 96 138 38 193 132 144 151 7 87 164 103 94 130 105 174 170 123 155 170 84 43 90 84 129 101 195 169 133 225 202
100 98 150 166 157 145 48 172 118 113 77 129 27 86 157 56 50 75 125 187 146 177 95 164 228 177 200 189 188 146 92 48 58 176 88 178 158 33 158 153 186 201 118 194 132 158 42 103 155 144 98 167 60 202 121 150 167 24 112 169 133 83 125 132 184 192 151 164 195 96 52 116 83 161 132 217 187 164 241 215
37 87 142 54 142 11 94 91 48 77 59 39 128 51 165 79 90 89 56 51 184 49 43 161 145 146 113 82 148 10 90 125 78 40 107 130 189 117 57 149 68 129 50 102 13 146 103 103 35 171 39 158 106 77 49 27 80 133 105 37 155 65 22 127 66 124 137 49 148 63 92 114 53 195 168 141 103 188 135 103
114 43 26 171 28 115 94 64 69 41 97 79 108 116 49 105 126 64 159 147 74 161 92 45 103 43 84 97 54 121 46 89 110 138 46 45 76 102 172 33 107 74 150 84 104 32 96 32 152 60 97 43 74 127 150 103 68 114 23 120 44 133 130 13 108 65 22 96 61 65 90 19 102 82 61 90 74 73 131 118
68 134 191 5 190 52 131 134 97 126 96 87 163 79 214 112 114 133 45 51 233 22 85 210 182 194 152 116 195 46 137 165 108 48 153 177 238 153 16 198 99 171 48 141 62 195 140 151 13 220 80 206 148 97 45 68 123 168 154 63 203 82 42 176 96 168 186 87 194 109 130 163 88 243 216 181 144 237 163 131
73 88 126 83 123 31 116 57 49 72 87 36 149 87 150 108 123 101 97 45 176 65 68 144 105 121 74 41 120 36 93 141 108 38 110 102 178 138 91 133 27 94 92 63 36 128 125 101 66 162 67 138 120 39 90 15 47 155 99 18 146 103 64 115 24 90 120 9 118 72 113 107 83 184 161 103 66 175 94 61
46 63 128 116 133 90 21 126 67 73 22 77 50 34 143 1 20 43 80 132 146 124 41 146 185 149 155 139 157 91 60 55 6 121 67 144 155 40 110 134 133 160 72 147 77 136 28 76 103 138 43 146 45 148 74 96 120 55 84 114 123 38 72 109 131 152 127 111 162 50 22 91 28 160 129 176 142 158 192 164
130 65 28 180 21 122 118 54 81 58 117 88 134 135 51 127 149 88 174 149 84 167 109 41 81 21 67 88 29 129 69 115 132 141 71 21 82 127 183 34 102 52 165 70 113 26 120 56 161 69 113 35 99 121 165 108 61 139 47 122 58 152 142 32 103 44 21 96 36 83 114 44 121 88 75 67 60 76 113 106
77 74 131 146 137 120 22 146 92 88 52 103 22 64 141 32 34 51 108 162 136 155 70 147 203 156 175 163 166 122 69 36 35 151 68 155 147 17 139 135 160 176 100 168 107 139 17 81 133 131 73 148 39 176 102 125 141 25 90 144 118 65 103 112 158 168 131 138 173 70 26 95 58 150 120 193 162 152 215 189
64 86 148 128 154 111 34 151 92 97 46 101 47 50 161 26 12 64 87 151 159 140 64 165 210 171 180 163 180 111 82 60 25 141 85 167 169 41 120 153 157 185 80 172 99 156 36 97 117 153 66 166 59 172 83 119 145 49 105 136 139 44 88 129 155 176 148 135 185 74 38 111 49 173 143 200 167 173 217 189
60 16 82 127 86 79 42 83 35 25 39 49 69 60 100 48 69 17 106 121 112 125 39 101 139 100 111 102 108 84 15 57 52 110 31 95 119 59 125 88 102 113 97 105 65 89 47 32 109 101 44 100 36 121 97 76 78 75 38 96 84 75 82 64 102 104 80 83 113 14 38 46 45 124 95 129 98 120 153 128
132 70 76 203 85 157 78 136 111 86 105 125 65 126 73 98 112 65 175 198 56 203 114 83 178 108 158 165 120 162 66 47 104 188 48 118 68 66 200 76 171 149 166 157 143 84 72 58 186 56 119 89 53 191 168 153 137 67 63 172 49 136 157 65 171 140 80 154 130 91 76 58 113 70 43 164 148 75 205 189
191 116 60 253 64 198 152 139 151 122 169 162 147 190 36 169 188 128 237 231 28 245 170 44 153 77 149 173 87 204 116 128 175 222 104 98 16 147 254 53 187 129 228 154 187 60 148 100 235 32 174 52 126 206 229 187 146 150 95 203 47 204 211 72 188 123 66 178 97 142 149 86 176 16 42 139 144 12 192 190
61 90 154 122 159 108 40 153 93 100 46 101 55 46 167 29 8 69 80 148 167 135 64 171 212 176 182 164 185 108 87 68 26 137 91 171 177 49 113 159 157 188 73 174 97 162 44 102 112 160 65 172 66 170 76 117 146 57 110 134 146 38 84 135 155 179 153 135 190 77 44 117 48 181 150 203 169 181 218 189
72 45 81 117 80 59 87 39 23 27 69 25 116 81 105 86 106 63 113 91 129 105 55 100 98 83 67 56 86 66 50 103 89 82 66 68 132 105 120 88 58 75 105 60 50 84 93 55 98 115 57 95 82 78 104 47 33 122 52 64 99 99 80 69 58 68 76 42 87 39 83 60 70 138 114 90 55 129 106 82
82 114 155 66 151 35 136 82 74 99 102 60 169 97 179 123 135 124 92 17 204 43 85 172 123 149 95 58 147 36 119 163 122 14 136 129 207 158 76 161 39 116 90 84 48 156 144 128 53 190 82 166 143 36 87 32 72 175 127 12 174 110 64 144 36 114 148 36 143 95 133 135 97 213 189 123 89 204 102 69
107 45 70 177 78 131 56 116 85 62 81 99 54 102 76 75 92 40 151 172 71 177 88 83 163 100 140 143 112 136 40 34 81 162 23 105 81 51 174 72 148 134 141 138 117 79 52 36 160 65 93 86 30 167 143 127 115 58 42 147 52 113 131 54 147 124 72 130 120 65 54 41 89 85 54 150 129 85 186 168
104 62 99 176 107 138 43 138 97 80 76 111 26 95 104 64 75 45 143 180 94 180 89 112 189 129 164 162 141 141 56 8 69 169 44 133 105 27 171 102 164 160 135 160 123 108 35 60 161 91 94 116 26 183 137 137 136 29 68 157 80 102 130 83 163 151 102 144 149 74 43 69 84 108 79 176 152 111 209 188
104 88 135 173 143 146 45 164 114 105 78 126 13 91 141 59 59 66 134 189 129 182 96 148 219 164 192 184 175 148 83 33 62 178 76 166 141 23 166 138 183 191 127 186 132 144 36 91 161 127 99 152 49 200 129 149 160 8 100 169 117 91 130 118 181 181 137 161 183 91 48 103 85 143 115 207 179 147 235 210
26 100 165 52 166 52 84 127 73 98 51 70 115 31 185 64 64 93 20 83 197 66 47 184 184 175 152 123 179 49 101 119 59 74 115 162 204 105 45 171 110 166 11 142 49 170 92 117 42 187 43 181 104 117 12 68 118 119 122 77 170 32 19 147 107 160 161 90 181 75 84 131 43 210 180 179 141 205 176 144
65 63 103 97 100 40 96 45 26 47 71 16 128 77 127 91 108 77 100 69 151 84 53 121 102 102 70 47 103 47 68 118 92 60 85 85 154 117 102 110 43 84 93 60 34 105 104 76 79 137 54 116 97 61 92 25 35 134 74 42 121 95 66 91 41 78 97 22 102 49 93 82 69 160 136 97 59 151 101 72
73 116 162 49 160 29 130 95 75 103 96 62 164 87 186 116 126 123 77 15 210 28 79 180 139 159 110 73 159 26 120 160 114 4 138 140 213 153 59 170 55 131 75 99 43 165 139 131 36 196 75 175 141 54 72 35 85 170 131 21 180 98 51 150 52 128 157 48 156 94 128 140 90 219 194 139 103 211 119 86
115 98 141 184 149 157 56 174 124 115 90 137 23 102 145 70 69 76 144 200 131 193 107 154 228 171 202 195 182 159 92 40 73 189 84 174 143 34 177 144 193 199 137 196 144 150 47 99 171 130 110 157 58 211 139 161 171 17 108 180 121 101 141 125 192 190 144 172 190 102 59 110 96 145 118 216 189 150 245 221
69 103 166 126 171 117 52 165 105 113 58 112 62 55 179 41 20 81 82 155 177 140 75 183 224 188 194 175 197 116 99 77 38 145 103 183 188 58 116 171 167 200 76 185 106 174 54 114 117 171 75 184 77 180 79 127 158 63 122 143 157 43 90 147 165 191 165 145 202 89 56 129 59 191 161 215 181 192 229 200
105 103 124 111 118 64 141 43 71 86 115 60 172 118 148 135 152 121 129 62 178 90 97 139 76 111 49 12 106 68 109 161 136 60 125 89 178 161 120 130 7 72 125 38 68 123 149 112 96 163 96 132 140 23 123 48 37 178 108 43 148 135 97 117 10 71 117 26 101 93 137 114 112 184 165 77 45 173 61 29
172 98 33 229 35 173 142 109 128 100 153 137 145 173 15 157 177 114 217 203 44 219 150 14 121 45 117 142 55 179 99 124 162 195 91 66 35 141 231 26 156 97 208 122 162 30 140 82 211 34 155 20 117 175 209 161 116 148 76 175 39 189 189 50 158 90 38 150 65 122 138 67 159 40 47 107 112 27 160 158
100 59 99 172 106 134 39 135 93 77 72 107 25 91 104 60 72 41 140 176 96 176 85 112 186 128 162 159 139 137 53 5 65 165 42 132 107 25 167 102 160 158 131 157 119 108 32 57 157 92 89 115 22 179 133 133 133 29 66 153 81 98 126 82 160 149 101 141 147 70 39 67 80 110 80 174 149 112 206 185
88 32 76 158 83 114 40 107 69 50 62 83 48 83 87 58 76 21 132 155 88 158 69 92 159 103 134 132 114 118 26 30 64 145 14 105 97 41 155 81 134 130 122 129 99 85 38 30 141 80 74 94 15 154 124 111 105 53 39 130 66 94 112 58 134 121 77 116 121 48 37 42 69 102 71 146 121 101 178 157
157 86 20 211 16 154 134 87 111 85 141 119 142 160 24 147 168 105 202 182 60 200 136 11 101 23 95 120 35 161 88 122 152 175 83 44 54 138 214 17 135 75 193 100 145 12 134 72 193 47 140 4 111 153 194 141 95 147 64 155 44 177 172 39 136 69 22 129 45 108 130 57 146 60 57 86 90 47 138 136
95 96 150 160 157 139 45 169 114 111 72 125 29 81 158 51 44 73 119 181 149 172 90 165 226 177 197 186 187 141 91 49 53 171 88 177 161 32 152 154 182 199 112 191 127 159 39 102 149 146 93 167 59 198 115 145 164 27 111 164 134 76 120 132 180 190 151 160 194 93 49 115 77 163 134 215 185 166 238 212
77 3 64 142 68 91 54 77 44 19 57 57 75 78 82 64 85 24 123 131 95 138 56 83 130 84 104 102 93 97 6 59 69 120 20 81 102 66 141 70 105 102 114 99 78 72 57 14 124 84 61 82 40 124 115 85 75 81 20 105 67 93 98 46 104 93 62 87 99 28 50 28 63 107 79 119 92 102 148 127
51 120 180 22 180 46 113 129 85 113 78 77 145 61 202 94 95 117 28 61 219 37 69 199 181 185 150 116 188 40 122 147 90 54 138 170 224 135 18 187 100 168 30 139 52 185 121 137 14 207 64 196 131 103 27 63 119 149 140 65 190 63 26 164 97 163 175 85 187 95 112 149 70 230 202 178 141 224 167 134
151 105 77 182 68 127 158 44 102 91 147 101 179 160 96 162 183 128 189 139 131 164 134 83 30 49 30 66 38 133 110 161 166 135 117 31 126 171 189 81 84 6 182 39 123 71 162 102 165 117 136 75 144 98 181 110 54 185 93 116 108 179 155 84 86 12 71 90 29 114 153 93 149 132 124 16 34 119 67 71
107 84 128 177 136 147 45 160 112 101 80 125 11 95 132 62 65 63 139 190 120 185 96 140 214 157 188 182 168 149 78 26 66 179 70 160 132 22 170 130 181 185 131 183 133 137 36 85 163 118 100 144 44 199 134 149 157 6 94 169 108 96 133 111 180 176 130 160 176 89 48 96 87 134 106 202 175 138 231 208
63 72 133 132 139 107 19 140 83 84 40 93 36 50 146 19 21 49 93 149 144 141 58 150 198 157 169 155 166 109 67 46 21 139 70 153 154 28 125 138 150 172 85 162 95 142 21 82 119 138 61 151 44 166 88 113 135 40 90 132 124 50 89 114 148 164 133 128 172 63 23 97 45 158 128 188 156 158 208 181
79 86 144 145 150 124 33 157 100 100 57 111 31 65 154 36 30 63 105 166 149 156 76 160 214 169 185 172 179 125 81 48 37 155 81 167 160 29 138 148 168 188 98 178 112 152 30 94 134 144 78 162 52 183 100 131 151 32 103 149 131 62 104 125 166 179 144 146 185 80 37 108 62 163 133 204 173 164 225 198
27 77 143 92 147 74 45 127 66 81 22 71 75 12 161 25 26 62 55 114 167 102 34 162 186 160 155 133 167 74 75 80 20 103 86 152 176 65 85 149 124 164 47 146 63 150 53 92 80 158 33 161 69 137 49 84 119 79 99 100 142 15 50 125 122 156 141 103 171 56 46 107 19 180 150 178 142 178 188 158
118 76 107 190 115 153 56 151 112 94 90 125 31 109 108 77 86 60 156 195 93 194 104 117 200 137 177 176 149 156 71 22 82 184 57 144 105 37 185 108 179 171 148 174 138 115 48 72 175 92 108 122 41 197 150 152 150 31 80 172 84 114 145 92 178 162 110 159 158 89 57 79 98 107 80 188 165 112 222 202
70 70 107 96 104 39 103 44 34 53 77 22 135 82 131 97 115 84 102 64 157 82 59 125 98 104 67 41 104 46 75 125 98 56 92 86 159 124 102 114 35 82 96 56 36 109 111 82 78 142 59 120 104 53 94 23 33 141 80 37 126 100 68 96 34 77 101 15 103 56 100 88 75 165 142 94 56 156 95 66
76 7 63 139 66 86 60 69 38 12 59 52 82 78 83 68 89 30 122 125 99 133 55 82 123 80 97 94 88 92 13 67 72 115 27 75 104 73 139 70 98 96 113 92 73 70 64 18 121 86 60 81 47 117 114 79 67 88 20 98 69 95 95 45 97 87 60 80 94 27 55 29 64 110 82 112 84 104 140 119
64 56 116 135 122 104 3 127 73 70 37 85 32 53 129 21 35 33 101 147 128 142 53 133 184 140 156 144 150 106 51 34 26 136 53 138 138 21 130 121 141 158 92 149 90 125 8 65 121 122 57 134 27 158 94 107 122 37 74 127 107 59 91 97 140 149 116 120 156 51 7 80 44 142 112 174 143 142 196 170
116 119 138 113 132 72 156 57 86 102 129 74 188 130 162 149 165 136 137 60 193 90 110 152 79 123 56 23 118 76 125 177 150 61 141 101 192 177 123 145 17 80 133 47 79 137 164 128 100 178 109 145 156 13 131 58 52 193 124 48 164 146 105 133 19 81 131 39 112 109 153 130 126 199 181 83 55 188 55 22
110 94 106 127 100 74 137 25 69 76 115 60 167 122 130 134 153 114 140 80 161 107 98 120 61 91 31 9 87 80 100 153 136 77 114 70 160 156 134 112 26 52 134 20 75 105 144 101 110 146 98 113 133 42 133 57 21 172 95 58 132 140 106 101 28 51 99 35 81 89 133 100 114 166 149 60 25 155 57 32
85 39 64 134 62 77 89 37 36 22 77 42 114 92 87 92 113 61 128 108 113 123 66 82 93 67 65 64 71 83 45 98 95 99 58 54 115 104 137 71 70 67 120 60 67 67 94 44 115 98 69 78 79 91 120 64 36 119 39 80 82 110 96 52 71 59 58 57 73 44 84 45 80 121 98 83 52 112 109 88
91 79 130 161 137 133 32 154 102 95 65 114 10 79 138 46 48 56 122 176 130 169 83 145 209 157 182 173 168 135 73 29 49 165 68 158 141 13 154 134 170 181 114 176 119 139 24 83 148 126 86 147 40 187 117 137 149 11 92 156 114 79 117 112 169 172 131 149 175 79 35 96 72 144 114 198 169 146 224 199
157 83 27 219 34 164 123 108 117 88 137 127 124 157 7 139 158 96 203 196 30 211 136 20 130 53 121 142 65 170 83 103 144 188 73 71 27 121 220 21 154 103 194 124 152 30 121 66 200 16 141 27 98 174 195 153 114 127 61 169 18 172 176 37 155 96 34 145 76 108 119 52 143 34 27 116 114 24 166 160
138 67 8 193 3 136 117 74 92 66 122 101 127 141 31 129 150 87 183 166 64 183 117 23 99 25 87 108 38 143 70 107 134 158 67 38 61 122 196 13 121 71 175 90 126 7 117 54 175 49 121 18 95 140 175 124 81 132 46 139 39 158 153 22 122 63 3 113 47 89 113 39 127 68 56 84 80 56 132 126
98 102 156 163 163 144 50 175 119 117 77 130 34 84 163 56 47 78 121 186 154 175 95 170 231 182 203 191 193 145 97 54 57 175 93 183 165 38 155 159 187 204 114 197 131 164 45 108 152 151 98 173 65 203 117 150 170 31 117 169 140 79 123 138 185 196 157 165 200 98 54 121 82 168 139 221 190 171 244 217
59 94 142 61 139 11 111 78 53 81 78 40 145 73 165 99 111 102 75 34 188 45 60 160 128 140 97 63 141 14 98 140 98 24 116 122 191 134 68 149 48 116 71 86 24 144 120 109 44 174 57 155 120 54 69 13 68 151 109 15 158 87 44 129 45 112 136 32 139 73 109 118 73 198 172 126 89 189 115 82
157 105 68 193 58 136 158 54 107 93 150 108 177 165 84 164 185 128 197 151 120 175 139 71 41 37 44 79 25 143 110 158 168 147 114 24 114 169 199 70 97 20 189 53 132 61 161 99 175 106 142 63 142 112 189 120 64 182 90 127 98 183 163 77 99 20 62 101 15 117 153 89 153 120 114 27 46 106 81 86
106 33 48 172 55 121 68 93 73 46 83 87 75 104 59 84 104 42 151 160 66 168 85 63 138 76 117 123 87 127 31 55 90 150 18 81 73 70 171 51 129 109 142 115 108 56 67 17 154 55 90 65 44 149 143 114 94 80 20 133 39 118 127 30 129 100 49 113 96 58 64 17 90 78 49 125 106 75 163 147
154 90 38 201 28 143 142 67 105 83 142 110 156 160 51 152 174 112 197 166 88 187 134 39 73 6 70 99 8 150 94 136 157 160 94 21 81 150 205 39 115 49 189 76 135 30 144 80 182 74 137 31 123 133 189 128 76 161 71 140 68 177 165 51 117 43 33 113 18 108 138 67 146 87 83 59 67 74 112 112
35 40 107 105 109 64 39 93 33 43 16 44 72 35 125 33 52 33 81 107 136 106 16 126 152 122 121 105 129 67 40 67 35 96 54 114 143 61 102 113 100 128 72 113 50 113 47 57 88 126 21 124 49 117 73 66 86 78 62 86 109 51 59 88 99 120 104 79 133 18 36 71 21 149 119 143 109 145 158 131
75 63 95 108 92 50 101 34 32 45 78 25 131 86 119 98 116 79 111 76 145 94 62 113 91 92 60 40 93 57 68 120 99 68 84 74 147 121 113 102 40 73 104 50 45 97 108 73 90 131 63 108 99 60 103 35 24 137 70 48 115 105 77 85 40 67 89 24 91 53 97 77 78 153 131 86 48 144 93 66
125 60 67 195 76 147 73 124 101 75 98 114 65 120 67 93 109 57 168 188 56 193 105 76 167 98 147 154 111 152 56 46 98 177 38 108 67 65 192 68 160 138 159 146 134 75 68 47 177 52 110 81 47 180 161 142 125 68 51 162 42 130 149 54 160 129 71 144 120 82 71 47 106 70 40 153 137 72 194 178
122 101 104 139 97 87 147 26 79 83 126 72 174 134 127 145 164 121 153 92 160 119 110 117 48 86 19 18 80 93 107 160 147 89 120 64 158 164 147 110 37 42 147 8 88 102 153 105 123 145 110 109 140 50 146 70 27 180 99 71 132 152 119 102 40 43 97 48 73 98 142 103 125 164 149 47 17 153 47 29
78 65 96 109 92 52 104 32 35 47 81 27 134 89 120 100 119 82 113 75 147 94 65 113 89 92 57 37 92 58 70 122 102 68 86 73 148 124 114 103 38 71 106 48 47 97 111 75 91 132 65 108 102 58 105 36 22 140 72 48 116 107 79 85 38 66 89 23 90 56 100 79 80 154 132 83 46 145 91 64
146 78 21 198 11 140 129 71 99 74 132 106 141 150 37 140 161 99 191 167 73 186 125 25 88 11 80 105 24 147 81 121 145 160 79 29 68 135 201 22 119 61 182 84 131 13 130 66 179 58 129 18 108 138 182 127 79 145 58 140 51 167 160 35 121 54 17 114 34 98 125 52 136 74 66 74 74 62 124 120
143 92 63 180 54 123 145 41 93 79 137 94 165 151 82 151 172 116 183 139 118 163 125 70 44 36 37 69 28 129 97 147 155 134 103 16 113 157 185 67 86 16 175 44 118 57 149 88 162 103 128 62 130 102 175 107 51 171 79 115 94 170 149 69 88 10 56 88 21 103 141 79 139 119 110 30 35 106 79 79
75 12 64 136 66 83 63 65 35 7 59 47 86 78 85 70 91 34 121 121 102 130 54 83 119 79 92 89 87 88 17 71 74 111 32 73 107 77 136 71 92 92 112 87 70 70 67 22 117 89 58 81 51 112 112 75 62 92 23 94 72 95 93 47 92 83 61 75 91 26 59 32 64 113 86 108 80 106 136 114
49 27 90 112 92 63 51 75 20 24 36 33 82 52 110 51 71 32 95 105 125 109 28 109 133 103 103 90 110 68 29 72 54 94 47 95 131 71 112 97 88 108 86 96 49 96 58 44 94 113 32 107 51 106 86 60 69 88 47 80 96 70 68 72 87 100 87 68 114 3 47 57 39 137 108 124 90 131 142 116
104 97 114 117 109 66 137 34 67 79 112 57 167 117 138 132 150 115 132 70 169 96 95 129 70 101 41 5 97 72 102 155 134 67 118 80 169 157 125 121 15 63 127 30 69 114 144 105 101 154 95 123 134 33 125 50 28 173 100 49 140 135 99 109 17 62 108 27 92 89 133 106 111 175 156 70 36 164 60 31
136 88 64 172 56 115 141 33 87 74 131 87 162 145 85 145 166 111 176 132 120 155 119 74 45 41 32 62 34 122 93 144 149 127 100 19 116 153 178 69 79 16 168 38 110 60 145 85 154 105 121 66 127 95 167 99 43 167 76 107 95 163 142 69 81 7 58 80 28 97 136 77 133 122 112 32 29 110 76 73
66 120 172 32 170 32 127 109 80 109 92 68 161 80 195 111 118 124 62 27 217 15 77 190 155 171 126 90 172 26 123 159 108 21 141 153 221 150 42 179 72 146 61 115 45 175 136 136 20 203 73 186 141 71 58 44 98 166 137 36 187 89 41 158 69 142 166 62 169 97 126 146 85 227 201 155 118 219 136 104
77 22 77 147 83 101 37 98 57 39 52 71 54 73 91 52 72 10 122 143 96 146 58 94 151 101 125 121 111 106 16 38 57 132 15 100 104 45 144 82 123 123 113 120 87 85 38 26 130 87 63 95 18 142 114 98 95 59 35 118 71 86 101 58 122 114 77 104 118 36 33 40 60 109 79 140 113 107 169 147
150 76 16 210 24 154 118 98 108 79 130 118 122 151 9 134 154 91 196 186 40 201 128 15 121 44 111 131 57 161 77 102 139 178 68 61 38 119 211 11 144 94 187 114 143 20 117 59 191 25 133 21 94 163 187 143 103 126 54 159 20 166 168 29 145 86 24 134 67 100 115 45 136 44 34 107 104 34 156 150
112 73 72 147 66 90 123 9 63 57 109 62 148 121 96 125 146 95 150 108 128 130 95 86 59 58 31 43 56 96 79 132 128 102 90 38 126 139 152 78 57 35 143 28 85 71 128 75 129 112 97 79 113 76 142 73 19 154 68 82 99 140 117 69 59 28 65 56 53 77 119 71 110 132 116 49 19 121 76 62
53 24 86 116 88 66 53 72 20 20 39 34 83 57 106 54 74 32 99 106 122 112 32 105 130 99 101 89 106 71 26 72 57 96 44 91 127 72 115 93 88 105 90 93 52 92 60 40 98 110 36 103 51 106 90 61 66 89 44 81 93 74 72 68 87 97 83 68 110 5 49 53 43 133 105 121 88 127 140 115
36 111 176 55 177 65 88 140 85 109 59 83 117 37 195 68 64 101 12 93 206 72 58 195 197 187 165 136 192 61 110 123 63 84 124 175 214 108 45 182 122 179 5 155 62 182 96 127 49 196 53 193 111 129 9 81 131 121 132 89 179 31 32 158 120 173 172 103 193 86 89 141 51 219 189 192 154 215 189 157
89 18 51 149 53 94 72 64 47 18 72 59 91 91 71 81 102 41 134 131 90 142 67 70 115 67 90 92 76 100 23 74 85 121 31 64 94 82 149 57 98 86 125 86 82 57 74 16 130 77 72 68 55 118 126 85 64 96 11 104 60 108 106 33 98 77 48 83 82 39 67 20 77 100 74 103 78 93 135 116
107 105 124 113 118 66 143 43 73 87 117 62 174 120 148 137 154 122 132 64 179 91 99 139 75 110 47 11 106 71 110 163 138 62 126 89 178 163 122 130 9 70 127 37 70 123 150 114 98 163 98 132 142 23 125 50 37 180 109 45 149 137 99 118 12 70 117 29 100 95 139 115 115 184 166 76 44 173 59 27
34 41 107 103 110 62 41 92 32 43 16 42 74 34 126 34 53 34 80 105 138 104 14 126 151 122 120 103 129 65 41 69 36 94 56 114 145 63 101 114 99 127 70 112 48 114 49 58 86 127 19 125 50 115 71 64 85 80 63 84 110 51 57 89 97 119 104 77 133 18 38 72 20 150 121 142 108 146 157 129
121 57 69 191 77 144 69 123 98 73 94 112 61 115 70 88 104 53 164 185 60 190 102 79 167 100 147 153 112 149 53 41 94 174 35 108 71 60 188 70 158 138 155 145 130 77 64 45 174 56 107 83 43 178 157 139 124 64 50 159 46 126 145 55 158 129 72 141 122 79 66 47 102 74 44 154 136 76 193 177
49 92 158 107 162 97 48 149 88 99 41 94 69 35 173 30 13 73 65 135 175 121 57 176 208 177 177 156 185 96 89 80 25 125 97 171 185 62 98 163 148 185 58 168 87 165 53 106 98 168 56 176 74 160 61 107 141 71 113 123 152 23 70 139 146 177 156 126 190 75 51 121 41 189 158 200 165 188 211 181
128 63 28 178 22 120 116 53 79 56 115 86 132 133 51 125 147 86 172 147 84 166 107 42 82 23 67 87 31 127 67 113 130 140 69 22 82 125 181 34 101 53 163 69 111 26 118 55 159 69 111 36 97 120 163 107 60 137 46 120 58 150 140 31 102 44 21 94 38 81 112 43 119 88 74 68 59 77 113 105
170 96 33 229 37 173 138 111 128 99 151 137 140 171 11 154 174 111 216 204 38 220 149 16 126 49 121 145 60 180 97 120 159 196 88 70 29 137 231 26 159 101 207 125 162 32 136 80 211 28 153 24 113 178 208 161 119 144 74 177 34 187 188 49 160 95 39 151 70 121 134 65 157 35 40 112 116 21 164 162
112 78 79 143 73 87 127 4 64 61 111 62 153 122 102 128 148 100 149 103 135 126 96 93 56 64 26 36 61 93 84 137 131 98 95 43 133 143 149 85 51 35 142 22 83 77 132 81 126 120 98 86 118 69 141 70 15 158 74 78 106 141 115 76 53 30 72 51 57 80 123 77 112 139 123 48 13 128 70 55
107 49 77 178 85 133 53 121 88 67 80 102 47 101 82 73 89 40 150 175 75 178 89 90 169 107 147 148 119 138 44 27 79 164 28 112 86 45 174 79 152 140 140 144 119 86 48 42 161 70 93 93 28 172 142 130 121 51 49 150 58 111 132 61 152 131 79 134 127 68 51 48 88 89 59 156 135 91 192 173
87 48 69 131 66 73 96 29 37 30 82 40 122 95 93 98 118 69 128 102 120 118 69 87 86 68 57 55 71 80 53 107 101 94 67 53 122 112 135 76 62 62 120 51 65 71 101 53 112 106 71 82 87 82 120 60 27 128 48 74 90 113 95 59 62 54 63 50 72 49 91 54 83 128 106 77 45 119 100 79
162 88 43 226 51 173 121 123 125 96 139 137 117 160 25 139 157 98 208 208 13 220 141 38 148 71 138 157 83 179 87 97 144 199 73 89 17 116 226 38 168 121 198 140 161 48 117 71 208 2 146 45 95 188 199 163 128 120 68 180 18 174 183 48 169 113 50 157 94 113 118 59 146 22 12 134 130 20 183 176
75 35 91 147 97 106 24 111 65 52 48 79 40 69 103 42 60 14 118 148 104 149 58 107 166 115 139 133 126 110 30 27 48 138 27 115 113 31 143 95 133 138 109 134 92 99 24 40 131 96 63 108 6 152 110 105 108 45 49 125 81 79 101 72 132 129 91 113 132 42 21 54 56 117 87 154 126 116 182 159
29 69 126 71 126 23 79 82 32 60 45 25 113 43 149 66 79 72 63 66 167 67 27 146 139 133 107 81 136 26 72 108 65 55 89 118 172 101 72 133 70 121 56 97 9 131 87 86 52 154 24 142 89 83 55 29 73 118 88 47 137 60 30 111 68 115 122 49 136 45 76 97 40 178 150 134 96 171 135 104
124 50 39 189 48 138 84 101 90 61 100 102 86 122 44 101 120 59 169 175 48 185 103 51 140 71 123 133 83 143 49 65 106 166 35 80 55 82 189 41 141 111 160 122 125 48 81 34 171 38 108 55 58 161 161 130 104 90 33 148 22 136 145 27 142 102 43 127 93 76 80 25 108 60 31 127 112 57 169 156
113 87 92 137 86 82 134 12 67 69 115 62 161 124 116 133 152 108 146 93 148 118 99 106 54 77 23 23 72 88 93 147 135 89 106 55 146 151 144 98 40 40 140 13 81 91 140 91 120 133 100 99 126 57 139 65 14 167 85 70 119 142 112 89 42 38 85 44 67 86 129 89 115 153 136 50 12 141 60 42
78 139 192 17 191 52 140 130 100 129 105 88 174 90 216 123 126 140 59 39 236 9 92 211 175 192 146 109 193 46 142 174 119 38 159 174 241 163 30 199 91 166 62 135 64 196 149 155 21 223 88 207 156 87 59 65 119 178 157 57 206 95 51 178 88 163 187 82 191 115 139 166 98 246 220 175 139 239 153 121
61 14 81 127 84 79 44 81 34 22 41 48 71 61 99 50 71 18 107 120 111 125 40 99 137 98 109 101 106 84 14 59 54 110 31 92 118 61 126 87 101 111 98 103 65 87 49 31 110 100 45 98 38 120 98 75 76 77 36 95 83 77 82 62 100 102 78 81 111 13 40 45 47 123 94 127 96 118 151 127
35 45 106 94 107 47 59 78 17 39 31 24 92 42 127 51 69 47 79 89 143 92 16 125 137 116 106 86 122 51 47 85 52 78 64 105 149 81 94 113 81 114 70 97 33 111 67 62 77 131 18 123 65 97 70 47 70 97 65 66 114 60 50 89 79 107 102 59 124 20 55 74 31 154 126 129 93 149 140 112
176 102 53 240 60 186 135 134 139 110 153 150 129 175 30 153 171 112 222 221 11 234 155 42 154 76 146 167 88 193 101 110 158 212 88 96 2 129 241 47 179 128 213 150 174 55 131 85 222 16 160 50 109 199 214 176 139 132 82 193 33 188 197 61 180 121 60 169 98 128 132 73 161 8 25 140 140 10 191 186
131 68 30 180 22 123 121 53 83 60 119 89 136 137 52 130 151 90 175 149 86 167 111 42 78 20 65 87 27 129 72 117 134 141 74 18 83 129 184 35 101 50 167 68 114 27 123 59 162 71 115 35 102 120 166 109 61 142 50 122 60 154 143 35 102 41 23 96 33 85 116 47 123 89 77 64 58 78 111 104
93 91 116 106 111 55 129 38 59 74 103 48 160 107 140 123 140 108 121 62 169 87 85 132 81 106 51 17 103 60 97 149 124 57 113 85 170 149 114 123 12 72 116 40 57 116 136 101 90 154 84 125 128 32 114 38 29 166 97 38 139 124 87 108 13 69 109 16 99 81 125 104 100 176 156 80 44 166 71 40
119 94 96 141 89 87 141 18 74 76 121 69 168 130 119 140 159 115 152 95 152 121 106 109 49 79 17 23 73 93 100 153 142 92 112 57 150 158 148 102 40 38 146 6 86 94 147 98 124 137 106 102 133 56 144 70 21 174 91 73 124 148 118 94 43 37 89 48 67 93 137 95 121 157 141 46 11 145 54 37
164 92 25 218 23 161 139 94 118 91 147 126 146 166 22 153 173 110 209 189 57 207 142 10 105 28 101 127 39 168 94 125 158 182 88 50 50 141 221 20 142 80 200 106 151 18 139 77 200 45 147 7 116 160 200 148 102 150 70 162 44 183 179 44 143 74 28 136 49 114 135 62 152 56 56 91 96 42 144 142
125 78 63 162 56 105 131 24 76 64 120 76 153 134 85 135 156 102 165 123 119 146 108 75 52 44 32 56 40 112 84 136 138 118 92 23 116 144 168 68 72 24 157 35 100 60 135 77 144 104 110 67 118 89 157 89 34 158 69 98 92 152 131 64 74 16 56 71 37 87 126 70 122 123 109 41 25 111 79 71
179 105 58 243 65 190 135 139 142 113 155 154 128 176 36 153 171 113 224 225 8 237 157 48 160 82 152 173 94 196 104 109 159 216 89 102 6 128 243 52 184 134 215 155 178 61 131 88 225 19 162 56 109 204 216 180 145 131 85 197 36 190 199 65 185 127 65 174 105 130 132 76 162 6 25 146 145 16 197 191
34 70 126 71 125 20 82 79 31 60 49 23 116 47 148 70 83 74 66 63 167 65 31 145 136 131 104 76 134 24 73 111 69 52 90 116 172 105 73 133 66 118 59 94 6 130 91 86 52 154 28 141 92 78 58 25 69 121 88 43 138 64 33 110 64 112 121 45 134 46 80 97 44 178 151 131 93 171 131 100
64 126 181 18 179 41 127 121 87 116 92 76 160 77 204 109 114 127 51 40 223 15 79 199 169 182 139 103 183 34 128 160 106 35 146 165 228 150 28 188 86 159 52 128 52 184 136 142 9 211 74 195 143 85 49 55 111 165 144 50 194 83 38 166 83 155 175 74 181 101 126 153 84 234 207 168 131 227 150 118
43 103 169 89 173 88 66 151 90 107 48 93 89 32 186 46 33 87 45 123 191 105 58 188 209 186 178 153 193 86 101 99 40 113 111 177 200 82 79 175 143 188 39 168 80 177 72 118 82 183 56 187 91 153 43 101 142 92 125 114 167 14 57 151 140 181 167 121 196 82 68 133 44 205 174 202 166 203 208 177
68 127 180 23 178 40 130 118 87 116 95 76 164 81 203 113 118 129 57 34 224 10 81 198 164 180 135 99 180 33 129 163 110 29 147 162 228 153 34 187 81 155 58 124 52 183 139 143 14 211 76 194 145 79 55 53 108 168 144 46 194 88 42 166 78 152 174 71 178 102 129 153 87 234 207 164 127 227 145 112
55 56 103 95 101 38 85 54 16 41 59 4 117 66 126 79 97 68 92 73 148 84 42 121 112 105 80 58 108 44 60 108 81 63 78 90 152 106 98 110 53 92 85 70 28 106 93 70 76 135 43 117 87 71 84 27 44 123 69 46 118 84 59 89 52 86 97 32 108 39 82 78 58 158 132 106 68 150 112 84
156 87 25 208 17 150 137 79 108 83 141 115 147 160 34 149 170 107 201 176 71 195 135 22 91 13 86 112 25 157 90 127 154 169 87 35 64 142 211 24 127 65 192 91 141 16 138 74 189 57 139 14 115 146 192 136 88 152 66 149 53 177 170 42 129 59 24 123 35 108 133 60 146 70 67 76 81 57 128 127
126 88 79 156 72 100 139 18 78 72 124 76 163 136 101 141 161 111 163 114 135 138 110 90 43 59 17 42 53 107 94 147 144 109 104 37 132 154 163 84 60 21 156 19 97 76 144 89 139 120 112 83 128 76 155 84 28 169 81 90 108 155 129 79 62 17 72 64 47 93 135 84 126 139 125 34 9 126 63 55
32 103 165 40 165 41 94 120 71 98 60 65 127 43 186 76 78 99 25 68 202 50 51 184 175 172 143 112 176 36 105 129 72 59 121 158 208 116 36 172 98 159 21 133 41 170 103 120 27 190 46 181 113 104 19 57 110 131 124 64 173 47 9 148 95 154 161 80 176 78 94 133 52 213 185 171 133 208 165 132
86 47 70 130 67 72 95 30 36 29 81 39 121 94 94 97 117 68 127 101 121 118 68 88 87 69 58 55 72 79 53 107 100 93 66 54 122 111 134 77 62 63 119 52 64 72 100 53 112 106 70 83 87 82 119 59 27 127 48 74 90 112 94 60 62 55 64 49 73 48 91 54 82 128 107 78 45 119 100 79
135 72 33 182 25 125 125 52 86 64 123 91 141 140 54 134 155 95 178 149 89 169 115 44 74 17 62 86 22 131 77 122 138 142 79 13 86 134 186 38 100 46 170 66 116 29 127 64 164 74 118 36 107 119 170 110 61 146 55 122 64 158 146 40 102 37 27 96 28 89 121 52 127 92 81 60 56 80 107 102
90 78 130 160 137 132 31 153 101 94 64 113 10 78 138 45 47 55 121 175 130 168 82 144 208 157 181 172 168 134 73 29 49 164 68 158 141 13 153 133 169 181 114 175 118 139 23 83 147 126 85 147 40 186 116 136 149 12 92 155 114 78 116 112 168 172 131 148 175 79 34 95 71 144 115 197 168 146 223 198
34 51 110 88 110 39 66 75 16 43 37 19 99 44 132 57 74 55 76 81 149 85 19 129 134 118 102 81 123 44 54 93 58 70 71 106 154 88 89 117 74 113 68 93 25 115 74 68 70 136 20 126 73 90 68 39 66 105 70 59 120 62 46 94 73 106 106 52 124 27 63 79 35 160 132 127 90 154 135 106
154 105 74 186 65 130 158 48 104 92 149 104 179 162 92 163 184 129 192 143 128 168 136 79 33 45 35 70 34 137 111 161 167 139 117 29 122 171 193 78 89 11 185 44 126 68 162 101 169 114 139 71 144 103 184 114 58 184 93 120 105 181 158 82 91 14 68 94 25 115 154 92 151 128 121 18 38 115 71 76
92 93 147 158 154 137 42 166 111 108 70 122 27 78 156 49 42 70 117 179 147 169 88 162 223 174 195 183 185 138 88 47 50 168 85 174 159 30 150 151 179 196 110 188 124 156 37 99 147 144 90 165 57 195 113 143 161 26 108 161 132 75 117 129 178 187 148 157 191 90 46 113 75 162 132 212 182 164 235 209
97 63 106 169 114 133 35 139 94 81 70 108 17 88 112 56 66 43 135 176 104 174 84 120 192 135 166 162 146 136 57 4 61 165 48 138 115 17 164 109 163 163 127 162 119 115 27 63 154 100 88 123 24 181 129 134 137 21 72 154 88 93 124 89 162 154 108 142 154 72 36 74 77 118 88 180 154 120 210 188
29 66 124 74 124 26 76 81 29 57 43 24 110 42 146 64 77 68 65 69 164 70 25 143 139 131 107 81 134 30 69 105 63 58 86 116 169 99 74 131 72 120 57 97 12 129 85 83 55 151 22 140 86 84 56 31 72 115 85 49 134 59 32 108 69 114 119 50 135 42 73 94 38 175 147 133 96 168 136 105
75 144 203 8 202 65 137 147 108 137 103 99 168 84 225 117 117 142 43 63 243 33 93 222 195 206 165 130 208 58 146 171 113 60 163 189 248 158 9 210 112 185 49 154 73 207 145 161 25 231 88 218 156 110 46 81 136 172 164 76 214 84 50 187 109 181 198 100 206 119 136 173 95 254 226 194 157 248 176 143
127 73 90 199 99 157 69 144 112 91 100 126 50 120 89 89 102 63 168 199 72 201 110 99 189 122 168 172 134 161 68 35 95 188 51 130 84 54 195 91 176 160 160 166 143 99 62 64 183 72 115 104 47 196 161 154 144 52 71 174 65 128 153 77 176 151 94 158 144 91 68 68 108 86 59 176 157 91 214 196
141 70 6 197 3 140 119 77 96 69 124 104 128 144 27 131 152 89 186 169 61 186 120 19 101 26 90 111 39 146 72 108 136 162 68 41 58 123 199 10 124 73 178 93 130 4 119 56 178 46 124 15 96 144 178 127 84 133 48 142 37 160 157 23 126 65 5 117 49 92 114 41 130 64 53 87 83 53 135 129
23 74 133 65 133 25 78 90 38 66 43 33 112 38 155 64 75 74 55 67 172 64 27 152 147 140 115 88 144 26 76 109 62 56 93 126 177 101 65 140 77 129 48 105 14 138 87 91 47 160 23 149 91 88 47 35 81 117 93 50 143 53 23 117 74 123 129 56 144 49 76 103 37 183 155 142 104 177 142 111
79 101 138 78 134 34 127 65 61 85 96 47 160 94 162 117 131 112 98 34 188 58 77 155 109 132 80 43 130 37 105 152 116 29 123 112 190 149 87 145 26 100 94 68 42 139 135 114 63 174 75 149 132 32 92 22 56 166 112 10 158 109 66 127 23 98 131 19 126 83 124 120 91 196 174 108 73 187 92 59
85 125 167 57 164 40 142 96 84 110 108 70 176 100 191 128 138 133 88 4 217 32 91 185 135 162 108 71 160 38 129 171 126 9 146 142 219 165 68 174 52 130 87 97 54 169 151 139 47 202 87 179 151 46 84 42 86 181 138 24 186 111 64 156 49 128 161 49 157 104 139 147 102 225 201 136 102 216 112 80
38 78 144 103 148 85 39 134 73 85 27 80 66 23 160 19 15 60 64 125 165 114 42 163 193 163 162 142 171 85 76 73 13 115 84 156 174 57 95 150 134 170 56 154 74 152 46 92 91 156 42 162 64 148 58 94 127 69 100 111 141 21 62 125 132 162 143 112 175 60 41 108 26 178 148 185 150 176 197 167
73 143 202 11 202 65 134 148 107 136 100 99 165 81 224 114 113 140 39 66 241 36 91 221 197 206 167 131 208 59 144 168 110 63 161 190 247 155 5 209 114 186 45 155 73 206 142 160 26 229 86 217 153 113 42 81 137 169 163 78 212 81 48 186 111 181 197 102 207 117 133 172 92 252 224 195 158 247 178 146
171 99 33 226 30 169 146 100 125 99 154 133 152 174 25 160 180 117 216 196 58 214 150 15 108 33 106 133 42 175 101 131 165 189 95 55 49 148 228 27 148 84 208 111 159 26 145 85 207 47 154 15 122 166 208 155 108 156 77 169 49 190 187 51 150 79 35 143 52 122 142 69 160 54 59 94 102 41 147 147
78 31 85 149 91 107 30 108 64 49 52 78 44 73 97 47 66 13 122 149 98 151 60 101 161 110 135 130 120 111 26 29 53 138 21 110 108 36 146 89 131 133 113 130 93 93 29 35 133 90 65 102 8 150 114 105 105 49 44 125 75 84 103 66 131 124 85 112 127 42 27 49 60 112 81 150 123 111 179 156
166 92 26 223 28 166 137 102 121 94 147 130 142 167 14 152 172 109 211 195 47 212 144 7 115 38 110 135 49 172 94 121 157 188 86 59 40 138 225 20 149 90 202 115 156 23 136 77 204 36 149 13 113 168 203 153 109 146 70 168 38 183 182 44 151 84 31 143 59 116 133 62 153 45 47 101 105 32 153 151
100 102 126 105 121 58 138 47 68 85 111 57 170 113 150 132 148 119 124 56 180 84 93 141 82 114 54 17 110 63 108 159 132 54 124 93 180 159 114 133 1 77 119 43 63 126 146 112 90 165 92 135 138 21 117 43 39 176 108 37 150 130 91 119 4 76 119 22 106 91 135 115 108 186 166 83 49 176 66 34
90 65 85 123 81 66 110 18 43 47 91 40 138 101 109 109 128 85 127 88 138 108 75 102 77 78 46 36 78 73 71 124 111 81 85 59 138 128 129 92 43 57 120 37 61 86 116 72 105 123 77 96 104 63 119 50 10 144 67 61 108 119 93 77 44 51 78 35 76 62 106 73 91 145 124 70 33 135 84 61
74 42 98 146 104 107 18 117 69 58 46 82 34 66 109 37 54 19 115 150 109 149 58 114 172 123 145 138 133 111 36 24 43 139 34 122 119 24 141 102 137 145 106 139 93 106 16 48 130 102 63 116 8 155 108 108 113 40 57 127 88 75 100 79 136 136 98 117 140 46 15 62 54 123 92 161 132 123 188 164
30 69 126 71 126 23 79 81 31 59 46 24 113 44 148 66 80 71 64 66 166 67 28 145 138 132 107 80 135 27 71 108 66 55 89 117 171 102 73 133 70 120 57 96 9 130 88 85 53 154 25 141 89 82 56 29 72 118 87 46 137 60 31 110 67 114 121 48 136 44 76 96 41 177 150 133 95 170 134 103
22 61 128 93 131 64 41 110 49 64 7 56 74 14 146 24 38 49 63 106 155 99 18 146 169 143 138 118 150 66 60 75 23 95 73 134 163 64 89 134 111 146 54 129 52 134 50 77 79 145 19 145 60 125 55 71 102 79 83 89 129 30 48 109 109 139 125 89 153 39 40 92 2 168 138 161 126 164 172 143
69 86 126 81 123 27 113 58 46 70 82 32 146 83 150 103 118 97 93 45 175 64 64 143 108 122 77 44 121 33 90 137 103 37 108 103 177 134 88 133 31 96 88 66 31 128 121 99 64 161 62 138 117 44 86 11 48 151 97 18 144 99 60 114 29 92 119 12 119 68 109 105 79 183 160 106 68 174 98 65
60 87 132 71 129 16 108 68 46 73 77 32 142 75 156 98 111 96 82 41 179 56 58 150 119 130 88 55 130 22 91 135 97 32 109 112 182 131 77 139 41 106 77 77 23 134 117 101 53 165 56 145 115 51 76 4 58 148 101 16 149 90 49 119 38 102 126 23 128 67 106 109 72 188 164 117 79 180 108 76
16 71 133 69 134 33 71 95 40 66 36 37 105 30 154 56 67 69 53 75 170 70 21 152 153 142 121 94 146 34 73 103 54 64 89 129 176 94 67 140 84 134 45 111 22 138 80 88 51 158 16 149 85 96 44 42 86 110 92 58 141 46 23 116 82 127 129 63 147 46 69 101 30 181 153 147 109 176 149 118
36 59 115 82 115 30 75 73 20 49 44 15 108 48 137 65 81 64 74 72 156 77 26 134 131 121 99 75 125 35 62 102 65 62 79 107 161 97 83 122 67 112 66 90 17 119 83 75 64 143 25 131 82 82 66 30 64 114 77 50 126 65 42 99 65 105 110 45 126 35 72 86 41 166 139 125 88 160 130 100
151 128 119 163 111 115 175 51 109 110 156 102 202 163 140 174 193 149 180 112 175 141 139 128 29 95 25 43 85 120 133 187 176 111 145 74 171 192 172 124 59 43 175 29 116 115 181 130 148 160 140 120 167 65 173 98 56 208 123 95 149 181 147 121 62 49 112 75 76 127 171 126 155 177 166 37 37 164 21 31
61 131 190 13 190 55 122 138 95 124 89 87 154 70 212 103 103 128 32 62 229 35 79 209 188 195 158 123 197 48 132 157 99 57 149 179 235 144 8 197 106 176 36 146 62 195 131 148 17 217 74 206 141 107 33 71 127 158 151 70 200 71 36 174 103 171 186 92 196 105 122 160 81 240 212 186 149 235 172 139
111 111 129 114 123 69 149 48 79 93 122 67 180 125 153 143 159 128 134 63 184 92 104 144 75 115 50 15 110 73 116 169 143 62 132 93 183 169 123 136 12 73 130 40 74 128 156 120 100 169 103 137 148 19 128 54 43 186 115 47 155 141 102 124 14 74 122 33 104 101 145 121 120 190 171 77 48 179 56 23
128 59 16 183 13 126 110 65 82 56 113 90 123 132 40 121 142 80 173 155 72 172 107 33 95 28 80 99 39 132 62 103 126 148 61 34 70 117 185 23 111 66 165 82 116 18 111 47 164 56 111 29 90 131 165 113 71 128 39 128 44 149 143 19 112 58 9 103 48 80 106 34 118 77 61 81 72 66 126 118
132 75 87 203 96 160 74 144 115 92 105 129 57 125 85 95 108 67 174 202 66 205 115 95 188 119 168 173 132 165 70 41 100 191 53 128 78 60 200 87 177 159 165 166 146 96 67 65 187 67 120 100 52 197 166 157 144 58 71 177 61 133 157 75 177 150 91 160 141 94 73 67 113 80 54 174 157 85 214 197
115 88 127 186 136 154 53 164 118 106 88 131 19 103 131 70 74 68 148 197 116 193 104 139 217 157 192 187 169 157 82 29 74 186 72 162 128 30 179 130 187 188 140 187 141 136 44 88 172 115 108 143 49 205 143 156 162 15 96 176 106 105 141 112 186 179 130 166 177 96 55 97 95 130 103 204 179 135 236 213
66 34 95 137 100 97 19 108 59 50 39 72 43 59 109 34 54 11 108 140 112 140 49 112 164 118 136 128 128 101 30 34 40 129 32 116 121 33 134 100 127 137 99 130 83 103 22 43 121 104 54 113 15 145 101 97 104 49 52 117 88 70 91 76 126 128 94 107 134 36 15 58 47 125 95 153 124 124 178 154
108 66 66 146 60 89 117 15 59 50 104 59 141 117 90 119 140 88 148 110 121 131 91 81 65 55 38 49 54 96 72 125 123 104 82 36 120 132 151 72 62 40 140 35 83 65 121 67 128 106 93 74 106 81 140 73 22 147 60 84 92 135 114 62 63 32 59 57 53 71 112 63 106 127 109 55 26 116 84 69
108 41 59 177 67 129 63 107 82 56 83 95 64 104 66 81 99 41 153 169 65 175 88 73 153 89 131 136 101 134 37 44 86 158 19 95 74 60 175 62 141 123 144 129 115 68 60 28 160 58 93 76 37 161 145 123 107 68 34 143 43 117 131 43 141 114 61 124 109 64 59 31 91 79 48 139 120 78 177 160
52 109 164 34 163 24 113 106 70 99 78 60 147 66 187 97 104 111 51 39 207 27 64 183 156 166 126 91 167 17 112 146 94 30 129 149 211 136 39 171 75 144 50 114 35 167 122 126 16 194 59 178 128 77 47 40 96 152 127 39 177 75 28 149 72 140 159 60 166 85 112 136 71 217 190 154 117 210 141 108
64 12 79 130 82 82 44 82 37 23 43 51 69 63 97 50 72 16 109 123 108 128 43 98 138 97 110 103 106 87 11 56 55 113 28 92 115 59 129 85 104 112 100 104 68 86 48 28 113 97 47 97 35 122 101 79 78 75 34 98 80 79 85 60 103 103 77 84 111 17 39 43 49 120 91 128 98 116 152 129
69 98 140 68 137 22 119 72 57 83 87 43 153 83 164 108 121 107 86 31 189 50 69 158 119 137 89 54 136 25 102 146 107 23 119 118 191 142 76 147 38 109 82 78 32 142 128 112 52 175 66 153 126 43 80 15 62 158 111 5 158 98 54 128 35 106 134 25 133 78 116 119 82 198 174 118 81 189 104 71
102 78 90 128 85 73 123 11 56 60 103 51 151 113 114 122 141 98 136 88 145 111 88 106 65 79 34 25 76 79 84 137 124 82 97 58 145 141 135 97 37 49 130 24 70 90 129 84 111 130 89 99 117 56 128 56 4 157 78 63 116 131 102 85 39 45 84 36 72 75 119 83 103 151 133 60 22 140 70 49
53 47 97 100 96 44 78 56 8 33 54 8 109 63 120 73 91 59 94 81 141 91 38 116 115 102 83 65 105 50 51 99 75 71 69 87 144 98 102 104 61 93 86 74 33 101 85 61 81 127 39 112 78 79 85 36 47 115 61 55 110 81 61 82 60 86 92 41 106 30 74 70 53 150 125 107 71 143 118 90
26 51 117 98 120 62 40 100 39 53 8 47 74 24 136 28 46 41 71 105 146 101 11 136 159 132 128 110 139 64 50 72 29 94 64 123 153 63 94 123 104 136 62 120 48 124 49 67 82 136 15 135 55 119 63 66 93 79 73 85 119 41 51 99 102 128 114 82 143 28 38 82 10 158 129 151 116 155 164 135
61 96 142 61 140 14 114 78 55 82 80 41 148 75 166 101 113 103 77 33 189 45 63 161 127 141 97 62 141 16 100 142 100 22 117 122 193 136 68 149 46 116 73 85 26 145 122 111 44 176 59 156 122 52 71 14 68 153 110 13 159 89 45 130 43 112 137 32 139 75 111 119 75 199 174 125 88 190 113 80
34 57 115 83 115 32 73 74 20 48 42 16 106 46 137 63 79 62 74 74 155 78 24 134 133 121 101 77 125 37 60 100 63 63 78 108 160 95 84 121 70 113 66 91 18 119 81 74 64 142 23 130 80 84 65 32 65 112 76 52 125 64 42 99 68 106 110 48 126 34 70 85 39 166 138 126 89 159 132 102
50 35 92 106 92 53 65 64 6 25 44 20 96 57 113 62 82 46 94 93 132 100 31 111 123 101 92 77 106 59 39 86 64 83 57 89 137 85 107 98 74 99 86 84 40 97 72 51 88 119 34 108 65 92 86 48 57 102 52 67 102 76 64 75 73 92 87 54 108 17 61 62 46 142 115 114 79 136 129 103
144 89 53 184 44 127 142 47 94 77 136 97 160 151 72 149 170 112 185 146 108 168 125 60 53 26 46 77 19 134 93 142 153 140 98 8 103 153 189 57 93 26 177 53 121 48 145 83 166 93 128 52 125 110 177 111 57 166 74 120 84 169 152 61 95 20 47 94 15 102 137 72 139 109 101 39 44 96 89 88
124 61 33 173 26 116 114 49 75 53 112 81 131 129 56 123 144 84 168 142 88 161 104 47 80 27 63 83 33 122 66 113 127 135 69 21 87 124 177 39 96 51 159 65 107 31 117 54 155 73 107 41 97 115 159 102 55 137 45 115 61 147 136 34 97 42 25 89 39 78 110 43 116 93 78 66 55 82 110 101
120 46 22 180 28 126 92 79 78 50 101 89 102 121 39 106 126 63 166 160 60 173 98 40 116 49 99 112 61 132 47 82 111 151 41 57 63 96 181 27 121 87 157 99 114 30 92 30 162 46 103 40 70 141 157 115 83 107 24 132 30 137 138 4 122 78 22 109 70 70 88 15 107 69 46 103 89 62 145 133
38 112 175 42 176 55 96 134 82 108 64 78 126 43 196 76 74 105 11 80 209 59 59 195 189 184 158 127 188 50 112 131 71 72 127 171 216 117 34 182 112 173 8 147 55 181 104 129 35 198 54 192 116 118 5 72 124 130 133 78 181 42 23 158 109 167 171 94 189 87 96 142 56 221 192 185 147 217 179 147
67 31 91 138 96 97 24 105 57 46 40 70 46 62 105 38 57 7 110 139 109 140 49 108 160 114 133 125 124 101 25 35 43 128 29 112 118 36 135 96 125 133 101 127 83 99 26 39 122 100 54 109 15 143 103 96 101 52 48 116 85 73 92 72 124 124 90 105 130 34 19 54 48 122 92 149 120 120 175 151
64 86 149 127 155 110 35 152 92 97 46 101 48 49 162 27 11 64 86 151 160 139 64 166 210 172 180 163 181 110 82 61 25 140 86 168 171 42 119 154 157 185 79 172 98 157 37 97 116 154 65 167 60 171 82 118 145 50 106 136 140 43 87 130 155 177 148 135 186 75 39 112 49 174 144 201 168 175 217 189
79 143 198 12 196 57 142 136 104 133 107 93 175 91 221 124 126 143 57 46 241 16 95 216 181 198 153 116 199 51 145 176 120 45 162 180 245 164 25 205 98 173 60 141 69 201 151 159 22 228 90 212 159 94 57 71 126 179 161 63 211 94 53 183 95 170 192 89 197 118 141 170 99 251 224 181 145 244 160 128
109 71 73 144 67 87 121 8 60 54 106 59 146 118 96 123 143 93 147 106 128 128 92 87 61 60 33 42 58 93 77 130 126 100 88 40 127 137 149 79 56 38 140 29 82 72 126 73 126 113 94 81 111 75 139 71 16 152 66 80 99 137 114 69 57 31 66 53 55 74 117 70 108 133 116 52 20 122 77 62
118 87 86 145 79 90 135 11 71 70 118 67 161 128 109 136 156 108 153 102 142 126 103 99 49 69 18 31 64 96 92 146 138 98 104 47 140 152 152 92 48 32 146 13 87 84 141 89 128 127 104 92 126 65 145 73 18 167 83 78 114 147 119 84 50 29 79 52 59 88 131 86 119 146 131 43 5 135 61 47
87 94 150 152 157 133 41 165 109 108 66 119 33 73 159 45 36 70 111 174 152 164 84 165 222 176 194 181 186 134 89 51 46 163 87 175 163 33 144 154 176 196 104 187 120 159 37 101 141 148 86 168 59 192 107 139 160 32 110 157 136 68 112 132 174 187 151 154 193 88 45 115 71 166 137 212 181 169 233 206
122 126 143 117 137 78 163 62 93 108 135 81 194 136 167 156 172 143 142 63 198 93 117 157 79 127 58 28 121 81 131 183 156 65 147 105 197 183 127 149 24 82 138 50 85 142 170 135 105 183 116 150 163 15 136 64 57 200 130 53 169 152 111 138 26 84 136 46 114 116 159 136 132 204 186 84 59 192 51 20
103 90 138 172 145 145 45 165 114 106 78 126 15 90 144 58 57 67 133 188 132 181 95 151 220 166 193 185 177 147 84 35 61 177 78 168 144 24 165 141 183 192 125 188 132 147 37 93 159 130 98 154 50 200 128 149 161 10 102 169 120 89 129 120 182 183 139 162 185 92 48 105 84 146 118 208 181 150 236 211
100 81 96 124 91 69 125 17 57 63 104 50 154 112 120 123 142 101 133 82 151 106 87 111 67 85 35 20 81 75 87 140 125 77 101 64 150 143 131 103 31 53 127 25 68 96 131 88 107 136 88 105 120 51 126 52 9 160 83 58 121 130 99 90 33 49 89 32 78 77 121 88 103 157 138 63 25 146 69 45
128 119 128 132 121 87 161 48 91 101 136 81 191 141 151 156 174 138 152 80 184 109 119 141 59 109 39 19 102 91 125 178 158 80 139 87 182 180 142 134 29 63 148 31 91 126 168 126 118 169 118 133 157 33 146 71 46 197 120 65 155 158 120 125 32 65 121 49 95 113 157 125 135 188 172 64 41 176 38 7
80 26 62 135 62 79 77 50 33 10 68 43 101 85 84 81 102 48 125 114 106 126 60 81 105 71 78 76 77 86 32 85 85 105 45 62 109 91 137 69 81 79 116 73 68 66 81 32 116 92 63 77 66 101 116 69 48 106 29 87 76 103 94 47 81 70 57 66 81 34 72 36 72 115 91 95 65 108 122 101
57 92 156 117 161 104 43 153 92 101 45 99 60 43 170 29 8 71 75 144 170 130 62 174 212 177 181 162 186 104 88 73 25 133 94 172 180 54 108 161 154 187 68 173 94 164 47 104 107 164 62 174 69 167 71 114 145 62 112 130 149 33 79 137 152 179 155 132 190 77 47 119 46 184 154 203 168 184 216 187
43 87 140 57 139 4 98 85 47 76 64 36 132 58 163 85 96 91 62 46 184 48 47 159 138 143 107 75 144 7 90 128 83 35 108 126 188 121 61 147 61 124 57 96 12 144 107 103 38 171 43 155 109 70 55 20 75 138 104 30 154 72 29 126 59 119 135 43 144 64 96 113 58 194 168 135 97 187 128 96
180 105 44 240 48 184 145 123 138 109 159 148 144 180 21 161 180 119 225 215 33 231 158 27 136 60 132 156 70 190 106 124 167 207 95 81 22 142 241 37 170 112 216 136 173 43 142 89 221 28 163 34 119 189 217 172 130 147 83 188 39 195 198 59 171 105 50 163 80 130 141 74 166 26 41 122 127 13 175 173
117 111 125 123 119 77 152 44 82 93 127 72 182 131 148 147 164 130 142 72 180 101 109 139 66 109 41 11 103 81 117 170 148 71 132 87 179 171 132 131 19 65 138 32 81 123 159 119 108 165 108 131 149 27 136 61 40 188 114 55 151 148 110 121 22 66 118 39 97 104 148 119 125 185 168 68 40 174 48 16
132 58 28 196 37 142 96 98 95 66 110 107 99 132 31 112 132 70 178 178 42 190 111 38 132 60 117 131 72 148 57 79 118 169 46 72 47 95 196 28 140 103 169 117 130 36 94 41 178 29 116 42 71 161 170 133 102 103 38 151 12 146 152 21 141 95 32 128 82 83 92 28 117 52 27 118 107 47 163 152
37 111 175 46 177 58 93 136 83 108 62 79 123 41 196 73 71 103 9 84 208 63 58 195 192 185 160 130 189 54 112 128 68 76 126 172 215 114 37 182 116 175 4 149 57 181 102 128 40 197 53 192 114 121 1 74 126 127 133 82 181 38 25 158 113 169 171 97 190 86 93 142 54 220 191 187 149 216 183 150
60 80 123 79 121 22 104 61 39 65 74 25 138 74 147 95 110 90 87 49 171 64 56 141 113 122 82 51 122 28 84 130 95 40 102 104 174 126 84 130 39 99 81 71 23 126 113 94 61 157 54 137 109 52 80 5 50 143 93 23 141 91 53 111 37 95 117 18 121 61 101 101 70 180 156 110 72 172 105 73
62 129 187 10 186 49 124 132 92 121 90 83 157 72 209 105 107 127 38 54 227 27 79 206 181 191 151 116 192 43 131 158 101 49 148 174 233 146 14 194 99 170 41 140 58 191 133 146 10 215 74 202 142 99 38 66 121 161 148 63 198 75 36 172 96 166 182 86 191 104 123 158 82 238 211 180 142 232 164 131
52 23 90 118 93 72 42 83 30 28 32 44 72 52 108 44 65 22 97 114 120 117 30 108 141 106 112 100 114 77 23 62 48 103 39 99 127 61 117 96 99 115 88 105 58 96 48 40 101 109 35 107 41 117 89 70 78 77 45 90 92 68 73 71 98 107 87 78 118 7 38 54 38 132 103 131 99 128 152 126
79 132 182 33 180 44 140 115 92 120 105 79 174 93 206 124 130 136 70 22 228 8 90 200 158 180 130 93 179 39 136 172 121 22 153 161 232 163 45 189 75 151 71 119 57 185 149 148 28 214 86 195 154 70 68 54 105 179 149 42 198 101 54 169 72 148 176 68 177 109 139 158 98 238 212 159 123 230 136 104
163 93 27 216 22 159 141 89 116 90 147 124 150 166 29 154 175 112 208 185 65 204 142 16 98 22 95 122 32 165 95 129 159 178 91 44 57 145 219 24 137 74 199 100 149 19 141 79 197 52 146 10 119 155 199 145 97 154 71 158 50 183 178 46 138 68 28 132 42 114 137 64 152 63 63 84 90 49 137 136
145 80 30 193 21 135 132 62 96 73 132 102 146 150 48 142 163 102 188 160 84 180 124 36 77 6 69 95 16 142 84 127 147 153 84 18 79 140 197 33 110 50 180 74 127 24 134 70 175 69 128 28 113 129 180 121 71 151 61 133 61 167 157 42 112 43 25 107 25 98 128 57 136 85 77 63 64 72 113 110
49 92 144 55 142 4 104 85 52 80 70 40 138 64 167 91 102 97 65 40 188 44 53 162 137 145 106 73 146 4 95 134 89 29 113 128 192 127 60 151 58 124 60 95 17 147 113 108 36 175 49 158 115 65 58 19 75 144 109 25 158 77 33 130 55 119 138 41 145 69 102 118 64 198 172 134 97 191 125 92
27 51 118 98 121 63 39 102 41 54 6 49 73 24 136 27 44 41 71 106 146 102 13 137 161 133 130 111 140 65 51 71 28 95 64 125 154 62 94 124 105 137 62 121 49 124 48 68 82 136 16 135 54 120 63 68 94 78 73 86 119 40 52 99 103 129 115 83 144 29 37 82 9 159 129 152 117 155 165 137
160 86 43 225 51 172 119 123 124 95 137 136 115 159 26 137 155 96 206 207 14 219 139 38 149 71 138 156 84 178 85 95 142 198 72 89 18 114 225 38 167 121 197 140 159 48 115 69 207 3 144 46 93 187 198 162 128 118 67 179 17 172 181 48 168 114 50 156 94 112 116 58 145 23 10 134 130 22 184 176
120 49 52 187 61 138 75 109 90 63 95 103 74 116 56 93 111 53 164 177 53 184 99 63 151 83 132 139 96 143 46 53 98 167 30 92 62 71 186 54 146 122 155 130 124 61 71 34 170 46 104 67 49 166 156 131 111 78 37 150 32 129 142 38 146 113 55 131 105 73 72 32 102 67 36 137 121 66 178 163
104 105 158 168 165 149 54 179 124 121 82 135 36 89 165 61 52 82 126 191 154 180 100 172 235 185 207 196 196 150 100 56 62 180 96 186 166 41 159 161 192 208 119 201 136 167 49 111 157 152 103 175 68 208 122 155 174 32 120 174 141 84 128 140 190 199 159 170 203 103 59 124 87 168 140 224 195 172 248 222
54 70 134 123 139 99 21 136 77 81 32 87 45 41 148 11 15 49 85 141 148 132 51 151 194 156 165 149 165 100 67 53 12 130 71 152 158 36 116 139 143 169 77 157 87 142 26 82 110 141 53 152 47 158 79 106 130 48 90 124 127 42 80 115 141 161 133 121 170 59 25 97 37 162 132 185 152 162 202 174
63 26 89 133 94 90 28 98 49 40 37 63 53 58 105 38 59 5 107 133 111 134 44 107 154 111 127 118 120 94 21 43 44 122 29 107 119 43 130 95 118 128 98 121 76 97 32 37 116 102 49 107 22 136 99 89 94 59 45 109 85 72 87 70 117 119 88 97 126 26 23 52 45 124 94 144 114 121 168 144
41 66 132 110 136 86 26 126 66 74 20 75 56 28 147 6 19 47 74 128 151 119 38 150 185 151 155 137 160 87 63 61 1 117 71 145 160 46 104 137 131 161 66 147 73 139 34 80 97 143 40 150 51 146 68 93 120 60 87 111 127 33 67 113 129 153 130 109 164 50 28 95 24 165 134 176 142 163 191 163
84 106 166 142 172 131 53 173 114 118 68 123 53 69 177 48 31 83 99 170 172 157 86 182 232 190 202 185 200 131 102 71 47 160 103 188 183 52 133 171 179 206 93 194 120 175 52 116 134 167 87 184 75 193 96 140 167 52 124 156 154 59 106 148 177 198 166 157 206 96 57 130 71 186 156 222 189 188 239 211
165 143 132 173 124 127 191 67 124 126 171 117 218 178 152 190 209 165 193 120 188 150 154 140 32 106 40 56 95 132 149 203 192 121 161 86 183 208 183 137 70 54 188 45 130 127 197 145 159 173 155 132 183 72 186 111 71 224 138 106 163 196 160 135 73 62 126 89 86 143 187 141 170 189 180 44 52 176 11 38
40 77 143 106 147 87 36 135 74 84 27 81 63 26 159 17 13 59 67 128 162 117 43 161 194 162 163 143 170 87 74 70 11 117 83 156 171 54 98 149 136 170 59 154 76 151 43 91 94 154 44 161 62 149 61 96 127 66 98 113 139 24 65 124 134 162 141 114 174 60 38 106 28 176 145 185 150 174 198 168
166 94 61 233 69 182 119 139 134 105 141 146 110 163 44 138 155 99 211 219 12 229 146 57 167 89 155 172 102 188 92 91 144 209 76 107 24 110 232 57 182 139 202 157 169 66 114 78 215 21 151 64 93 202 203 174 143 112 77 192 31 175 188 62 183 131 67 170 113 119 116 68 149 25 14 153 147 33 201 192
87 43 65 133 63 76 93 33 37 26 80 42 118 94 89 95 116 65 129 106 116 122 68 83 89 66 61 60 70 83 49 103 99 97 62 52 117 108 137 72 67 64 121 55 67 68 98 48 115 101 71 79 83 87 121 63 31 124 43 78 85 113 97 55 67 55 59 54 71 47 88 49 82 123 102 79 48 114 104 84
