150 60
235 54 399 285 186 470 137 137 238 382 162 177 392 328 78 119 114 360 331 130 144 294 143 422 130 290 71 143 189 253 127 219 288 390 218 204 357 231 85 260 74 265 357 242 93 140 411 83 83 278 383 72 212 201 373 100 282 154 198 175
33 41 36 31 47 30 44 36 16 27 15 19 16 25 10 24 28 21 11 36 39 31 11 44 36 24 11 29 43 20 32 27 45 40 49 48 24 37 19 25 18 34 34 28 17 15 15 27 20 49 24 41 50 24 40 33 24 23 48 18 18 45 32 33 14 21 37 36 34 41 36 27 36 35 25 32 49 43 22 31 19 42 47 11 31 49 27 21 38 45 44 16 48 18 35 30 18 12 37 37 13 36 30 14 14 24 30 36 34 43 11 39 27 15 39 40 10 21 37 25 29 47 17 42 38 45 27 23 46 30 46 33 38 25 22 28 35 17 39 19 17 16 38 42 17 10 27 41 45 28
462 106 462 364 186 495 176 224 452 392 185 231 412 428 106 122 200 425 387 227 237 378 165 441 234 346 119 274 323 397 149 308 298 396 221 369 399 364 114 267 117 486 367 467 119 209 477 130 112 338 497 117 240 302 396 109 399 245 268 320
139 60 88 150 139 92 101 140 131 55 132 31 19 125 141 109 88 120 136 100 75 119 103 31 115 122 112 92 96 143 160 139 38 111 91 36 110 37 79 94 132 124 72 92 96 87 91 24 77 57 105 27 97 123 142 107 64 60 98 142
99 65 47 63 63 29 43 100 70 55 47 80 98 29 53 110 65 21 33 88 47 122 35 89 18 110 117 13 60 47 77 56 106 49 15 73 66 72 27 43 74 105 108 18 23 18 14 119 30 89 18 86 101 136 51 72 43 58 24 47
148 43 15 112 37 73 8 149 120 75 35 90 105 79 103 150 106 43 56 129 28 163 16 102 41 153 156 50 104 95 126 106 121 98 53 86 113 66 56 88 124 150 136 38 30 51 50 107 60 114 68 76 139 175 47 118 48 84 71 50
99 78 58 53 62 38 52 100 67 68 46 93 112 20 44 115 72 19 23 93 60 127 43 102 19 113 122 28 65 36 67 48 119 50 29 87 68 86 41 49 72 108 118 32 34 33 29 134 44 100 22 101 108 142 46 76 57 70 31 41
138 13 16 116 67 64 29 139 115 52 62 62 76 83 106 131 90 59 74 112 7 144 34 74 54 138 137 46 91 102 130 108 93 91 48 58 102 36 43 77 119 136 112 36 34 43 46 78 46 89 67 46 120 155 73 105 26 63 65 75
118 27 24 98 70 44 33 119 95 37 61 54 70 65 88 114 71 48 65 94 14 127 32 65 43 119 120 27 71 84 111 89 84 71 29 48 82 36 23 57 99 117 98 21 23 24 27 83 26 76 48 50 103 138 70 85 10 46 46 70
91 70 86 108 131 55 95 91 85 26 119 20 31 89 100 64 40 98 112 52 74 76 93 18 94 76 68 66 50 105 117 97 28 67 64 20 63 47 53 52 86 77 36 73 80 62 66 72 49 14 71 54 52 83 126 59 52 21 62 124
81 60 62 76 99 18 67 82 62 19 85 44 62 52 67 75 32 62 75 55 53 89 63 51 58 80 82 30 33 69 87 65 66 39 27 38 45 51 19 22 65 78 67 40 48 27 30 93 15 48 34 64 65 101 91 47 32 17 25 88
28 114 115 64 142 52 117 29 31 67 127 81 93 68 62 35 25 99 106 17 107 46 111 80 97 30 42 76 22 72 67 55 84 33 72 78 15 100 71 38 29 26 60 88 96 74 75 134 67 58 62 112 33 61 129 8 86 56 56 124
132 9 30 117 82 61 43 133 112 41 75 48 60 85 107 121 81 68 84 103 18 133 46 59 63 128 127 48 84 105 130 108 78 88 49 44 96 21 40 72 115 127 98 41 42 44 47 65 42 76 67 32 109 143 86 98 20 52 64 87
38 107 110 71 140 49 113 39 40 58 125 71 83 70 67 32 16 98 106 11 101 45 108 70 95 33 40 72 18 76 75 61 74 35 69 68 19 92 65 35 38 30 50 84 92 70 72 124 61 47 61 102 27 59 128 10 80 47 54 124
86 85 101 112 146 65 110 86 86 41 133 33 37 98 106 53 41 111 124 45 89 63 108 26 107 66 56 79 51 112 119 101 25 71 77 34 63 62 66 59 85 69 21 87 94 75 78 80 62 2 81 67 41 69 140 57 67 34 72 138
43 128 135 95 168 77 140 42 61 78 153 83 89 98 93 4 41 127 135 18 125 16 135 78 124 14 11 99 46 103 96 86 74 63 96 82 46 109 91 63 58 19 42 111 119 97 99 132 87 52 89 117 11 30 157 37 103 67 82 152
123 73 47 75 38 57 36 124 91 79 22 102 120 44 67 137 93 6 14 115 54 149 28 113 10 136 144 38 87 57 89 72 131 74 41 96 91 88 51 70 96 131 135 33 29 42 39 135 55 115 44 102 128 163 24 98 60 84 51 20
14 131 127 51 147 63 127 15 19 86 131 103 116 67 52 51 46 103 106 39 121 58 120 103 102 39 57 86 39 64 49 45 107 37 82 99 25 120 84 50 14 32 82 98 106 86 85 156 81 81 68 132 53 73 131 27 102 76 64 125
68 125 109 4 109 60 103 69 38 97 94 121 139 33 11 103 75 69 64 85 109 113 95 127 71 94 110 70 65 16 16 14 138 44 69 116 56 125 78 59 42 88 123 80 84 74 71 171 78 114 50 140 101 127 89 65 99 92 55 82
138 62 33 95 25 67 20 140 108 81 14 100 117 63 86 147 103 24 34 126 43 160 15 112 24 148 154 45 99 77 109 91 131 89 48 95 105 81 55 82 113 145 140 34 26 48 45 126 59 119 58 93 138 173 25 111 57 87 63 27
126 68 93 141 143 85 105 126 120 48 134 23 5 119 133 93 76 119 134 86 80 103 106 18 114 107 96 89 85 136 151 130 23 101 87 29 98 42 75 85 121 110 56 91 96 84 88 39 73 42 100 37 82 107 144 94 64 51 92 143
146 6 27 127 76 74 40 147 124 56 73 61 72 94 117 136 96 71 86 118 19 148 45 72 66 143 141 57 98 113 141 118 91 101 59 58 110 32 52 85 128 142 113 48 46 54 56 68 55 91 77 39 124 158 84 112 33 67 75 86
75 120 102 12 101 58 96 76 44 95 85 120 137 27 11 108 77 61 56 89 103 118 88 126 63 100 115 65 66 9 25 18 138 45 64 114 59 122 74 58 48 93 125 74 78 69 66 168 74 114 46 137 105 133 81 68 94 91 52 74
74 137 120 15 116 73 114 75 47 110 101 134 151 45 23 112 87 78 71 95 120 121 105 139 80 102 119 82 76 26 14 26 150 56 81 128 67 138 91 71 50 95 135 91 95 86 83 184 91 126 63 153 111 135 96 75 111 105 68 89
87 84 66 43 74 31 62 88 55 66 58 91 109 9 34 105 63 31 34 83 67 117 53 99 30 102 112 30 55 28 57 37 115 39 29 85 57 88 41 40 60 97 110 38 42 34 30 135 42 94 15 103 98 131 58 65 60 65 24 52
83 83 98 108 141 60 106 83 82 37 129 32 39 93 101 52 37 107 119 43 86 63 104 27 102 65 56 75 47 107 115 96 29 67 72 33 59 60 62 54 81 67 24 82 90 70 74 81 58 3 76 66 40 70 135 53 64 29 67 133
60 101 110 94 148 59 116 60 64 51 134 55 63 87 89 29 25 109 119 19 99 42 112 51 105 41 35 79 34 97 99 83 51 55 76 54 42 81 69 47 63 42 26 89 98 76 78 106 64 25 74 89 17 52 139 34 77 40 65 135
99 52 68 105 114 48 77 100 87 11 103 14 33 82 97 79 46 84 99 64 55 91 76 23 80 89 84 53 53 99 115 94 41 66 51 9 67 31 39 50 89 89 55 57 64 48 52 66 36 33 62 41 67 100 111 65 34 16 54 110
118 26 25 98 72 45 34 119 95 35 63 52 68 66 89 113 70 50 66 93 15 126 34 63 45 118 119 29 71 86 112 89 82 72 30 47 82 34 23 57 99 116 96 23 25 25 28 81 26 74 49 48 102 137 72 85 9 45 46 72
65 76 78 70 112 23 83 66 50 30 98 50 66 54 63 60 16 73 83 39 70 73 78 54 69 64 67 43 17 68 79 59 65 30 40 45 31 64 34 15 52 61 57 54 63 40 42 103 30 42 38 77 50 86 103 31 49 21 29 99
62 121 107 4 110 55 102 64 32 92 95 115 133 31 7 97 68 69 66 78 106 106 94 121 70 88 103 67 58 17 17 8 132 37 65 110 49 121 74 52 36 81 116 77 82 70 68 166 73 107 47 135 94 121 91 58 95 87 51 84
108 34 36 92 80 36 43 109 86 26 69 46 63 62 82 102 59 52 68 82 26 115 42 57 47 108 108 25 60 81 105 82 75 63 25 40 72 34 15 47 89 106 87 24 30 20 24 82 16 65 43 49 91 126 77 75 6 35 38 76
131 57 83 141 134 84 96 132 123 46 126 23 13 117 133 102 80 113 129 92 70 112 97 24 108 115 105 84 88 134 152 130 34 103 83 28 102 32 71 86 124 117 66 85 89 79 83 31 69 50 97 25 90 117 136 98 57 52 90 136
161 79 50 113 1 91 38 162 130 105 17 123 139 83 105 172 127 44 46 150 63 185 38 135 46 173 179 69 123 94 126 110 154 112 73 118 128 101 80 106 135 168 164 59 51 72 70 143 84 144 81 112 163 198 23 135 80 112 87 29
144 8 37 130 88 74 51 144 124 50 84 51 60 98 120 130 92 79 95 113 27 142 55 62 74 138 135 61 95 118 143 121 80 101 62 49 108 21 53 84 127 137 104 54 54 57 60 56 55 82 80 26 118 151 95 109 33 61 77 96
77 141 124 20 119 78 118 78 51 115 104 139 156 49 28 116 91 82 74 99 125 124 109 144 84 105 122 87 81 30 17 31 155 61 86 133 71 143 96 76 54 98 139 96 100 91 88 189 95 130 67 158 115 139 98 80 116 110 73 91
69 79 71 48 93 11 71 71 42 47 78 72 90 26 39 81 38 50 58 59 67 93 64 79 48 79 88 29 31 41 60 38 92 19 26 66 35 76 31 15 46 75 85 41 49 30 29 121 30 70 13 91 73 107 80 42 51 44 8 75
64 131 116 7 117 65 111 65 36 101 102 125 142 41 17 101 76 77 72 84 116 110 103 130 78 91 108 77 66 24 8 17 140 46 75 120 56 131 84 62 39 84 124 87 92 80 77 175 83 115 56 145 100 125 97 64 105 96 61 90
148 27 10 120 54 73 20 150 123 67 52 78 91 86 110 145 102 56 70 125 17 158 28 90 52 150 151 52 102 104 134 113 109 100 55 74 112 51 53 87 127 148 127 40 35 51 52 90 57 105 73 60 134 169 64 116 40 77 73 67
75 137 120 16 116 74 114 76 48 111 101 135 152 45 24 113 88 78 71 96 121 122 105 140 81 103 120 83 77 26 15 27 151 57 82 129 68 139 91 72 51 96 136 92 96 87 83 184 91 127 63 153 112 136 95 76 112 106 69 88
124 36 61 124 111 66 73 124 110 31 103 20 30 97 115 102 71 90 106 88 48 114 74 30 85 113 107 63 77 116 136 114 48 88 62 19 91 11 50 71 112 113 73 62 66 58 62 45 49 52 78 16 90 122 113 89 35 40 71 113
49 137 125 20 131 68 121 50 27 102 115 124 140 51 27 90 71 89 86 75 123 97 113 128 90 78 96 84 61 38 11 23 137 45 82 120 49 134 89 62 29 71 116 95 101 87 84 176 88 111 63 148 90 112 112 57 110 95 65 105
70 131 143 120 182 93 150 69 87 83 168 79 80 119 117 23 57 143 153 39 132 24 146 71 140 39 20 113 65 126 122 111 61 85 110 80 69 108 103 80 84 45 27 123 132 110 112 122 98 47 107 113 23 24 173 60 109 73 99 169
29 120 123 75 152 62 126 29 41 71 137 82 93 79 73 25 29 110 116 11 114 35 120 80 107 20 31 85 30 83 76 66 81 44 81 80 26 104 79 47 38 17 53 97 105 83 84 135 75 56 72 115 24 50 139 18 93 60 66 134
85 82 97 109 141 61 106 85 83 36 129 30 36 94 102 54 39 107 120 45 85 65 103 25 102 67 58 75 49 108 117 98 27 68 72 31 61 59 62 55 83 69 25 82 90 71 74 79 58 3 77 65 42 72 136 55 63 29 68 133
160 85 56 109 6 92 43 161 128 108 16 127 144 80 101 173 128 43 42 151 68 185 41 139 45 172 180 71 123 90 122 107 158 111 74 122 128 107 82 106 133 168 167 61 54 74 71 149 86 146 80 118 164 199 17 135 84 115 87 24
100 85 104 126 151 76 114 100 100 46 140 30 27 110 119 64 55 120 133 59 92 73 113 20 115 78 66 88 65 124 133 115 11 85 85 34 77 60 74 71 100 81 26 94 101 83 87 69 70 16 92 62 53 77 147 71 71 42 83 146
88 67 54 58 75 17 53 89 59 47 60 72 91 26 48 97 53 34 44 75 52 110 46 81 30 97 104 13 47 45 71 49 97 38 11 66 53 69 22 30 64 93 96 24 31 16 13 116 23 78 8 84 88 123 64 60 41 48 11 60
94 65 81 108 127 54 90 95 87 22 116 15 28 89 101 69 43 96 110 57 69 81 89 16 91 80 74 64 52 104 118 97 30 68 61 14 65 42 50 52 88 81 42 69 76 59 63 68 46 20 70 49 57 89 123 62 47 19 61 121
39 106 101 42 122 37 101 40 16 64 106 84 100 44 38 59 30 78 83 39 95 70 94 87 77 54 66 59 20 48 48 32 96 11 56 80 10 97 58 25 18 48 77 71 79 59 59 137 55 70 42 110 56 85 107 19 77 56 38 101
24 130 124 40 140 61 123 25 11 89 124 108 122 59 42 63 51 97 98 49 119 70 116 109 96 51 69 82 42 54 37 35 115 34 79 103 29 122 83 50 7 45 92 94 102 83 82 161 80 89 63 135 64 85 123 33 102 80 61 117
117 78 52 68 44 54 42 119 85 79 28 103 121 38 60 133 90 7 9 111 59 145 34 113 12 132 140 37 83 50 82 65 131 69 40 97 86 91 51 67 90 127 133 35 32 42 38 138 55 114 40 105 125 159 28 94 62 83 48 23
115 27 30 98 77 42 39 116 93 30 67 47 64 67 88 108 66 53 69 89 19 121 39 59 48 114 114 29 67 86 111 89 78 69 30 42 79 31 21 54 96 112 91 25 29 25 28 79 23 69 48 46 97 132 76 81 4 40 45 76
72 107 91 18 95 45 86 74 40 82 79 107 125 16 9 101 66 53 50 80 91 111 78 113 54 94 108 53 56 7 32 15 126 35 52 101 51 109 62 46 45 88 115 62 67 57 54 155 62 103 33 124 96 126 76 60 82 79 39 69
67 83 74 44 94 15 73 69 39 52 78 76 94 23 35 81 40 51 57 59 70 93 66 82 49 79 88 32 32 37 56 33 96 17 29 70 34 80 35 17 43 75 88 44 52 33 32 125 34 73 13 95 74 108 80 42 55 48 11 75
48 130 138 101 173 82 144 48 67 81 158 84 89 104 99 2 46 132 140 24 128 12 139 78 129 18 6 104 51 109 102 92 73 69 101 83 52 111 95 68 64 24 39 115 124 102 103 132 91 52 95 118 12 25 162 43 106 70 87 157
149 57 28 108 23 76 16 151 120 84 21 102 117 75 99 155 111 37 47 134 41 168 18 113 36 158 162 53 108 90 122 103 133 99 57 97 115 79 62 91 124 154 145 41 33 55 54 121 66 123 69 90 145 181 33 121 59 92 73 37
141 26 55 136 106 78 68 142 126 47 101 39 44 107 127 122 89 93 109 107 43 133 72 48 88 132 126 70 94 126 149 126 64 103 70 38 108 13 59 86 128 132 92 66 67 65 69 39 60 71 88 8 110 141 111 107 40 57 82 113
96 54 68 102 114 45 77 97 84 9 102 17 35 79 93 77 43 83 97 61 56 89 76 25 78 86 82 51 50 96 112 91 42 63 49 12 64 34 37 46 85 86 54 56 63 46 50 69 34 32 59 44 65 98 110 62 34 12 51 108
133 38 65 134 116 76 77 134 120 40 109 26 30 107 125 110 80 98 114 97 52 121 80 34 93 121 114 72 87 125 146 124 50 98 71 27 101 14 59 81 122 122 78 70 73 67 71 35 59 59 87 8 98 128 119 99 42 49 81 120
55 107 96 21 107 39 93 57 23 74 91 98 115 25 15 83 51 64 65 63 93 93 85 103 64 76 90 54 40 24 32 10 114 20 52 92 34 104 59 35 28 70 100 66 72 57 55 148 58 89 34 119 79 108 90 43 80 69 35 84
98 45 57 96 102 38 65 99 82 4 90 26 45 71 87 84 46 71 86 67 45 97 64 36 66 92 90 40 50 89 108 86 54 60 38 20 64 31 26 43 85 91 65 44 51 35 39 73 24 43 51 44 73 107 98 64 23 16 44 97
70 98 111 104 152 65 118 70 74 50 138 49 55 95 99 35 33 114 125 30 99 46 115 43 110 49 39 83 43 106 109 93 40 64 80 49 52 77 71 55 73 51 16 92 100 79 82 98 67 17 80 83 24 54 144 45 77 40 71 140
93 75 57 53 68 29 52 94 62 61 52 86 104 19 43 108 64 24 31 86 57 120 44 95 22 106 115 22 58 37 67 46 111 44 22 80 61 80 34 41 67 101 109 28 33 26 22 128 36 92 14 95 100 134 53 69 52 62 23 48
81 70 60 55 83 10 59 82 53 45 67 70 89 26 45 90 46 40 50 68 56 103 52 78 37 90 97 18 40 44 68 45 93 31 15 64 46 70 23 23 57 86 91 30 38 20 18 116 23 73 6 85 82 116 70 52 43 44 4 66
81 103 118 117 161 77 126 81 87 57 148 50 51 108 112 41 46 125 137 41 106 49 124 42 121 56 42 93 56 119 122 106 33 77 90 52 66 80 81 67 86 60 4 102 110 89 93 93 77 19 92 84 31 53 154 58 84 49 83 151
107 36 34 89 76 34 40 108 84 30 64 50 68 57 79 103 60 47 63 83 25 116 38 61 42 108 110 20 60 76 102 79 80 61 21 45 71 39 12 46 88 106 90 19 25 16 19 87 15 69 39 54 93 128 72 74 10 38 35 71
119 59 34 79 44 48 26 120 89 65 29 87 105 45 69 128 83 12 28 106 40 141 18 98 8 129 135 26 79 62 93 73 116 69 29 82 85 73 38 62 94 125 123 18 14 30 27 120 42 103 38 87 119 154 36 92 45 71 43 34
100 66 85 116 132 62 95 101 94 28 121 13 21 96 108 72 50 102 116 61 72 83 94 8 97 84 76 70 59 112 125 105 23 76 68 15 72 42 56 60 95 86 41 75 82 65 69 62 53 20 77 47 60 90 129 68 52 27 69 127
65 77 75 61 105 13 77 66 45 36 90 58 75 43 53 67 23 64 73 45 67 80 72 64 60 69 74 36 19 57 71 50 76 22 32 53 29 68 31 5 47 65 68 48 56 34 36 110 27 53 28 82 58 93 94 33 48 29 19 90
32 125 129 82 160 69 133 31 48 75 145 85 93 87 80 17 35 117 124 13 120 27 127 81 115 13 24 92 37 91 83 73 80 52 88 83 34 108 85 54 45 12 50 104 112 90 91 136 81 56 80 118 19 42 147 26 98 64 73 142
28 117 113 44 133 49 113 29 10 74 117 93 108 53 42 56 37 89 92 38 107 65 106 95 88 47 62 71 28 53 46 35 101 23 68 89 14 108 70 36 9 41 80 83 91 71 71 146 67 75 53 121 54 80 117 20 89 65 50 111
136 5 28 120 79 65 41 137 115 45 74 52 64 87 110 125 86 68 84 107 16 138 45 63 63 133 131 50 88 107 133 110 82 91 51 48 100 24 43 76 118 132 103 42 42 46 49 66 45 81 70 34 114 148 84 102 23 56 67 86
121 52 77 130 127 72 88 121 112 35 118 12 13 106 121 94 69 103 119 83 64 105 89 16 98 106 98 74 77 123 140 119 33 91 73 16 91 27 60 74 113 108 61 75 80 69 73 42 58 42 86 26 82 111 127 88 48 40 78 127
120 37 60 121 110 62 72 121 107 27 102 18 30 94 112 100 67 88 104 85 47 111 73 29 83 110 104 60 74 112 132 110 48 85 59 16 87 12 47 67 109 110 71 60 64 55 59 48 46 50 74 20 88 119 111 86 32 36 68 111
138 83 54 87 25 74 41 140 107 95 11 117 135 59 79 154 110 24 20 132 64 166 35 128 27 153 161 55 104 69 100 85 146 90 58 111 108 100 68 87 112 148 152 48 42 59 56 146 72 132 61 113 146 180 6 115 74 100 68 6
58 151 160 117 195 103 165 57 84 101 180 102 105 123 116 23 67 153 161 45 149 10 160 95 150 28 16 125 72 127 116 109 87 89 122 102 71 130 117 89 80 35 52 137 145 123 125 147 113 70 116 136 33 6 183 62 127 90 108 178
129 15 38 118 89 60 50 130 110 35 82 40 52 87 108 115 77 72 89 98 25 127 53 51 67 123 121 50 81 106 130 108 70 86 50 36 93 13 40 70 113 122 91 45 47 45 49 59 41 69 68 26 103 137 92 94 20 47 64 93
66 87 96 90 135 48 103 66 63 37 121 44 55 78 84 43 18 97 108 27 86 55 99 43 93 52 48 66 29 90 97 79 47 49 63 42 40 68 55 38 63 52 33 76 84 63 65 97 51 21 63 77 31 66 127 35 63 26 54 123
105 36 39 91 83 34 47 106 84 22 71 43 61 61 81 98 56 54 69 79 29 111 45 54 49 104 105 25 57 80 103 81 73 60 25 37 69 34 13 44 87 102 83 26 32 20 24 82 14 62 42 49 87 123 80 71 8 31 37 79
85 56 59 79 97 21 65 86 66 16 84 41 59 55 70 78 35 62 75 58 50 91 61 49 57 83 85 30 37 72 91 69 65 43 27 35 49 47 17 26 69 81 68 38 46 25 29 90 13 48 35 60 68 103 90 51 28 16 27 88
115 54 31 79 50 42 26 117 86 58 36 80 98 45 69 123 78 18 34 101 35 135 18 91 13 124 130 20 74 63 93 72 109 65 23 75 81 66 31 57 91 120 116 11 8 23 21 114 35 96 35 80 113 149 43 87 38 64 39 41
72 71 76 79 114 28 82 73 59 22 100 41 57 61 72 61 20 76 88 42 66 74 78 45 72 67 68 45 25 76 89 68 57 39 42 36 39 56 34 23 61 66 53 55 63 41 44 94 30 35 44 68 50 86 106 38 44 13 35 102
74 96 81 29 89 34 76 75 41 71 72 96 114 7 19 97 59 45 46 75 80 108 68 103 45 92 104 41 49 17 43 22 116 30 40 90 47 97 50 37 46 86 107 51 56 45 42 143 50 94 21 112 91 123 71 56 70 68 27 65
101 79 98 124 145 73 108 102 99 41 134 24 22 107 117 68 54 115 129 61 85 77 107 13 110 82 71 83 64 122 132 113 11 83 81 28 77 54 69 69 99 84 31 88 95 78 82 65 66 17 88 56 56 82 142 71 65 38 80 140
113 61 39 73 49 42 32 114 83 63 34 86 104 39 63 123 79 11 27 101 43 136 23 96 6 123 130 22 74 56 87 67 114 63 25 80 79 73 35 57 88 119 119 17 16 26 23 121 39 99 32 88 114 149 39 86 45 68 38 36
82 97 79 31 82 40 74 83 49 76 66 101 120 5 22 106 67 40 38 84 80 117 65 109 41 101 113 43 58 15 45 27 123 38 42 95 56 100 53 45 54 95 116 51 55 47 43 147 54 101 25 115 100 132 64 65 72 74 33 58
80 67 59 60 86 5 60 81 54 38 71 63 82 33 50 86 41 45 56 64 54 98 54 71 42 87 93 18 37 50 72 50 86 31 15 57 44 64 18 20 58 83 84 31 39 18 18 110 17 67 13 79 77 112 75 50 39 37 6 72
112 92 68 57 55 57 58 113 79 88 40 113 131 32 50 133 91 22 10 111 73 145 50 122 26 129 140 47 84 39 70 56 139 66 48 107 84 104 61 68 84 124 138 47 47 52 48 151 63 120 42 118 126 159 35 93 75 90 51 28
77 88 101 105 144 60 109 78 78 40 131 38 45 92 98 46 33 108 120 37 89 57 106 33 103 59 50 76 44 105 111 94 33 64 73 38 55 66 64 52 77 61 21 84 92 72 75 87 60 7 76 72 34 65 137 49 67 31 67 134
67 74 75 67 107 17 78 68 49 31 93 52 69 49 59 65 20 67 78 43 66 78 73 57 64 68 72 38 19 63 77 56 70 28 35 47 31 64 30 11 51 65 63 49 58 36 38 104 27 47 33 77 55 91 97 33 46 23 24 94
117 28 46 111 96 52 57 118 100 23 87 29 44 82 101 102 65 73 89 85 33 115 58 41 68 111 108 46 69 101 123 100 60 77 46 25 82 13 34 60 103 110 79 45 49 41 45 61 34 57 62 28 91 124 96 83 17 34 57 96
106 107 83 47 69 63 74 108 74 97 55 122 141 31 41 132 94 37 25 111 88 144 65 131 41 127 140 57 85 29 59 48 147 65 58 116 83 116 71 71 79 121 142 60 61 62 58 164 73 126 47 131 127 158 48 92 87 97 56 41
100 43 41 83 80 27 46 101 77 26 68 49 67 53 74 97 53 48 63 76 32 110 43 59 43 101 103 18 53 72 96 74 77 54 17 43 64 42 6 39 81 99 85 21 29 13 17 89 8 64 34 57 86 122 75 67 15 32 30 73
109 67 89 126 137 71 99 110 104 36 127 13 12 105 118 79 59 109 124 70 76 89 99 2 104 92 82 78 69 122 135 115 17 86 76 19 82 42 64 70 105 94 44 82 88 73 77 54 61 26 86 43 67 95 136 78 57 36 78 134
47 121 110 17 120 52 107 49 16 86 104 108 125 38 18 82 57 77 76 64 107 91 99 112 77 72 88 68 47 30 21 11 122 28 66 103 36 117 73 45 21 66 104 80 86 71 69 160 71 96 48 131 80 106 102 44 93 79 49 95
111 71 48 66 50 45 40 112 80 70 34 94 112 33 57 125 81 6 18 103 52 137 31 104 6 124 132 28 75 49 80 61 122 62 31 88 79 83 42 58 85 119 124 27 26 33 29 131 45 105 32 97 117 151 35 86 54 74 39 31
54 98 89 34 106 28 88 55 24 62 90 85 102 28 27 75 39 63 67 54 85 86 80 90 61 70 82 47 29 34 44 23 101 8 44 80 25 93 49 22 29 65 88 59 66 48 47 137 48 77 27 107 70 101 91 34 70 56 26 85
98 103 81 40 72 55 72 100 66 90 57 115 134 23 34 124 85 36 27 103 84 135 64 124 39 119 131 51 76 22 53 41 139 57 52 109 74 110 64 63 71 113 133 56 57 56 52 158 66 118 39 125 118 150 52 83 81 90 48 45
27 134 127 37 141 65 126 28 14 93 125 113 127 59 40 68 57 98 98 55 123 75 118 115 97 56 74 85 48 52 33 34 121 38 82 109 34 127 86 54 12 49 98 97 104 86 85 166 84 95 65 140 70 89 123 39 106 85 64 117
49 118 107 17 117 49 104 50 17 84 101 106 123 35 16 82 56 74 73 64 104 91 96 110 74 73 89 66 45 28 23 9 120 26 63 101 35 115 70 43 22 67 103 77 83 68 66 158 68 95 45 129 80 106 99 44 90 77 46 93
97 49 62 99 107 41 70 98 83 4 96 22 40 74 90 81 45 76 91 64 50 94 69 31 72 90 87 45 50 92 110 88 49 61 43 16 64 31 31 44 85 89 60 49 56 40 44 71 28 38 55 43 69 103 103 63 28 13 47 102
41 133 140 96 173 82 145 40 62 84 158 89 95 101 95 6 46 131 138 23 130 13 140 84 128 10 10 104 50 105 96 88 80 66 101 88 48 115 96 67 59 16 47 116 124 102 104 138 92 58 93 123 17 27 161 40 108 73 86 156
27 135 128 38 142 66 127 28 15 94 126 114 128 60 41 68 57 99 99 56 124 75 119 115 98 56 74 86 49 53 33 34 122 39 83 110 35 128 87 55 13 49 98 98 105 87 86 167 85 95 66 141 70 89 124 40 107 86 65 118
31 129 121 32 135 59 119 33 9 89 119 109 124 53 35 70 54 91 92 55 117 78 112 112 91 59 76 79 45 47 30 28 119 33 76 105 31 122 81 49 9 52 97 91 98 80 79 162 79 93 59 136 70 92 117 38 101 81 58 111
14 138 133 50 151 70 133 15 22 94 135 112 125 70 53 57 54 108 109 47 128 63 126 112 107 44 63 92 47 65 46 46 116 43 88 108 34 128 91 57 17 37 90 104 112 92 92 165 88 90 73 141 60 77 134 36 110 85 70 128
153 61 32 110 19 80 20 154 123 89 20 106 122 78 101 159 115 39 47 138 45 172 22 118 38 161 166 57 112 92 124 106 137 103 60 101 119 84 66 95 127 158 149 45 37 59 57 125 70 128 72 94 150 185 31 125 63 97 76 36
56 95 86 36 104 25 85 58 27 59 88 83 100 27 29 75 38 61 65 54 82 87 78 88 59 71 82 44 28 35 47 25 99 8 41 77 26 90 46 20 31 66 87 56 64 45 44 134 44 75 25 104 70 101 89 34 66 54 23 84
155 47 77 156 127 98 90 156 143 63 122 46 42 128 147 129 102 115 131 118 66 140 94 51 110 142 133 92 109 147 168 146 62 121 92 49 123 33 80 103 145 143 95 88 90 87 91 17 80 77 108 18 117 145 133 121 62 72 103 135
86 86 102 113 146 66 111 87 87 42 134 34 37 99 107 53 42 112 125 46 90 63 109 26 108 66 56 80 52 113 120 102 24 72 77 35 64 63 67 60 86 69 20 88 95 76 79 80 63 3 82 67 41 69 141 58 68 35 73 139
114 58 35 75 50 42 29 115 84 60 35 83 101 41 66 122 78 14 30 101 39 135 21 94 9 123 129 20 73 59 89 69 112 64 24 77 80 70 33 56 89 119 117 14 12 24 21 117 37 97 33 84 113 148 41 86 42 66 38 39
101 76 55 56 60 38 49 102 69 67 44 92 110 23 47 116 73 16 23 94 57 129 40 101 16 115 123 26 66 39 70 51 118 52 27 86 69 84 40 50 74 110 118 29 31 31 27 132 42 100 23 99 108 143 45 77 55 69 31 40
143 47 75 147 126 88 88 144 132 53 120 34 30 120 138 117 91 110 127 106 63 128 91 39 105 130 121 85 98 138 158 136 51 110 84 37 112 26 72 93 134 131 83 83 85 80 84 22 72 65 100 13 105 134 131 110 55 61 94 132
71 81 91 91 131 45 98 71 66 31 117 39 51 77 84 49 21 94 105 33 80 61 94 38 89 58 54 62 31 90 98 80 45 50 59 36 43 62 51 37 66 58 35 71 80 59 61 92 46 20 61 71 37 72 123 38 57 21 52 120
91 74 90 110 136 59 99 91 87 30 124 22 30 93 103 62 42 103 116 52 78 73 98 17 98 74 66 71 51 108 119 99 25 70 68 23 64 51 57 55 87 76 32 77 85 66 70 72 54 11 75 56 50 80 131 60 56 25 66 129
40 101 99 53 125 36 101 41 25 57 109 76 91 51 48 51 20 82 88 30 92 63 95 78 79 48 59 59 11 57 58 42 85 16 55 72 4 91 55 21 26 43 67 71 79 58 59 129 52 60 44 103 46 78 111 11 73 48 38 106
75 78 67 47 86 15 66 77 46 51 70 77 95 20 37 89 46 43 50 67 64 101 58 84 40 87 96 25 39 37 60 37 98 25 23 71 42 78 31 23 51 82 93 37 44 28 25 124 30 77 5 93 81 115 72 50 51 49 8 67
90 118 98 27 90 63 90 91 58 100 75 125 143 29 25 121 87 54 45 101 101 131 82 132 57 114 128 65 77 14 38 32 146 56 65 119 72 124 76 67 63 107 136 72 74 70 66 171 77 123 49 139 117 146 69 81 95 98 56 62
85 77 91 106 135 56 100 85 81 31 123 27 36 89 99 57 36 101 114 46 79 68 98 23 97 69 61 69 46 104 114 95 30 65 66 27 59 54 56 51 81 70 30 76 84 65 68 78 52 9 72 61 45 76 130 54 57 23 63 127
153 74 45 106 8 84 32 155 122 97 10 117 133 75 98 164 120 37 40 142 57 177 31 128 38 165 171 62 115 88 120 103 147 104 65 111 121 96 72 98 127 161 157 52 44 65 62 138 77 136 73 107 155 190 19 127 73 105 79 25
60 122 133 108 171 81 139 60 75 73 156 73 76 106 105 16 45 131 141 27 122 23 135 66 127 32 16 101 53 114 111 98 59 72 98 73 56 101 91 68 73 37 25 112 120 98 101 119 87 40 95 107 11 30 161 47 99 62 87 157
23 121 117 46 137 53 117 25 12 77 121 95 109 57 46 53 38 94 97 37 111 62 110 97 92 44 60 75 30 57 47 38 102 27 72 91 17 111 74 40 9 37 79 88 96 76 75 149 71 76 58 124 53 77 121 21 93 68 54 116
134 85 57 81 31 71 45 135 102 95 17 117 135 54 74 151 107 22 15 129 66 163 38 128 26 149 158 53 101 63 95 80 146 86 56 112 104 102 67 84 107 144 150 48 43 58 54 148 71 131 58 116 143 177 11 112 75 99 65 5
56 116 126 101 164 73 132 56 68 67 149 69 74 99 97 15 37 123 133 20 116 26 128 63 120 30 19 94 45 107 104 91 59 65 91 69 49 96 84 60 66 34 26 105 113 91 93 117 80 37 87 103 5 36 153 40 93 56 79 149
64 78 75 59 104 13 77 65 43 38 89 61 78 41 51 68 24 63 72 46 68 81 72 66 59 69 75 36 19 55 69 47 78 20 32 55 28 70 31 3 46 65 70 48 56 35 35 112 28 55 26 84 59 94 93 32 49 32 18 88
45 116 123 90 158 67 128 45 57 66 143 72 80 90 87 14 30 117 125 9 113 27 123 68 113 23 21 89 36 96 93 80 66 55 85 71 39 97 80 53 55 25 36 100 108 86 88 123 76 42 80 106 7 40 146 29 91 55 72 142
41 131 121 23 131 61 118 42 17 94 115 115 131 49 28 80 61 88 87 65 118 88 110 118 88 69 86 79 51 40 20 22 126 36 76 111 39 126 83 53 18 62 106 91 97 81 79 168 81 100 58 140 80 102 112 46 103 86 59 106
89 100 117 123 162 80 126 89 95 57 149 46 44 112 118 49 52 127 140 49 105 57 124 36 123 65 51 95 62 124 129 113 25 83 92 49 72 76 82 72 93 69 9 103 111 91 94 86 78 18 96 79 39 60 156 65 83 50 87 153
13 134 130 51 149 66 130 14 20 89 133 107 120 68 53 54 49 105 107 43 124 60 123 107 104 41 59 88 42 65 48 45 111 40 85 103 29 123 87 53 15 34 85 100 108 88 88 160 84 85 70 136 56 74 132 31 105 80 67 126
68 119 131 113 171 82 138 67 81 70 157 68 70 109 109 23 47 132 142 32 120 30 134 60 128 40 24 102 56 118 116 103 52 76 98 69 61 96 91 70 78 45 18 111 120 98 101 113 86 35 97 102 17 35 162 52 97 60 88 158
61 81 79 59 108 16 81 62 41 39 93 61 78 43 51 64 21 66 75 42 71 77 75 66 63 65 72 39 15 56 68 48 77 19 36 56 25 72 35 3 44 62 68 51 60 38 39 113 31 54 30 85 56 91 96 29 52 32 21 92
98 69 87 115 133 61 96 98 92 29 122 16 24 95 107 69 47 102 117 59 74 80 95 11 98 81 73 71 57 111 123 103 23 74 68 17 70 45 57 59 93 83 38 76 83 66 70 65 53 17 77 50 57 87 130 66 53 26 68 128
83 112 93 23 90 54 86 85 51 91 74 116 134 21 18 113 78 51 44 93 95 123 78 123 53 106 120 58 68 6 36 25 137 47 57 110 63 116 68 58 56 100 127 65 69 62 59 163 69 114 40 131 109 138 70 73 88 89 48 63
127 14 32 113 82 57 44 128 107 36 75 44 58 82 103 116 76 66 82 98 19 129 46 56 61 124 122 44 79 101 126 103 75 83 45 40 91 20 36 67 110 122 94 39 40 40 43 66 37 72 63 33 104 139 85 93 15 47 59 86
102 39 46 93 90 34 54 103 83 15 79 36 54 65 83 93 52 61 76 74 35 106 52 47 56 99 99 31 54 83 105 83 65 60 30 30 67 31 17 43 86 98 76 33 40 26 30 77 16 54 45 46 81 116 87 68 13 24 39 86
52 139 127 20 131 71 123 53 30 105 116 127 143 52 28 93 74 90 86 78 125 100 114 131 91 81 99 86 64 38 9 25 140 47 84 122 52 136 91 64 32 74 120 97 103 89 86 179 90 114 65 150 93 115 112 60 112 98 68 105
70 111 124 111 165 77 132 70 80 64 151 61 63 106 107 28 43 127 137 32 113 36 128 53 123 44 30 96 52 115 116 101 46 73 93 61 59 89 85 66 78 48 12 105 114 92 95 106 80 28 92 95 19 42 156 51 90 54 83 153
130 60 86 142 136 84 98 131 123 47 128 23 11 118 133 100 79 115 130 91 73 110 100 22 110 114 103 86 87 135 152 131 32 103 84 28 101 34 72 86 124 115 64 86 91 81 85 33 70 48 98 28 89 115 138 98 59 52 90 138
50 115 123 94 159 68 129 50 61 65 144 70 77 92 91 15 32 118 127 13 113 27 124 65 115 26 21 90 39 100 97 84 63 58 86 69 42 96 81 55 59 29 32 101 109 87 89 120 76 39 82 104 4 39 148 33 91 54 74 144
61 100 110 95 148 59 116 61 65 51 134 54 62 88 90 30 25 109 120 21 99 42 112 50 106 42 35 79 35 98 100 85 49 56 76 53 43 80 69 48 64 44 25 89 98 76 78 104 64 24 74 88 18 52 139 35 77 40 66 136
142 12 18 120 68 68 31 143 119 55 64 64 77 87 110 135 93 62 77 116 11 147 36 75 57 141 141 50 95 106 134 112 94 96 52 60 106 37 47 81 123 139 114 40 38 48 50 76 50 92 71 46 123 158 75 109 30 66 69 77
141 18 47 132 98 75 60 142 123 46 93 42 50 102 123 124 88 86 102 108 36 136 64 53 81 133 129 64 93 121 145 123 70 100 65 41 106 13 55 84 126 133 96 59 60 60 64 47 56 75 83 16 112 144 104 106 35 57 78 105
91 74 91 111 136 60 100 92 87 31 125 22 30 94 104 62 43 104 117 52 79 73 98 17 99 75 66 72 52 109 120 100 24 71 69 23 65 51 58 56 88 76 32 78 85 67 71 72 55 10 76 57 50 80 132 60 57 26 67 130
108 91 67 54 58 54 58 110 76 85 42 110 129 28 47 129 88 22 12 108 72 141 50 119 25 126 137 44 80 36 68 53 136 63 46 104 81 102 58 65 81 121 134 46 45 49 45 149 60 117 38 116 123 156 38 89 73 87 47 31
128 18 41 119 92 61 54 129 110 34 85 37 49 88 109 113 76 75 91 97 28 126 56 48 70 122 119 51 80 107 131 109 67 87 52 34 93 10 41 70 113 121 89 47 50 47 50 57 42 67 69 23 101 135 95 94 21 45 65 96
65 80 87 81 124 36 93 66 57 31 110 45 59 67 74 51 13 85 97 32 77 64 88 46 82 57 57 55 21 80 89 70 55 40 52 41 35 64 45 27 57 56 44 65 74 52 54 98 40 30 52 75 40 75 115 31 55 20 43 112
75 81 92 96 134 50 100 75 71 32 121 36 46 82 90 50 26 97 109 36 81 62 97 34 93 60 55 66 36 95 104 85 39 55 63 34 48 61 54 42 71 61 31 74 82 62 65 88 49 14 66 69 38 71 127 43 59 22 57 124
57 95 86 36 104 25 85 58 27 60 88 84 101 26 28 76 39 60 64 55 82 87 77 89 59 72 83 44 29 34 46 24 100 9 41 78 27 91 46 21 32 67 88 56 63 45 44 134 45 76 25 105 71 102 88 35 67 55 23 83
114 80 102 137 151 84 113 115 113 50 141 28 15 118 129 79 68 123 138 74 89 88 114 16 119 94 81 92 78 134 145 126 6 96 90 33 90 54 78 81 113 97 40 96 102 87 91 55 75 30 99 52 68 91 150 85 71 49 91 149
77 86 71 39 84 25 68 78 46 62 68 87 105 9 29 95 54 40 44 73 70 107 60 94 39 92 102 31 46 27 53 31 109 29 30 81 47 87 40 32 51 87 102 41 47 35 32 134 40 87 11 102 89 121 68 55 60 60 18 62
78 66 62 64 92 5 64 79 54 32 77 57 75 39 55 80 35 52 63 58 55 93 58 65 48 82 87 23 32 56 75 53 80 31 19 51 42 61 18 16 58 79 77 34 43 21 22 106 15 60 20 75 71 106 82 46 37 30 11 78
51 93 88 47 112 24 89 53 28 52 96 74 91 38 40 64 26 68 75 42 82 76 82 78 66 62 71 47 16 47 55 35 89 6 43 69 17 85 45 12 31 57 75 59 67 47 46 126 42 64 31 99 58 90 98 24 64 45 26 93
73 89 101 100 142 57 108 73 73 40 129 41 49 88 94 43 28 105 117 33 89 55 105 37 101 55 48 74 39 100 107 89 38 59 71 40 50 68 62 48 72 57 23 83 91 70 73 91 58 12 73 75 31 63 135 44 67 30 64 132
