250 50
293 293 298 176 205 159 110 201 146 200 208 119 237 371 137 199 346 110 236 143 352 258 157 155 283 65 180 170 265 205 71 144 85 205 239 232 321 72 102 276 249 131 116 162 58 102 148 249 294 170
22 21 14 26 43 10 39 16 14 41 27 13 39 16 10 21 30 49 20 27 30 28 42 29 12 14 15 12 50 37 19 15 18 23 50 11 43 43 17 17 45 13 15 48 23 28 38 14 31 19 49 30 23 21 37 29 41 10 45 40 19 50 23 20 14 21 17 46 33 36 20 16 29 32 27 46 49 10 20 39 19 48 33 15 36 34 49 35 25 31 29 32 26 36 39 23 24 36 10 49 30 35 15 49 21 13 16 35 35 40 11 16 25 37 50 23 38 29 14 45 43 31 24 47 23 34 16 24 39 24 42 29 27 31 49 48 48 24 34 45 50 22 37 31 20 38 23 10 36 39 43 10 42 47 20 37 10 29 32 43 27 39 28 15 20 32 24 22 14 29 38 24 10 34 46 11 14 41 50 40 47 39 17 27 24 34 17 38 45 25 33 20 17 45 38 41 20 16 50 31 16 44 21 44 49 13 45 49 32 46 11 50 46 17 32 36 29 46 37 16 17 40 48 50 39 10 10 17 36 17 30 27 36 49 21 21 38 26 20 44 27 48 32 22 43 35 21 15 21 42
436 372 385 306 218 238 115 321 197 366 253 169 467 479 191 286 361 174 392 261 471 325 209 181 363 120 181 334 465 206 133 276 138 323 320 424 468 113 127 447 407 183 122 182 116 121 213 255 364 239
135 138 55 85 210 193 135 140 86 15 195 170 11 116 45 128 115 66 107 184 191 206 27 237 260 54 25 47 257 230 134 267 203 208 43 51 112 64 103 225 176 280 83 214 279 58 132 64 58 263
196 105 70 151 158 192 148 177 120 65 179 141 62 132 58 97 127 65 140 235 211 185 62 265 261 100 51 101 271 183 91 269 227 192 48 37 122 23 146 181 204 291 105 178 280 44 76 129 66 280
194 55 65 159 112 149 116 157 108 100 132 91 90 104 62 48 97 51 122 223 177 136 78 234 217 102 75 107 233 135 41 225 196 144 94 84 92 39 134 131 176 251 87 128 236 93 32 139 58 243
84 164 141 116 234 104 77 34 92 188 139 161 176 84 154 161 92 146 71 53 51 156 159 68 135 120 172 127 104 232 181 138 45 144 212 215 96 188 70 221 27 128 106 195 148 225 206 124 145 104
180 152 181 201 192 52 96 113 148 243 85 128 229 115 195 154 117 178 129 148 49 96 208 68 37 180 219 190 36 178 172 40 55 81 260 258 121 217 142 167 74 52 148 140 52 269 201 201 182 49
109 110 26 69 189 149 90 97 41 59 156 137 45 71 31 101 72 40 62 149 146 168 28 193 216 13 42 17 211 205 112 222 158 168 81 85 68 68 62 197 132 234 39 183 234 94 121 49 33 218
128 83 89 127 153 55 8 62 62 151 73 81 136 24 103 80 24 86 50 129 63 89 115 119 121 91 127 102 123 155 100 128 81 83 167 166 28 126 67 144 63 144 56 121 140 176 127 120 89 131
226 188 228 250 212 91 144 161 197 291 112 158 276 163 242 192 164 224 178 188 97 117 255 95 23 229 266 239 45 192 208 14 98 103 306 303 168 261 191 182 121 32 196 157 9 314 237 250 228 54
119 139 53 69 215 186 126 126 74 31 191 169 24 107 47 130 108 66 95 169 180 203 30 225 252 42 35 33 246 233 137 259 191 204 59 67 105 74 90 227 164 269 75 214 271 74 139 48 58 252
268 86 172 254 35 123 149 204 186 226 84 62 214 155 178 95 147 158 186 270 179 70 196 228 159 201 198 210 200 13 90 167 198 85 223 214 146 168 203 2 195 207 167 26 173 222 104 240 167 214
273 82 167 254 11 139 157 213 187 217 101 69 205 160 172 91 151 153 190 279 194 89 189 245 181 199 190 208 220 20 81 189 213 104 211 201 150 157 207 24 207 228 168 46 196 209 89 238 162 233
31 225 162 77 304 197 149 96 120 176 227 236 169 144 170 218 152 174 113 58 151 244 163 157 236 126 175 124 201 310 236 238 145 235 205 213 154 207 97 300 126 224 141 277 248 220 253 98 168 199
221 158 205 238 180 66 125 152 179 269 81 127 254 143 219 163 143 199 163 190 90 85 233 106 11 210 243 221 62 160 178 19 98 71 282 279 146 235 177 149 115 60 175 124 26 289 206 236 204 74
149 133 56 99 203 196 140 149 94 9 195 167 8 121 43 124 119 64 115 197 198 205 28 246 264 64 19 58 263 224 127 271 211 208 30 37 115 53 114 219 185 286 88 210 283 44 123 78 58 270
214 51 87 181 91 151 127 173 126 122 128 84 113 118 85 48 109 73 139 239 186 129 101 242 216 123 97 130 237 116 31 224 205 140 114 103 105 61 152 114 187 254 105 114 235 111 9 161 80 248
120 153 151 147 215 74 71 58 107 206 113 142 192 86 165 152 92 153 86 88 17 128 174 47 98 139 186 147 70 209 172 100 11 115 228 229 96 195 92 197 17 94 115 171 111 239 199 151 153 73
83 111 61 70 191 111 50 46 11 109 129 125 96 35 73 104 42 68 11 107 97 144 78 142 173 42 92 51 163 199 121 178 107 140 132 135 42 109 18 190 81 186 29 170 191 144 140 63 65 168
64 160 81 14 241 174 113 89 60 86 191 182 79 98 84 152 103 95 71 116 152 205 75 186 233 45 86 38 216 254 165 238 158 202 115 123 101 120 57 245 131 241 76 228 250 130 176 8 87 220
99 126 42 55 206 161 101 99 47 56 170 153 45 82 44 118 84 57 67 144 153 183 35 197 227 15 47 6 219 221 129 233 163 183 82 88 81 80 62 214 136 242 51 199 245 96 137 34 48 224
124 172 168 156 232 90 90 70 122 221 129 161 208 104 182 171 110 170 101 83 34 144 190 30 102 153 203 161 64 226 191 102 14 130 244 245 115 213 105 214 32 88 132 187 112 255 218 162 171 64
254 86 170 245 62 98 133 187 175 228 59 54 215 141 178 95 134 157 172 250 155 44 196 202 130 195 200 205 172 41 97 138 174 58 229 221 134 174 190 30 172 178 159 10 144 230 117 232 165 185
193 110 158 201 143 21 82 122 137 222 36 81 208 100 171 114 98 152 124 174 72 47 187 113 55 167 196 178 85 130 130 64 88 32 234 231 101 186 140 118 94 96 131 91 74 241 159 196 157 98
218 56 89 184 93 156 132 177 130 122 133 89 113 122 87 53 114 76 144 244 191 134 102 248 221 126 98 132 243 119 36 230 210 145 112 101 110 61 156 117 192 259 109 118 240 109 11 164 83 254
195 21 99 178 80 82 80 135 110 159 57 17 145 81 108 28 73 87 112 203 126 60 126 182 145 126 131 136 170 87 40 153 147 69 162 155 72 108 129 78 135 184 92 62 163 165 69 164 95 181
182 155 185 204 195 55 100 115 151 247 88 131 232 119 199 158 121 182 133 149 51 99 211 67 36 183 223 193 33 181 176 38 56 83 263 262 125 221 145 169 76 49 152 143 49 272 205 204 185 46
160 69 30 124 141 144 98 130 76 73 136 104 61 83 27 60 77 18 94 193 161 144 44 215 213 66 45 72 222 161 64 221 178 149 76 71 72 27 103 155 155 242 58 146 232 81 67 104 23 231
82 148 124 107 219 95 61 20 76 173 128 147 160 67 138 144 76 129 54 64 49 145 143 79 135 105 157 112 109 219 164 138 50 135 197 199 79 171 56 208 24 134 89 183 149 209 189 113 128 112
182 71 51 144 132 157 117 152 99 79 145 107 70 103 45 63 96 40 116 215 180 150 59 235 226 87 55 92 238 155 59 234 197 157 74 66 92 19 125 151 175 258 80 146 245 75 52 123 45 248
200 11 97 181 74 96 90 144 114 153 70 27 140 88 104 20 80 83 118 212 139 72 122 195 159 126 125 135 183 85 27 167 159 81 154 147 78 99 134 77 146 198 94 66 177 156 55 165 92 195
73 143 64 30 224 161 100 83 45 79 176 165 69 83 69 135 87 78 59 121 143 190 61 182 222 28 73 22 209 237 148 228 151 187 107 113 86 106 48 228 124 233 59 211 240 121 159 14 71 213
196 23 101 180 79 81 81 136 112 161 55 15 147 83 110 30 74 89 113 204 127 58 128 182 144 127 133 138 169 85 41 152 147 67 164 157 73 110 130 76 135 184 93 60 162 167 70 166 97 181
119 121 35 73 198 169 110 116 61 38 173 151 25 91 31 112 91 49 82 164 166 185 16 213 236 30 27 25 232 216 121 243 178 186 63 68 88 62 80 209 152 255 59 196 255 77 124 51 40 238
197 134 177 211 165 37 96 127 151 240 60 105 226 115 190 138 114 171 135 171 68 68 205 98 33 182 215 192 64 149 154 40 80 53 254 251 118 207 150 138 93 72 147 111 52 261 183 208 176 77
135 181 181 169 238 94 101 83 136 235 133 167 221 116 195 181 122 183 114 91 41 147 203 17 96 167 216 175 54 230 200 96 21 133 257 258 126 225 119 218 45 77 145 191 104 268 228 176 183 52
156 120 49 108 189 188 134 149 93 23 185 155 17 116 35 111 113 55 114 201 194 194 25 244 257 65 12 62 259 210 113 264 208 198 30 32 109 38 115 205 183 281 84 197 276 41 109 86 49 266
195 177 206 220 213 76 121 131 171 267 107 151 253 139 220 179 141 203 151 156 67 116 232 64 34 203 244 213 17 197 197 31 66 101 284 283 146 242 162 186 90 27 172 159 39 293 226 222 206 30
149 45 50 128 126 95 55 100 62 114 90 67 99 44 62 38 36 41 69 168 116 100 79 172 164 74 86 84 174 137 55 172 135 103 123 119 32 76 84 129 115 194 41 113 184 130 77 113 48 184
250 91 172 243 74 89 129 182 174 232 52 56 219 139 181 100 132 160 170 243 146 35 199 192 118 195 204 206 161 53 104 126 165 48 235 227 133 180 187 42 165 166 159 20 132 236 126 232 168 174
252 108 185 250 95 84 133 183 182 246 52 71 232 145 195 116 139 173 175 241 141 36 212 182 101 205 218 216 147 71 122 109 158 44 250 243 140 196 192 61 162 150 168 41 114 253 145 240 181 160
12 183 120 44 263 166 112 65 77 139 192 196 131 104 128 176 112 131 73 64 127 208 123 148 213 84 135 83 186 270 193 216 126 201 168 175 113 165 55 260 102 210 98 239 227 183 210 62 126 186
163 138 162 182 185 40 77 94 128 223 78 117 209 95 176 139 98 159 109 134 32 91 188 67 55 160 200 170 51 174 158 59 43 77 241 239 102 199 122 163 57 70 128 135 71 250 187 181 163 61
258 96 178 251 70 98 138 191 182 237 61 62 224 147 187 105 140 166 178 252 156 45 205 201 125 202 209 213 169 46 107 133 174 57 239 231 141 184 196 36 174 173 166 20 138 240 127 239 174 182
172 187 202 203 233 89 118 114 161 260 125 166 246 135 216 188 139 202 140 128 56 137 227 32 66 193 239 202 17 220 207 63 46 122 280 280 144 243 148 208 73 40 167 181 70 290 236 207 204 17
165 140 69 114 206 208 154 165 109 15 206 175 24 135 55 131 133 75 131 213 213 215 42 262 277 80 31 74 278 229 132 284 226 219 14 24 129 55 130 224 200 300 103 217 296 29 124 93 69 285
100 201 179 144 268 129 114 73 130 224 168 195 212 123 192 198 131 185 109 48 72 183 196 52 143 157 210 162 100 263 218 142 55 170 249 253 135 227 107 252 56 121 145 225 151 262 244 155 183 95
76 162 80 24 243 184 122 102 68 75 199 187 70 106 81 154 110 94 82 130 164 213 69 200 245 46 78 37 229 257 166 250 171 210 104 113 109 115 69 249 144 254 81 232 262 119 174 9 86 233
39 230 170 86 310 199 153 99 127 185 230 240 178 149 178 224 157 182 119 54 151 247 172 154 235 134 184 133 199 315 242 237 144 238 214 222 159 215 103 304 126 222 148 281 247 229 259 107 176 196
86 110 75 84 189 96 36 33 28 128 117 120 114 28 89 105 36 80 8 99 78 133 95 124 155 60 109 69 144 194 124 161 89 127 149 151 38 122 24 184 63 168 40 162 173 161 146 80 79 150
16 203 144 68 282 174 126 73 100 165 204 213 157 121 153 197 130 156 91 45 129 220 148 139 214 110 161 109 182 287 214 217 124 212 194 201 131 191 75 277 104 205 121 254 227 209 233 87 150 180
163 33 70 145 111 81 55 107 77 133 71 48 119 51 81 29 42 60 80 175 111 81 98 168 150 93 105 104 165 120 49 158 131 84 141 136 40 91 97 111 114 183 59 94 169 146 76 131 67 175
88 139 56 41 219 167 106 96 51 63 179 165 54 88 58 131 91 70 69 136 154 192 48 195 231 24 59 13 220 234 142 237 163 191 91 98 89 93 60 226 136 244 60 210 249 106 151 20 62 225
209 189 221 236 221 89 136 146 186 282 117 162 268 154 235 192 157 218 167 169 83 124 247 74 33 218 259 228 24 203 209 27 81 109 299 298 161 257 178 192 105 16 187 166 30 308 238 237 221 33
27 168 111 52 248 147 94 46 65 139 174 180 129 87 121 162 95 122 57 60 109 190 118 133 195 78 131 80 169 254 179 198 110 183 167 173 97 158 40 244 85 194 86 222 210 181 198 64 117 171
179 153 182 201 194 53 97 112 148 244 87 130 229 116 196 156 118 179 129 146 48 98 208 66 38 180 220 190 35 181 174 41 53 83 261 259 122 218 141 169 73 51 149 142 52 269 203 201 182 47
169 51 42 136 124 132 92 131 81 91 121 86 79 79 44 42 72 28 96 196 155 128 62 210 201 78 63 85 213 143 46 209 172 133 93 86 67 40 107 137 151 232 61 128 220 97 53 117 36 222
213 145 193 228 169 53 113 143 168 257 69 114 242 132 206 150 131 187 152 185 83 73 221 106 21 199 231 209 65 151 165 29 93 59 270 266 134 222 167 140 108 68 164 114 39 277 194 225 192 79
222 189 226 246 215 90 142 157 194 289 114 160 274 161 240 193 162 222 175 183 93 120 253 88 25 226 264 236 39 196 209 17 93 105 305 302 166 260 187 185 117 26 194 160 16 313 238 247 226 48
193 44 66 160 104 139 109 152 105 107 121 81 96 98 66 38 90 52 118 219 169 125 82 226 206 102 81 109 224 126 30 215 188 133 103 94 86 48 131 122 169 241 84 117 225 103 29 141 59 234
93 107 40 66 188 128 66 70 13 86 139 128 72 48 51 99 51 50 35 126 119 153 55 166 192 19 68 30 185 200 114 198 131 151 108 111 49 88 36 191 104 208 22 173 210 121 128 52 46 191
95 115 37 59 196 144 83 84 30 70 154 140 57 65 44 107 67 50 51 135 136 167 42 181 209 2 56 13 202 209 120 215 147 166 94 98 64 82 48 201 120 225 35 185 227 108 131 41 43 208
72 150 70 25 231 169 107 89 53 78 184 173 70 91 74 142 95 84 67 122 150 198 64 187 230 34 76 27 215 244 155 235 157 195 106 114 94 110 55 236 130 239 67 219 247 121 165 6 76 219
204 182 214 229 215 82 129 140 179 275 111 155 261 147 228 185 149 211 160 165 76 119 240 71 30 211 252 221 22 198 202 25 75 104 292 291 154 250 171 187 99 22 180 161 31 301 231 231 214 33
161 33 58 139 114 95 62 110 73 119 85 58 105 54 68 26 45 47 80 178 122 94 85 178 164 84 91 94 177 127 45 172 141 98 127 121 42 76 95 118 122 196 53 104 183 132 68 123 54 187
159 135 158 177 184 38 72 90 123 219 77 115 204 91 172 136 93 155 105 131 28 91 184 68 59 155 195 166 54 174 155 64 42 76 236 235 98 195 117 162 54 74 124 135 76 245 184 177 158 65
232 100 171 232 104 63 114 162 164 234 33 64 220 127 182 108 122 161 156 220 120 21 200 161 86 189 206 200 129 85 117 94 137 23 241 234 123 188 173 74 140 134 152 49 101 244 143 223 168 142
127 70 64 115 148 77 24 70 46 127 85 80 113 14 78 65 5 61 44 138 86 99 92 141 145 71 102 82 147 154 85 151 104 97 143 141 5 102 61 144 83 168 35 123 163 151 109 105 64 156
161 113 142 172 163 18 59 90 113 205 57 93 190 77 156 115 78 138 97 141 40 72 169 89 68 144 180 155 75 154 133 74 58 59 220 218 82 177 111 142 61 93 110 115 86 229 162 169 142 86
210 139 187 224 164 47 108 140 163 251 63 108 236 126 200 144 125 181 148 183 81 68 215 107 27 193 225 204 69 146 159 35 92 53 264 260 129 216 163 135 106 73 158 109 45 271 187 220 186 82
31 171 119 64 249 142 93 40 71 150 171 180 140 88 129 165 97 128 59 49 101 187 128 122 187 87 141 90 159 254 183 190 100 179 178 183 99 166 45 244 76 184 91 221 201 192 203 76 124 160
103 122 37 60 201 158 98 99 46 55 166 149 43 79 39 113 81 52 66 147 151 179 31 197 224 13 44 8 217 217 124 230 163 179 81 86 78 75 63 209 136 241 48 194 242 94 132 39 43 223
87 110 76 85 188 95 35 33 29 128 116 119 114 27 89 105 36 80 9 99 77 132 96 124 154 61 109 70 143 194 124 160 89 126 150 152 38 122 25 183 62 167 40 161 172 162 145 81 79 149
123 117 31 77 193 167 108 116 61 39 170 147 25 90 26 108 89 44 82 166 165 181 12 213 234 31 24 28 231 211 116 241 178 183 62 66 85 58 81 204 152 254 57 192 253 75 119 56 36 238
115 79 54 101 158 90 32 65 32 115 100 93 100 14 68 73 12 54 33 132 93 114 80 146 157 57 91 68 156 166 91 164 109 112 132 132 10 96 50 157 85 178 21 137 176 142 113 90 55 164
134 200 194 173 259 115 118 91 147 245 154 187 232 131 208 199 138 197 125 84 61 168 215 16 113 177 228 184 66 251 219 111 40 154 269 271 142 239 128 239 59 86 158 212 119 281 246 182 197 60
93 128 110 109 200 80 41 22 65 164 111 127 150 49 124 125 57 114 43 83 44 127 132 88 128 96 145 105 110 200 145 132 53 118 186 187 61 156 51 189 26 134 74 164 144 197 170 110 113 114
170 45 94 160 109 57 51 107 91 158 46 37 143 57 106 47 49 85 88 173 96 57 123 152 125 112 130 123 143 111 65 133 116 59 167 162 49 117 105 101 104 160 76 79 144 172 94 148 92 154
250 57 141 229 24 128 137 192 163 190 92 52 179 138 145 65 129 126 167 259 180 85 163 233 179 173 163 182 213 44 54 188 200 99 185 175 127 130 184 42 190 224 143 50 195 183 64 212 135 226
185 199 217 217 242 100 132 129 176 275 135 177 261 150 231 201 154 216 155 139 71 146 241 40 66 208 254 217 15 228 219 62 60 131 295 295 158 257 163 216 87 30 181 190 66 305 248 222 218 3
222 116 177 228 131 49 108 151 162 241 39 82 226 124 189 122 121 169 150 203 101 37 206 137 59 190 214 201 102 112 134 68 116 26 250 245 123 199 167 101 123 107 153 75 75 256 162 221 175 116
293 109 195 279 41 144 174 229 210 247 106 87 236 180 201 118 172 181 211 294 201 91 219 249 174 225 220 235 218 14 111 182 220 105 243 233 171 188 228 23 218 223 192 48 187 241 121 264 190 232
186 135 77 137 193 213 162 181 123 39 206 171 44 144 63 126 141 79 145 232 224 213 56 275 282 97 43 93 287 218 124 290 238 219 14 1 137 46 146 215 213 308 113 210 301 11 111 115 76 295
296 110 195 280 38 150 177 233 212 246 111 90 235 182 201 118 174 182 213 298 207 97 219 255 181 226 219 235 225 16 111 189 226 111 241 231 173 187 231 26 223 230 194 53 194 239 119 265 190 238
217 68 142 211 84 63 96 149 141 204 24 32 190 106 153 76 99 131 136 212 119 15 170 168 109 163 176 174 144 73 85 117 138 29 209 203 100 156 154 62 135 154 127 35 126 213 111 199 139 157
231 93 165 229 97 64 111 161 160 228 30 56 214 123 176 100 118 155 153 221 122 15 193 166 94 184 200 195 135 78 109 102 140 23 234 227 119 180 171 67 141 141 147 41 109 237 134 219 162 148
159 140 66 108 208 206 151 161 105 9 205 175 19 132 53 132 130 74 127 207 209 214 39 257 275 75 29 69 274 230 133 282 222 218 20 30 126 57 125 225 196 297 99 218 294 35 127 87 68 281
159 73 28 121 145 147 100 131 76 69 140 108 57 84 24 64 79 18 94 192 163 148 41 217 216 64 41 69 224 165 68 224 179 153 73 67 74 25 102 159 156 244 58 150 235 78 70 101 22 233
79 115 68 70 195 110 49 40 18 116 129 128 102 37 81 109 44 75 7 100 92 145 85 136 170 48 98 56 158 203 127 175 102 140 139 141 45 116 13 193 75 181 36 172 187 151 146 66 72 163
159 35 64 141 115 86 55 105 73 127 77 54 113 49 75 30 40 54 77 173 114 87 92 170 155 88 99 98 168 125 49 163 133 90 135 130 38 85 94 116 115 187 54 99 174 141 75 126 61 179
157 92 123 162 147 18 43 86 98 186 47 75 172 61 136 94 60 118 85 145 52 63 151 106 86 128 161 139 96 141 112 93 72 53 201 198 64 156 101 129 67 114 93 103 105 208 141 157 122 107
90 179 157 128 247 112 92 50 108 203 149 174 191 100 170 176 108 162 87 48 56 165 175 57 136 136 188 142 99 244 196 137 44 154 228 231 112 204 85 232 36 123 122 206 147 241 221 137 161 97
122 71 45 103 152 96 41 76 35 108 102 90 93 24 59 65 20 43 42 142 103 115 72 157 164 54 83 65 166 162 82 171 119 114 123 122 16 85 57 153 96 187 17 135 183 132 103 90 45 174
60 164 85 10 245 176 115 89 63 90 193 186 83 100 89 156 105 99 73 114 152 208 79 186 234 49 90 42 217 257 169 239 157 205 119 127 104 125 58 249 131 241 79 231 251 134 180 12 92 220
160 69 106 158 129 35 39 92 90 170 41 56 155 52 119 71 48 99 81 156 72 57 134 128 105 117 144 128 119 126 89 112 93 52 182 179 50 135 99 115 83 137 80 91 124 189 118 149 105 130
140 54 54 122 134 87 42 88 53 118 87 71 103 32 67 48 23 47 58 155 104 99 82 160 156 71 91 82 163 144 67 164 122 100 130 127 19 86 74 135 102 184 35 117 175 138 90 108 52 173
152 44 67 136 122 77 44 96 68 131 73 56 116 40 79 40 31 59 69 164 103 84 96 159 147 86 104 97 158 130 60 154 122 86 141 137 29 93 86 120 104 177 50 102 166 148 86 123 65 168
197 156 193 217 189 57 109 130 162 255 84 129 241 128 207 160 129 189 144 165 66 92 220 81 20 194 231 204 41 173 176 24 72 77 271 268 133 226 157 162 91 48 161 135 36 279 205 216 193 54
104 190 173 144 256 117 104 67 124 221 155 183 208 114 187 188 122 178 103 56 59 171 192 44 131 153 205 159 90 251 208 131 43 158 245 248 126 220 103 239 45 112 138 213 140 258 234 154 177 86
216 128 182 226 147 46 108 145 163 246 50 95 232 125 195 133 123 175 149 194 90 52 211 123 43 192 220 203 86 129 147 51 104 39 257 253 126 208 165 118 115 90 156 92 59 264 175 221 181 99
161 64 102 157 125 40 40 94 89 166 42 52 152 51 115 65 46 95 81 159 77 57 131 133 110 114 140 125 125 124 84 117 97 54 178 174 48 130 99 113 87 142 77 89 129 185 113 148 101 136
218 141 192 231 161 53 115 148 170 256 63 109 242 133 205 146 131 186 155 192 90 66 221 116 29 200 230 211 75 142 160 37 101 53 268 264 134 220 170 131 114 77 164 106 45 275 188 227 191 88
94 100 49 76 181 111 50 57 6 102 125 118 88 32 63 94 36 56 21 119 103 139 69 151 175 36 82 47 168 191 110 181 115 136 123 125 35 97 30 182 89 191 17 162 193 135 128 65 54 175
167 53 40 134 126 132 92 130 80 89 122 88 76 78 42 44 71 25 95 195 154 129 59 210 202 76 61 83 213 145 49 209 172 135 91 85 67 39 106 139 151 232 59 130 221 95 55 115 33 223
272 86 172 257 26 130 154 210 189 225 91 66 213 159 178 95 151 159 190 275 186 78 196 236 168 202 197 212 209 9 89 176 206 93 221 211 150 166 207 9 201 216 170 34 183 220 100 242 167 222
202 154 194 221 184 56 111 134 165 257 80 126 242 130 208 158 130 189 147 171 71 88 221 88 16 196 232 207 47 168 174 22 78 73 272 269 134 226 161 156 97 52 162 130 34 280 203 220 194 60
165 92 129 170 143 11 51 94 106 192 40 72 178 68 142 95 67 123 93 152 57 56 157 109 80 135 167 146 95 136 113 88 77 45 206 203 70 160 110 124 74 112 100 97 99 213 142 164 128 107
195 148 186 213 181 48 102 126 156 249 76 120 234 121 199 151 122 181 139 165 64 84 213 85 24 188 224 198 48 165 168 30 72 69 264 261 126 219 152 154 89 57 154 127 42 272 197 211 185 61
62 133 82 62 212 120 62 32 32 123 142 145 111 52 94 126 60 91 21 84 93 158 96 131 175 56 109 62 158 219 144 180 100 152 148 152 62 130 6 209 72 182 52 188 192 161 164 62 87 162
212 33 91 184 76 133 116 165 124 135 108 64 124 109 93 32 100 76 134 233 172 109 110 228 197 126 109 134 220 99 12 205 191 119 130 120 97 75 148 95 175 236 103 94 215 129 17 165 85 232
40 199 152 89 276 157 117 61 103 182 190 205 172 116 162 194 125 161 89 19 108 207 161 112 191 120 174 122 156 278 213 193 100 197 209 216 127 199 77 267 83 179 123 243 203 224 234 105 157 154
21 214 152 69 294 188 139 86 110 168 217 225 161 133 160 208 141 164 103 54 142 234 154 151 228 116 166 115 194 300 225 230 137 225 197 205 143 197 86 289 117 218 131 267 240 212 242 90 158 193
199 154 193 219 186 55 109 131 163 255 81 126 241 128 206 158 129 188 145 168 68 89 220 85 18 194 231 205 44 170 174 23 75 74 271 268 133 226 158 158 93 51 161 132 35 279 203 217 192 58
173 160 184 197 204 61 98 108 148 244 96 138 230 117 198 162 120 182 128 138 44 108 210 55 46 180 221 190 28 191 180 48 46 93 262 261 124 222 139 179 68 48 150 152 58 272 209 199 185 39
195 39 111 184 85 67 76 132 115 172 39 12 159 82 121 45 74 100 113 198 115 43 139 170 128 134 144 144 154 86 58 136 136 51 178 171 74 124 131 75 126 168 98 54 146 181 86 171 107 166
228 142 198 240 157 61 122 158 178 262 64 109 247 140 211 148 138 191 163 203 100 64 226 126 36 207 235 218 85 136 161 43 112 53 273 269 141 223 179 126 125 85 171 101 49 279 189 236 196 98
58 225 178 110 300 176 140 85 129 206 211 228 197 141 188 220 150 188 115 19 123 227 186 115 203 146 199 147 162 301 239 203 111 217 234 241 153 226 103 290 99 185 149 265 213 249 260 129 183 158
38 164 94 23 245 161 102 66 58 113 183 181 104 90 102 156 97 107 60 88 131 198 96 161 215 58 108 57 194 254 172 219 134 193 141 148 97 139 42 245 108 218 78 225 231 156 187 36 101 196
104 127 42 58 206 166 105 104 52 50 174 155 39 87 42 119 88 56 73 150 158 186 31 203 231 20 42 12 224 222 129 237 169 186 77 83 85 76 68 215 142 247 55 201 250 91 135 37 48 230
230 160 211 246 177 72 132 161 187 275 83 128 260 150 224 166 149 205 171 200 99 85 239 116 19 217 249 228 70 157 180 25 108 72 288 284 153 239 186 146 125 66 182 122 28 294 208 244 210 83
179 36 97 167 98 64 62 117 98 159 46 27 145 66 107 40 58 86 97 184 106 55 125 162 130 118 131 128 151 101 57 138 126 59 166 161 57 114 114 91 115 167 82 71 149 171 86 155 93 163
187 149 87 136 208 225 173 187 131 37 219 185 46 154 73 141 151 91 152 235 233 227 63 283 294 102 50 97 297 233 138 301 247 232 9 14 147 61 152 230 221 319 122 225 313 9 126 115 86 305
55 189 150 100 264 140 104 50 100 187 174 192 176 106 162 185 115 158 83 18 88 191 162 93 172 122 176 126 136 265 204 173 80 180 214 219 118 198 74 254 64 160 119 229 183 227 227 114 155 134
135 130 140 154 189 48 55 66 102 200 86 117 185 73 155 130 77 140 83 111 10 101 165 66 83 135 178 144 70 182 150 87 31 89 219 218 82 181 94 170 31 93 105 144 99 229 178 154 142 78
93 121 41 54 201 150 89 86 34 68 160 146 56 70 46 112 73 55 55 135 140 173 42 184 214 4 55 8 206 215 125 220 151 172 93 98 70 84 50 207 124 229 41 191 232 107 135 35 47 212
203 38 115 190 77 73 84 140 121 175 43 4 162 89 124 45 81 103 120 206 123 43 142 177 132 139 147 150 160 78 55 140 143 53 179 172 81 125 138 68 134 173 104 48 150 182 83 177 111 173
187 63 122 183 106 41 66 119 114 185 19 36 171 77 133 67 71 112 107 183 93 31 150 146 103 138 157 149 128 101 82 111 113 32 194 188 73 143 125 89 107 142 101 64 121 199 111 173 119 141
137 63 72 127 138 68 25 77 58 136 74 69 121 23 85 59 16 67 54 145 85 88 100 141 137 82 110 93 143 143 79 144 104 86 149 147 16 106 72 133 85 164 45 112 156 157 105 116 71 153
213 86 152 212 105 47 94 143 144 216 13 51 201 107 164 92 102 143 136 203 105 8 181 151 87 169 188 180 123 91 104 95 123 7 223 217 103 171 153 79 124 132 132 52 104 228 131 203 150 136
79 176 150 117 247 116 89 43 100 194 152 174 182 96 163 173 104 155 79 41 62 168 166 69 144 127 180 132 109 245 193 146 53 157 219 223 108 197 77 234 39 133 115 208 156 232 217 127 154 108
161 38 49 135 118 108 71 115 72 108 98 68 94 60 57 29 52 36 83 182 132 106 75 188 177 79 80 88 189 133 43 185 151 111 114 109 48 63 97 125 131 208 51 112 196 119 62 119 44 199
30 189 139 77 267 153 108 53 91 169 184 196 159 106 149 184 115 149 78 31 106 201 147 117 191 107 161 109 159 270 202 194 101 192 196 202 117 187 65 260 81 183 111 236 204 211 222 93 144 158
167 190 203 199 239 94 119 112 161 260 131 171 246 136 217 191 140 203 139 122 56 143 226 25 74 192 239 201 25 226 210 71 43 128 280 280 145 244 146 215 71 46 167 188 78 291 239 205 204 20
38 160 109 62 239 135 83 33 61 143 162 170 133 78 120 155 87 119 49 57 96 179 120 122 182 79 133 82 157 244 173 186 97 171 170 175 88 157 34 234 72 181 81 211 197 184 192 72 115 158
214 145 193 229 168 54 114 144 169 257 68 114 242 132 207 150 131 187 153 186 84 73 221 108 22 199 231 210 67 150 165 30 94 59 270 266 135 222 168 139 109 69 164 113 39 277 193 226 192 80
217 155 201 234 178 62 121 148 175 265 78 124 250 139 215 159 139 196 159 187 86 83 229 104 12 206 239 217 61 159 174 20 94 69 278 275 142 231 173 148 111 61 171 123 29 286 203 231 201 73
136 163 168 165 220 76 85 76 124 224 115 149 210 101 182 163 107 168 103 98 23 129 191 33 86 156 203 165 52 212 183 87 8 115 245 245 111 210 110 200 35 77 131 173 97 256 211 169 170 55
69 204 168 117 277 148 118 66 118 205 184 205 194 122 180 200 131 176 100 13 93 200 181 86 172 140 194 144 133 276 220 173 81 189 232 237 134 216 92 265 71 155 136 240 182 246 243 131 173 129
235 42 124 213 40 122 125 179 148 174 89 45 163 124 129 49 115 110 153 247 171 84 146 226 178 157 147 166 209 59 38 186 191 97 170 160 113 115 169 55 180 221 128 57 195 169 51 196 119 222
146 165 174 174 219 73 90 85 132 231 112 149 217 107 188 165 112 174 111 108 28 126 198 33 77 164 210 173 42 209 185 77 17 112 252 252 116 216 119 197 44 67 138 170 87 262 213 178 176 46
222 32 105 196 60 128 119 171 134 152 99 54 141 115 108 36 106 91 142 239 171 98 125 227 189 139 125 147 215 82 18 197 191 110 147 137 103 92 157 79 177 230 113 78 207 146 29 179 99 227
42 209 160 94 286 167 127 71 112 188 200 215 179 126 170 204 134 170 99 18 116 216 168 117 199 128 181 129 162 288 223 200 107 206 216 223 137 208 86 277 91 185 132 253 210 231 243 111 166 159
171 27 60 146 107 105 75 123 82 118 92 58 104 66 67 18 58 46 91 190 134 99 85 191 173 90 89 99 189 121 33 181 153 104 122 115 54 69 106 114 135 207 62 102 193 126 55 130 55 199
2 196 133 54 276 174 123 72 91 152 202 208 144 116 141 189 124 145 85 57 132 218 136 148 218 98 149 97 188 282 206 221 129 211 180 188 125 179 68 272 107 212 112 250 232 195 223 74 140 188
160 43 81 147 116 66 45 99 78 144 60 47 130 46 92 42 38 72 77 167 98 71 109 154 135 99 117 109 149 121 62 143 117 73 154 149 37 105 94 111 102 167 62 91 154 160 90 135 78 160
203 89 73 161 138 181 142 177 122 83 165 125 77 128 64 82 121 64 140 238 205 170 73 260 249 107 64 110 263 164 73 257 222 178 68 57 117 26 148 161 200 282 104 160 268 64 56 140 67 273
237 134 196 245 141 65 126 166 180 260 58 99 246 143 209 141 139 188 168 215 112 54 225 142 53 208 233 219 102 120 152 61 125 45 270 264 142 218 184 109 136 102 172 86 65 275 179 239 194 115
43 162 91 19 243 162 103 70 56 108 183 180 99 90 97 154 97 104 60 93 134 198 91 165 218 54 103 52 197 253 170 222 138 194 136 143 97 135 43 244 111 222 76 225 234 151 184 30 97 200
215 67 141 208 85 61 94 147 139 202 22 31 188 104 151 74 97 130 134 210 117 15 168 167 108 161 174 172 143 75 84 117 137 28 208 201 98 154 152 64 133 153 125 37 126 211 110 197 137 156
131 116 33 85 191 171 114 125 69 32 173 148 18 96 23 107 94 44 90 175 173 184 5 221 239 40 15 37 238 210 114 246 186 186 53 57 91 51 90 204 159 260 63 192 258 66 115 64 36 245
114 144 140 138 208 71 61 49 96 195 109 136 182 75 154 143 81 142 75 87 17 124 163 58 103 128 176 137 79 204 163 106 21 112 217 218 86 184 82 192 8 103 104 166 117 228 190 141 143 83
154 157 172 179 207 62 87 90 133 231 100 138 216 104 186 157 108 171 112 119 27 114 197 45 65 165 209 174 39 197 177 66 27 99 250 249 113 212 122 185 49 63 137 158 77 260 205 182 173 46
6 196 135 58 275 171 121 70 91 155 200 207 147 115 143 189 123 147 84 52 129 216 139 143 214 100 151 99 184 281 207 217 125 208 184 191 124 181 68 271 103 208 113 249 228 199 224 77 141 183
183 94 55 140 153 177 133 162 106 62 167 130 55 117 44 86 111 50 125 221 196 173 51 249 247 87 42 89 256 177 82 255 212 180 52 43 107 8 131 173 189 276 90 169 266 52 71 118 51 265
50 144 88 52 224 131 74 38 41 124 155 157 112 65 99 138 73 98 34 78 101 170 99 135 185 58 112 62 165 231 155 189 106 164 150 155 74 136 16 221 79 189 62 200 201 164 174 56 94 168
44 167 123 77 244 131 86 31 73 160 162 174 149 84 134 162 93 131 58 43 87 178 135 107 173 94 148 98 145 248 181 176 85 169 186 191 95 171 47 237 62 169 92 213 187 200 202 88 128 145
100 169 154 134 236 99 83 50 106 204 137 163 191 94 168 167 101 158 85 62 43 152 174 50 122 136 187 143 88 232 187 124 31 140 227 230 105 200 86 220 24 112 118 194 134 240 213 141 157 87
193 192 216 222 231 92 130 133 178 276 124 168 261 149 230 194 152 214 157 150 72 134 241 53 51 210 253 219 6 215 212 46 65 119 294 293 156 254 167 204 92 19 181 177 51 304 241 226 217 13
142 52 55 124 132 86 43 89 55 119 85 69 105 33 68 47 24 48 60 157 104 97 84 160 155 73 93 84 163 142 66 163 123 98 131 128 21 86 76 132 103 183 37 114 174 139 89 110 54 173
126 84 88 125 155 57 5 60 60 150 75 83 135 22 102 81 23 85 48 127 62 91 114 118 123 89 126 100 123 157 102 129 81 85 166 165 28 126 65 146 62 144 55 123 141 175 128 118 88 132
263 71 155 243 11 135 149 204 177 204 98 62 193 150 159 79 142 141 180 271 189 88 177 241 182 187 177 196 219 32 69 190 209 103 198 188 140 144 197 33 201 228 157 49 198 196 76 227 149 232
183 21 89 167 91 80 70 125 98 150 60 27 136 70 98 24 62 77 100 192 120 66 116 176 145 114 121 124 167 98 41 154 140 72 155 148 60 102 118 89 127 183 80 73 164 158 70 153 85 178
38 157 94 38 238 148 90 52 51 121 171 172 111 80 103 150 87 106 49 78 116 186 100 146 200 60 113 61 179 246 167 205 119 181 148 155 88 141 31 236 93 203 72 215 216 163 184 47 100 181
78 149 67 30 229 172 110 94 55 72 185 173 64 93 70 141 97 81 71 129 154 199 59 193 233 33 70 24 220 243 153 239 162 197 100 108 95 105 59 235 135 244 67 219 251 115 162 8 74 224
25 208 152 77 287 175 130 75 107 175 206 217 166 126 161 202 134 163 97 38 128 223 157 134 213 118 170 118 178 291 221 214 121 214 203 210 136 199 81 281 103 202 128 257 225 218 239 97 158 176
126 71 65 115 148 76 23 69 46 128 85 80 113 13 79 66 4 62 43 137 85 99 92 140 144 72 103 83 147 154 86 151 103 97 143 141 5 103 61 145 82 168 35 124 163 152 110 105 65 155
179 44 102 170 101 57 60 116 101 165 39 28 151 66 114 47 59 92 97 182 101 49 131 156 122 122 138 133 144 102 64 130 121 52 173 168 59 122 115 91 111 159 85 69 141 178 93 158 99 156
280 103 189 269 51 126 160 215 200 244 88 76 232 167 196 112 160 176 198 278 184 73 214 230 154 217 217 227 199 21 109 162 202 86 242 233 159 187 216 18 201 203 182 32 167 242 124 255 184 212
95 163 146 127 231 97 77 42 98 196 134 158 183 86 160 161 94 150 76 61 42 150 166 58 125 128 179 135 93 228 181 127 34 138 219 222 98 192 78 216 20 117 110 190 137 232 206 134 150 93
111 193 178 151 257 116 107 72 129 226 155 184 214 118 191 191 125 182 108 62 59 170 197 37 127 158 210 165 84 251 211 126 40 157 250 253 130 224 108 239 47 106 142 213 135 263 237 161 182 80
191 66 60 154 123 158 121 159 107 89 142 103 80 108 56 59 101 49 123 223 183 147 69 239 226 97 65 102 240 147 53 234 201 155 82 72 96 28 133 143 180 259 87 140 245 81 42 133 54 250
223 177 219 244 201 81 136 156 189 282 101 147 267 155 233 181 155 214 172 188 92 106 247 97 12 221 257 231 48 181 197 4 96 92 297 294 159 251 185 170 117 41 188 145 9 305 226 244 219 59
190 48 114 182 94 56 70 125 113 177 30 22 162 78 125 54 71 104 109 190 105 37 142 159 117 134 149 145 143 92 68 126 125 42 183 178 71 131 127 81 117 157 97 58 136 188 97 170 111 155
160 34 63 141 114 88 57 107 73 125 79 54 111 51 74 28 42 52 78 175 116 88 91 172 157 87 98 98 170 124 48 165 135 92 133 128 39 83 94 116 117 189 54 100 176 139 73 126 60 181
217 32 96 189 70 132 118 168 128 141 106 61 130 112 98 33 103 82 137 236 172 106 116 229 195 131 115 139 219 93 13 203 192 117 136 126 100 81 152 90 177 234 107 89 213 135 20 171 90 231
218 172 213 239 197 75 130 151 184 276 96 142 262 149 227 176 150 208 166 183 87 101 241 94 7 215 251 226 47 178 192 2 91 87 291 288 153 245 179 167 112 42 182 142 14 299 220 238 213 58
140 104 121 149 164 33 36 69 90 183 66 92 168 55 135 104 57 118 73 126 36 82 148 92 91 121 159 131 90 160 124 97 56 72 200 198 61 158 88 148 48 111 88 122 109 209 152 146 122 100
75 184 154 116 255 125 97 48 104 197 161 182 185 102 167 180 111 161 84 33 70 177 170 72 152 130 183 135 115 254 200 153 60 166 222 226 115 202 80 242 48 138 120 217 163 236 224 127 159 113
193 72 61 154 128 163 126 162 109 86 148 109 77 112 55 65 105 51 126 225 188 153 68 243 232 98 62 102 245 152 58 240 206 161 77 67 100 24 135 149 184 264 90 145 251 76 46 133 55 255
233 130 192 241 139 62 122 163 176 256 54 95 242 138 204 137 135 184 164 212 109 50 221 140 54 204 229 215 101 118 148 61 123 41 266 260 138 214 181 108 133 102 168 84 66 271 176 235 190 114
80 142 117 102 215 94 55 13 68 166 126 143 153 61 130 138 69 121 47 67 52 143 136 86 138 98 149 105 115 215 158 142 55 133 189 192 73 163 49 204 29 139 81 180 153 202 182 106 120 118
94 102 69 88 181 93 32 41 26 124 112 112 110 20 83 97 28 73 11 108 81 127 91 129 155 58 103 68 146 187 115 161 93 122 145 146 30 115 29 177 68 170 33 155 173 156 137 82 72 153
237 118 186 241 123 64 121 166 174 249 45 82 235 136 197 125 132 176 164 219 117 37 214 153 70 200 221 212 116 101 136 78 132 33 257 251 134 204 181 91 140 119 164 67 83 261 162 233 183 130
14 203 136 50 284 186 133 84 97 149 213 217 142 125 143 196 133 149 94 68 145 229 136 161 231 100 148 98 201 291 213 234 143 222 178 186 134 181 76 281 120 225 118 260 245 193 228 71 143 201
141 167 173 171 222 77 90 82 130 229 116 151 215 106 187 167 111 173 109 103 28 130 196 30 82 162 209 171 47 213 186 82 13 116 250 251 116 215 116 201 40 71 137 174 92 261 214 175 175 49
53 144 78 35 225 145 85 57 38 105 165 162 95 72 86 137 78 90 42 94 120 180 83 156 202 43 96 45 185 235 153 207 126 176 132 138 78 124 26 226 99 209 59 206 219 146 168 36 84 188
177 190 207 208 235 91 122 119 166 265 127 169 251 140 221 191 144 206 146 133 61 138 231 36 64 198 244 208 13 221 210 60 51 123 285 285 148 247 154 209 78 35 171 182 67 295 239 212 208 11
143 67 87 137 137 53 23 78 69 151 62 65 136 32 100 66 27 82 62 145 74 77 115 131 122 96 125 107 130 139 86 129 94 73 164 162 29 120 80 129 78 149 59 106 141 172 113 128 86 140
87 109 73 84 187 96 36 35 27 126 116 119 112 26 87 103 35 78 7 101 79 132 94 126 156 59 107 68 145 193 122 161 91 127 148 149 37 120 24 183 64 169 38 161 173 160 144 80 77 151
261 67 148 238 18 142 150 204 173 194 106 66 183 150 151 74 141 133 179 272 193 98 168 247 192 181 168 190 227 46 61 201 214 113 187 176 139 133 195 47 204 238 153 61 209 184 64 221 142 240
287 106 192 274 46 136 167 222 205 246 97 82 234 174 199 115 166 179 205 286 193 82 217 240 164 221 219 231 209 16 110 172 212 96 243 233 165 188 222 18 210 213 187 40 177 242 123 260 187 222
120 74 37 98 156 104 48 78 32 100 109 95 85 30 52 67 27 37 43 143 110 122 64 162 172 47 75 58 173 167 84 179 125 122 116 115 23 79 56 158 102 194 12 140 191 125 102 84 39 181
100 187 169 139 253 115 100 62 119 216 153 180 203 110 182 185 118 173 98 53 58 169 187 48 132 148 200 154 92 249 205 133 42 156 240 243 122 215 98 237 42 115 133 211 142 253 230 149 172 89
200 10 96 180 74 96 89 143 113 152 71 27 139 88 103 19 79 82 117 211 139 72 121 195 159 125 124 134 184 86 26 168 159 82 153 146 77 98 134 78 146 199 93 67 178 155 55 164 91 195
31 190 118 26 271 185 128 87 84 125 209 208 119 117 123 183 124 131 86 89 151 224 114 174 236 81 126 77 211 281 198 240 152 219 154 163 124 160 68 272 127 236 104 252 252 169 211 48 124 212
75 151 70 27 232 172 111 93 56 75 187 175 67 94 73 143 98 84 71 126 154 201 62 192 234 35 73 27 219 246 155 239 161 198 103 111 97 108 59 237 134 243 69 221 251 118 165 5 76 223
75 201 168 121 272 141 114 63 118 207 178 200 196 119 180 197 128 175 99 21 86 194 182 78 164 141 195 145 125 271 217 165 73 182 233 238 131 216 92 260 64 147 135 234 174 247 241 134 173 121
175 30 87 161 100 72 60 115 92 149 56 32 135 62 98 32 53 76 92 183 110 64 115 166 139 110 122 120 158 106 50 147 130 69 156 151 52 105 109 96 116 174 74 77 158 161 79 147 84 169
207 176 211 231 207 76 126 142 178 273 103 148 259 145 225 179 147 207 160 170 78 110 238 79 21 210 249 221 31 189 196 16 79 95 289 287 151 246 172 178 102 30 178 152 25 298 225 231 211 43
186 45 59 153 110 136 104 146 98 102 120 81 91 92 59 37 84 45 112 212 165 125 76 221 204 95 75 102 220 131 34 212 183 133 100 91 80 45 124 126 163 238 77 120 223 101 36 134 52 230
38 156 96 44 236 143 87 46 51 125 167 169 115 77 106 149 85 107 46 74 110 183 103 140 195 63 117 65 173 244 166 199 113 177 153 158 86 143 28 234 87 197 72 213 211 167 184 53 102 175
44 181 137 86 257 139 97 42 87 172 171 186 161 97 148 176 106 146 72 29 91 188 148 103 176 108 162 111 144 259 195 179 86 178 199 204 109 185 61 248 66 168 107 224 189 213 216 99 142 143
106 199 180 148 264 125 112 74 131 227 163 191 214 122 194 196 130 185 110 54 67 178 198 45 136 159 212 165 93 259 216 136 50 165 251 255 134 227 109 247 53 114 145 221 144 264 242 159 184 88
166 70 111 164 125 32 45 98 96 175 35 53 160 58 124 72 54 104 87 161 74 51 139 129 101 123 148 134 118 122 90 109 95 46 187 183 56 139 105 111 86 135 86 86 120 193 119 155 110 129
67 137 65 35 218 148 87 69 34 90 165 157 79 71 72 129 77 78 46 110 129 179 68 168 209 29 81 29 194 230 144 214 136 176 117 123 76 110 34 221 109 218 52 203 226 131 158 27 71 199
118 76 52 102 156 91 34 68 33 113 100 91 99 16 66 70 13 51 36 135 95 114 78 149 159 56 89 67 159 165 89 165 111 112 130 129 10 93 52 155 88 180 20 136 177 140 110 90 53 167
269 83 170 253 27 127 151 206 185 222 88 63 210 155 175 92 147 156 186 272 183 75 193 233 165 199 195 209 206 12 86 174 202 90 219 209 146 164 204 8 198 213 167 31 180 218 99 238 164 219
197 133 83 148 187 215 167 189 131 52 206 169 55 150 69 125 146 83 152 242 229 212 65 281 285 106 52 103 292 213 120 292 244 219 25 13 141 45 155 210 220 313 119 207 304 16 105 127 81 300
174 20 70 153 101 95 71 121 86 129 80 47 115 65 78 14 56 57 92 189 127 87 96 184 162 98 101 107 180 113 34 171 147 92 134 128 53 81 108 105 130 197 66 92 181 138 60 137 65 190
210 16 100 188 65 110 102 156 122 152 82 37 140 100 105 24 91 86 128 224 153 82 123 209 171 131 125 140 197 81 18 180 173 93 151 142 89 96 144 76 160 212 102 69 190 152 43 171 94 209
170 28 58 145 108 105 74 121 81 117 92 59 103 65 66 19 57 45 90 189 134 99 84 190 173 89 88 98 188 123 35 181 153 105 121 115 53 69 105 116 134 206 60 103 192 125 57 128 54 199
182 201 217 216 245 103 133 128 176 275 138 180 261 150 232 203 154 217 155 136 71 149 242 37 70 208 254 217 19 231 221 66 59 134 295 295 159 258 162 220 87 33 182 193 70 306 250 221 219 7
22 185 131 66 263 155 107 53 84 158 184 194 149 102 141 179 111 141 73 42 111 201 138 126 196 98 151 99 166 268 197 199 107 192 186 193 113 178 58 258 85 190 105 235 210 201 216 82 136 166
114 137 51 65 214 181 121 120 69 36 188 167 28 103 46 128 103 65 89 163 175 199 30 219 247 37 37 28 241 232 136 254 185 200 64 72 100 75 84 225 158 264 71 212 266 79 140 43 56 246
5 195 131 49 276 177 124 75 90 147 204 209 140 116 139 189 124 143 85 63 136 220 133 153 222 95 145 94 193 283 206 225 134 213 176 184 125 176 68 273 111 217 111 251 236 191 222 69 137 193
185 22 92 169 89 79 72 126 101 153 57 24 139 72 101 26 64 80 103 194 120 63 119 176 144 117 124 127 166 96 42 152 140 70 157 151 62 104 120 87 127 181 83 70 162 161 71 155 88 177
104 105 92 109 179 71 19 37 52 149 96 107 135 27 106 102 34 93 33 104 55 112 115 106 130 84 128 94 121 180 122 135 69 105 169 169 38 135 48 170 46 144 56 146 147 180 147 106 94 127
27 167 104 39 248 154 98 55 62 128 179 181 119 89 113 160 97 116 58 71 119 194 109 146 205 70 122 70 181 255 177 208 121 188 156 163 97 151 40 245 95 205 83 224 220 171 194 52 110 182
165 169 187 192 217 72 101 103 147 246 109 149 231 119 201 171 123 185 127 126 41 121 211 40 59 179 224 189 25 204 189 59 36 106 265 264 127 226 136 193 62 49 151 166 68 275 218 195 188 32
233 85 161 229 86 70 112 164 160 223 33 49 209 123 172 93 117 150 154 225 128 17 189 174 104 182 195 193 144 69 101 112 146 30 228 221 118 174 171 57 147 151 145 31 119 231 126 218 158 158
248 82 165 239 62 93 128 182 170 223 55 48 210 136 173 90 129 152 167 245 151 40 191 198 128 189 195 200 169 44 93 137 170 54 225 217 129 170 185 32 168 176 154 7 143 226 114 227 160 183
197 22 78 170 86 121 100 149 108 128 100 58 116 93 82 18 84 64 118 217 157 103 100 214 187 112 100 121 208 105 9 195 177 112 126 117 81 71 133 100 160 224 87 94 206 127 30 152 72 219
172 184 201 202 230 86 116 114 160 259 122 163 245 133 215 185 137 200 139 129 54 134 225 34 63 192 237 201 16 217 204 61 45 119 279 278 142 241 148 205 72 40 165 178 68 289 233 207 202 18
87 151 67 36 230 179 117 104 62 63 191 177 57 100 67 142 103 81 79 138 163 204 55 203 242 36 65 25 229 246 153 247 171 203 92 100 101 101 69 238 144 253 72 222 259 107 161 15 73 234
23 175 109 33 255 164 108 65 69 127 188 190 119 98 116 168 105 121 67 75 129 204 111 154 214 73 123 72 190 264 184 218 130 198 156 163 106 154 49 254 105 214 89 233 230 171 200 50 115 191
111 101 93 115 173 65 14 43 55 152 89 101 137 26 107 98 32 93 38 109 54 106 117 107 125 87 130 97 118 174 118 131 69 98 171 171 36 135 54 163 48 141 57 140 143 181 143 111 95 125
184 70 125 182 114 33 64 115 114 188 17 44 174 76 137 74 71 116 106 178 86 33 153 138 95 139 161 150 120 107 90 104 106 29 198 193 73 148 123 96 101 134 102 69 114 204 119 173 122 133
173 196 210 206 243 99 126 118 168 267 136 176 253 143 224 197 147 209 146 127 63 147 233 28 74 199 246 208 23 230 216 70 50 132 287 287 152 251 153 218 78 41 174 191 76 298 245 212 211 15
62 143 104 79 220 111 62 10 54 148 139 149 136 60 116 138 68 111 35 66 74 156 120 107 159 80 133 86 137 223 157 163 78 148 173 176 71 152 30 213 51 162 71 189 175 186 179 84 109 140
86 127 48 47 208 152 91 84 36 71 164 151 60 73 53 119 76 62 54 129 140 178 48 183 216 11 61 9 206 221 132 222 150 176 97 103 74 91 48 213 122 229 46 197 234 111 143 29 54 211
157 138 64 107 206 204 149 159 103 9 202 173 17 130 51 129 128 72 125 206 207 212 37 255 273 73 26 67 272 228 131 280 220 215 21 30 124 55 123 223 194 295 97 215 291 36 125 86 65 279
137 77 91 135 146 50 16 71 68 154 65 73 139 30 105 75 28 87 58 137 66 80 119 122 118 97 129 107 123 147 95 125 85 75 169 167 31 126 76 136 69 143 61 112 136 178 122 127 91 132
56 199 158 103 273 149 114 59 108 193 183 201 182 115 169 194 124 166 92 9 96 200 169 96 178 129 183 132 141 274 214 179 87 189 220 225 127 206 82 263 72 164 127 238 189 234 236 118 163 138
177 73 46 138 137 157 115 148 94 74 146 109 64 100 40 65 94 36 112 211 178 152 53 232 226 82 49 86 237 159 63 234 195 158 71 63 89 16 121 155 172 257 76 149 245 72 58 117 40 247
170 37 88 158 106 66 54 109 89 151 53 36 137 57 99 38 49 78 88 177 103 63 116 159 133 108 123 119 151 110 57 141 123 66 159 154 48 108 105 100 110 168 72 80 152 164 86 145 85 163
39 173 126 76 250 137 91 36 77 161 168 179 150 89 137 167 98 135 62 40 92 184 137 110 178 96 150 100 149 253 186 181 90 175 188 193 100 174 50 243 67 173 96 219 192 202 207 88 131 149
174 71 119 173 121 30 54 106 105 183 26 49 168 68 131 74 63 111 97 168 78 42 147 132 96 131 156 143 117 115 91 104 98 37 193 189 65 144 114 104 92 133 95 78 115 200 120 164 117 129
218 50 131 207 67 79 99 154 138 191 42 15 177 105 140 59 97 119 136 220 132 37 158 184 130 156 163 166 163 63 65 139 152 50 194 186 97 139 154 52 146 174 121 31 147 196 90 194 127 176
83 161 138 115 231 102 74 32 89 186 137 158 173 81 151 158 89 143 68 55 50 153 156 69 135 117 170 124 105 230 178 137 45 143 210 213 93 185 68 218 25 129 103 193 148 222 203 122 142 105
95 150 134 122 219 88 64 34 87 186 123 146 173 73 148 148 81 138 66 69 37 139 155 66 122 118 168 125 95 216 168 125 35 128 209 211 85 180 69 205 11 120 98 179 136 221 193 127 138 97
246 55 140 227 28 120 132 187 160 192 84 46 180 133 145 64 125 126 163 254 172 76 163 226 171 171 164 181 205 41 56 179 193 91 188 178 123 133 180 37 184 216 140 42 187 187 69 211 135 218
103 91 55 89 171 98 36 56 20 112 111 105 98 18 69 85 23 58 22 122 93 125 78 143 162 49 90 60 158 179 103 169 107 122 132 132 22 100 37 170 82 180 18 150 181 142 123 79 57 165
233 49 110 204 64 147 135 185 144 150 119 73 140 129 110 51 120 96 154 253 189 116 127 245 208 146 124 153 235 90 31 216 209 129 141 130 117 88 169 89 194 249 123 93 226 138 18 185 104 246
136 155 161 163 212 68 78 74 120 219 107 141 205 95 176 155 100 162 99 102 16 122 185 41 83 152 198 161 54 204 175 84 9 108 239 239 104 204 107 192 32 78 126 165 95 250 203 166 163 58
138 65 77 130 139 63 22 76 61 141 70 69 126 25 91 63 18 72 56 144 80 85 105 136 131 86 115 98 138 143 83 139 99 82 155 152 20 111 73 133 81 158 50 111 150 163 109 120 77 147
227 99 168 228 107 58 109 157 160 231 29 63 217 122 179 106 118 158 151 215 115 18 196 157 83 185 203 196 125 88 116 92 132 18 238 232 119 185 169 77 135 131 148 51 99 242 142 219 165 138
204 134 181 217 161 41 102 134 157 245 58 104 230 120 194 138 119 175 141 179 76 65 209 105 31 187 219 198 69 145 154 40 88 50 258 254 122 210 156 133 101 75 152 107 50 265 182 214 180 82
135 103 21 92 178 161 106 121 64 43 161 135 28 87 10 94 85 31 85 176 165 171 8 215 229 40 18 41 230 197 101 236 179 174 59 60 81 43 88 190 154 252 55 179 248 70 103 71 23 237
214 31 93 186 73 131 115 165 125 139 105 60 128 109 96 31 100 79 135 233 170 105 113 227 194 128 112 136 218 95 11 202 190 116 134 124 97 79 149 91 175 233 104 90 212 133 20 168 87 230
196 124 78 149 178 208 161 185 127 55 198 161 56 144 65 116 140 77 148 240 223 204 63 276 277 104 50 102 285 204 111 285 239 211 32 19 135 38 152 201 215 306 115 198 297 24 96 127 76 294
199 59 126 192 94 52 78 132 123 189 19 27 175 87 137 65 81 116 118 196 106 25 154 158 109 146 161 156 138 88 77 117 126 31 196 190 82 143 136 76 120 150 109 51 127 200 106 181 123 151
66 196 160 112 269 141 110 57 110 198 177 197 187 114 172 192 122 168 92 16 87 193 173 85 168 133 187 137 130 269 212 169 77 182 225 230 126 208 85 258 64 153 128 232 179 239 235 125 165 127
