150 60
310 255 226 179 322 328 124 323 401 250 288 132 449 407 328 121 431 211 228 142 236 267 296 140 169 327 337 235 226 305 137 236 216 115 182 176 98 417 81 93 269 150 59 278 362 189 158 66 282 283 371 217 172 107 273 140 191 282 254 74
46 38 14 28 11 13 28 17 17 22 38 26 44 11 11 13 31 21 38 47 36 33 43 34 33 21 39 28 48 44 33 26 40 44 11 25 19 46 11 48 50 32 20 25 25 28 24 36 33 13 10 48 34 18 39 24 32 26 21 47 21 50 32 38 38 31 40 12 28 36 31 42 12 20 31 48 14 49 20 25 24 48 17 42 10 19 10 33 31 15 27 20 17 27 14 29 11 48 33 49 16 24 15 20 22 26 30 20 17 29 20 23 42 50 48 32 23 40 31 10 24 30 28 29 48 36 40 31 26 37 48 44 23 37 48 20 18 40 30 34 49 32 37 44 45 48 30 22 49 26
335 458 247 290 454 426 125 353 494 276 465 260 460 427 425 168 437 255 387 194 467 489 311 191 275 365 486 255 280 402 251 401 235 169 261 292 165 440 108 104 282 212 118 459 364 326 270 128 450 396 465 258 238 133 478 168 324 394 340 104
39 96 76 85 76 48 22 28 74 72 86 124 35 52 116 103 85 49 35 40 70 63 40 29 114 50 30 55 43 96 121 20 62 93 113 107 59 77 97 61 93 113 42 22 85 37 21 43 28 73 95 86 110 48 71 108 117 124 73 93
3 109 109 89 51 72 57 43 44 62 78 137 51 70 129 137 69 83 3 50 71 83 69 62 119 74 45 29 78 83 131 45 88 85 140 117 85 104 83 52 84 121 15 20 75 46 48 18 37 108 92 118 130 81 78 143 141 145 47 123
78 60 114 32 40 70 105 111 56 16 2 81 58 60 76 146 18 129 80 51 26 66 81 113 51 71 60 52 118 14 71 106 81 8 117 60 81 92 15 27 7 60 63 69 2 118 107 60 108 131 20 118 92 99 38 153 107 103 44 116
75 100 50 99 109 48 17 45 109 99 109 124 52 57 116 70 113 19 70 59 88 63 35 18 124 49 51 89 7 122 125 35 53 115 95 112 50 64 123 87 115 119 78 57 110 54 31 78 51 38 113 61 103 26 84 75 105 115 106 71
127 64 25 84 135 53 87 115 143 110 110 73 75 59 67 42 125 86 124 79 88 48 55 91 93 51 80 125 75 126 80 104 36 112 22 74 39 22 127 103 113 82 121 104 113 125 102 119 119 52 102 17 43 49 75 47 37 50 135 5
128 25 66 53 117 58 109 133 130 89 82 26 75 56 20 89 101 118 127 75 65 43 70 116 49 57 81 116 105 97 34 123 48 81 38 31 52 39 98 87 82 37 117 106 86 143 121 115 135 94 68 62 7 75 52 94 23 20 120 52
76 93 141 65 25 96 119 117 38 33 35 114 79 87 109 174 18 146 79 72 56 95 104 127 82 98 78 48 136 23 103 115 110 38 150 93 109 122 22 43 37 92 62 76 32 122 117 59 112 155 52 147 125 122 69 181 140 137 30 146
119 79 7 94 135 52 72 101 142 114 117 92 72 60 86 27 130 67 116 78 94 53 48 75 108 50 76 123 57 133 98 90 38 120 43 90 38 31 134 105 121 98 116 97 120 110 87 115 106 30 111 5 64 36 82 34 58 72 135 17
41 108 134 81 17 90 95 86 1 44 58 134 69 84 127 166 40 122 45 64 65 96 93 102 107 92 65 19 115 54 124 86 106 64 155 112 105 121 54 43 63 114 31 51 54 88 89 30 80 141 76 142 136 110 77 172 150 150 12 144
68 88 48 86 98 36 19 47 99 86 96 113 39 45 105 73 101 32 64 46 75 51 22 25 112 37 38 79 20 109 113 36 43 102 89 100 40 56 111 74 102 107 69 48 97 56 33 69 51 44 100 58 93 20 71 79 97 106 96 67
145 39 111 54 117 91 143 162 133 89 76 20 99 84 26 135 96 157 145 96 72 76 105 151 26 90 105 125 144 85 14 153 87 71 82 28 90 83 86 93 72 21 131 127 80 171 153 128 162 138 58 107 50 115 65 140 64 51 121 98
131 102 27 117 153 71 77 106 158 134 139 115 90 80 108 10 150 63 127 96 115 75 64 78 131 70 93 139 57 154 121 95 60 142 60 113 59 54 155 125 143 121 130 110 141 114 92 130 111 23 134 27 85 48 104 15 78 92 153 37
64 64 107 36 31 62 92 96 46 2 15 88 47 53 82 140 17 117 66 40 22 61 71 100 61 63 48 39 106 24 79 92 75 22 116 66 75 87 25 12 22 68 48 54 13 103 93 45 93 122 31 112 94 89 35 146 109 107 34 111
120 32 50 56 115 46 95 120 127 88 85 42 65 46 35 74 102 103 118 67 64 33 56 102 60 45 72 111 90 100 48 110 34 85 31 42 37 23 101 84 86 49 110 97 88 130 108 108 123 77 73 46 16 60 51 80 24 30 117 37
113 81 5 94 132 48 64 93 137 112 116 97 68 58 90 30 127 58 109 74 92 53 43 67 110 47 71 118 48 131 102 82 37 119 51 93 36 33 133 102 120 101 110 91 118 102 79 109 98 23 111 13 69 28 82 36 65 78 131 25
28 97 85 82 66 52 34 31 63 65 79 125 35 53 116 113 76 60 24 38 65 66 46 40 112 54 29 44 54 88 120 27 67 86 119 106 64 83 89 53 86 112 31 12 78 39 29 32 29 83 90 94 113 57 69 119 122 127 62 101
25 87 94 67 43 53 55 53 43 43 59 115 31 50 107 125 53 82 25 29 49 63 53 62 97 55 26 23 73 66 109 50 70 66 121 94 67 86 67 32 65 99 15 11 57 59 52 13 50 99 71 102 109 69 56 131 120 123 40 107
87 41 100 13 56 60 102 113 71 28 17 63 53 49 58 132 36 124 88 47 17 52 72 110 35 60 57 64 111 31 53 106 68 16 99 41 69 76 32 33 17 42 71 72 21 121 107 69 111 120 8 103 73 89 23 139 89 85 60 100
71 54 102 26 41 58 94 101 56 12 11 78 46 48 72 135 24 117 73 39 14 55 69 102 52 59 48 48 105 25 69 95 70 17 108 56 70 81 27 18 17 58 56 59 12 108 96 53 98 119 22 106 84 86 27 141 100 97 44 105
100 11 75 19 84 45 96 115 97 55 49 39 52 37 31 105 67 112 100 49 32 31 59 104 32 44 58 85 99 64 34 106 45 49 67 20 47 48 65 54 49 27 88 81 52 124 105 85 115 99 36 76 41 72 20 111 56 53 86 70
143 74 37 97 150 69 102 130 159 125 125 78 91 75 73 41 140 98 140 96 102 64 71 106 102 67 97 142 88 140 87 119 53 126 17 83 55 38 141 119 127 90 137 120 127 140 117 136 135 61 114 27 48 64 89 44 36 50 151 17
100 48 29 61 107 25 69 95 115 83 85 68 48 31 60 60 99 75 98 52 62 21 31 75 77 24 53 97 62 101 71 84 9 88 43 60 12 7 102 76 89 68 93 77 88 105 82 92 98 53 79 31 44 33 50 66 47 56 108 29
76 38 84 16 57 42 85 97 70 29 28 65 36 32 58 117 43 106 77 30 5 36 54 93 45 42 40 58 93 44 57 90 51 31 89 43 52 62 45 27 32 47 62 59 30 106 90 60 96 103 26 88 67 71 8 123 81 80 60 86
132 59 34 82 136 57 95 123 146 111 110 66 79 61 61 49 126 95 129 83 88 50 61 100 88 55 84 128 83 125 74 112 40 111 13 69 43 25 127 105 112 77 125 109 113 132 109 123 126 61 99 26 36 56 75 54 28 41 137 14
132 78 22 97 145 61 87 116 152 122 123 87 83 69 81 28 137 82 130 88 100 59 61 91 107 60 88 134 72 139 94 105 46 125 31 89 47 33 140 114 126 96 128 110 125 126 102 127 121 44 115 12 57 50 87 33 48 62 145 10
116 57 22 75 124 42 79 106 132 100 101 70 64 48 64 47 115 80 114 69 78 38 45 84 86 40 69 114 68 116 76 95 26 103 29 68 28 11 118 93 104 76 110 93 103 116 93 109 110 50 93 18 42 40 65 53 40 52 125 13
86 110 52 111 122 60 26 51 121 112 122 133 65 69 125 66 127 9 81 72 101 74 46 23 136 60 64 102 6 135 135 42 62 128 99 122 59 71 137 100 128 130 90 70 123 59 38 90 58 33 125 62 110 34 96 70 111 122 119 73
79 97 45 98 111 47 23 51 112 100 110 121 53 56 112 65 115 21 75 60 88 61 33 24 122 47 52 92 8 123 122 41 50 115 90 109 46 59 124 88 115 117 81 61 110 60 37 82 57 33 112 55 98 22 83 70 100 110 109 65
72 77 40 77 96 25 31 57 99 81 90 101 34 35 93 69 96 42 69 41 67 40 11 37 101 26 35 79 29 104 101 46 31 95 79 89 28 44 105 70 95 96 70 51 90 67 44 70 61 43 91 49 81 12 61 75 85 94 94 57
80 86 36 88 107 36 29 58 110 93 102 109 46 46 101 61 109 33 76 53 80 50 23 33 112 37 47 90 19 116 110 47 38 107 80 98 35 48 117 82 107 106 80 60 103 67 44 80 63 32 103 46 87 11 73 66 89 99 106 56
146 78 38 101 154 72 103 132 162 129 128 81 94 78 77 39 144 98 143 99 106 67 74 107 106 70 99 144 89 144 90 121 56 129 20 87 58 41 145 122 130 94 140 123 131 141 118 139 136 60 118 28 51 65 93 42 39 53 154 19
43 68 87 48 42 42 62 68 49 30 43 96 21 36 89 119 44 87 44 15 30 48 47 70 78 44 19 31 77 54 90 62 58 50 107 76 56 73 55 18 50 80 31 26 43 75 63 28 65 97 54 93 92 64 37 125 104 106 42 96
43 134 107 121 94 86 42 13 85 100 116 162 72 89 153 128 109 59 39 76 104 101 76 41 150 88 67 71 61 123 158 24 99 123 148 144 95 114 124 89 123 150 57 48 114 6 27 59 9 96 127 117 148 80 107 133 154 161 89 126
78 123 71 120 120 71 23 38 117 115 127 147 71 79 139 84 129 11 74 78 108 86 57 15 147 72 68 99 20 139 148 31 77 134 117 135 73 87 140 103 133 142 86 67 127 43 28 87 45 51 133 81 126 50 105 88 128 138 117 92
123 77 12 94 138 54 77 106 145 116 118 90 75 62 83 27 132 72 120 81 95 54 52 80 107 53 80 126 62 134 96 95 40 121 38 89 40 30 135 108 122 97 120 101 121 116 92 119 111 35 112 3 60 40 83 33 54 68 138 13
113 23 54 47 107 43 94 117 118 79 75 39 60 41 31 81 93 103 112 60 56 28 54 100 53 41 66 103 90 91 43 107 33 76 40 34 36 26 92 75 77 42 103 91 79 127 105 101 119 81 64 52 20 60 42 87 32 34 109 45
130 27 102 39 103 78 130 148 118 75 62 21 85 71 22 129 82 145 130 81 57 64 92 138 13 77 91 110 132 72 9 139 76 58 79 15 79 74 73 79 59 7 116 112 66 157 139 113 148 128 44 100 47 104 50 134 62 52 107 92
102 14 64 30 91 38 90 111 103 63 59 40 50 32 32 93 76 104 101 49 39 22 51 98 42 37 56 89 91 74 39 101 35 59 56 27 37 36 75 60 60 34 90 80 62 120 100 88 112 88 48 64 33 62 26 99 47 47 93 58
84 37 94 9 58 53 97 109 72 29 21 61 48 43 55 126 40 118 85 42 12 46 66 105 36 54 52 63 105 36 52 102 61 22 94 39 62 70 38 32 23 41 70 69 25 117 102 67 107 114 14 97 69 83 17 132 84 81 61 94
130 19 85 44 111 69 121 142 125 82 72 9 80 63 2 110 92 134 130 78 61 53 82 129 30 67 86 114 120 85 12 132 63 70 59 15 66 58 86 83 71 18 117 110 76 151 132 115 143 113 55 82 27 91 50 115 42 33 114 73
157 49 116 66 130 100 153 173 145 102 88 24 110 94 32 138 108 166 157 107 84 85 114 160 39 99 116 137 152 97 24 163 95 83 83 38 98 89 98 105 84 33 143 138 92 182 163 140 173 144 70 112 53 123 77 143 64 51 133 102
97 109 43 113 130 61 38 65 131 118 127 130 71 71 122 53 133 20 93 78 105 73 48 36 136 61 71 111 17 141 132 55 60 132 90 121 57 66 142 107 133 129 100 80 128 72 51 100 71 20 128 52 105 32 98 57 103 115 128 64
92 60 121 33 51 80 118 125 67 30 14 77 70 69 73 153 28 141 94 63 35 73 91 126 44 80 72 66 129 15 66 119 89 7 120 56 89 97 16 40 7 55 76 82 16 132 121 74 122 140 16 124 92 108 44 160 108 102 56 121
24 95 111 72 29 68 71 64 26 40 56 122 46 64 115 142 45 98 27 42 53 76 70 77 100 70 42 6 90 60 115 63 85 63 135 101 83 100 60 32 62 105 8 26 53 68 66 6 59 116 71 119 120 85 63 148 132 134 25 122
122 68 16 86 133 50 80 108 141 110 111 80 72 57 73 37 125 78 119 77 88 47 50 84 97 48 76 122 67 127 86 97 34 113 31 79 35 22 128 102 114 87 117 99 114 118 95 116 113 44 103 9 50 41 76 42 45 58 133 5
49 123 91 113 96 73 25 5 90 98 112 150 63 78 142 111 109 43 44 67 97 88 62 24 142 75 58 73 44 121 148 9 85 119 133 134 81 99 122 86 119 140 59 45 111 13 10 61 12 78 122 101 134 64 98 116 140 148 92 110
98 68 15 78 114 31 55 84 120 94 98 87 51 40 79 47 110 57 95 57 75 36 26 60 96 29 54 101 45 114 91 72 20 102 53 80 19 23 115 84 103 88 94 75 100 93 70 93 88 34 95 23 62 17 65 54 63 74 114 30
46 86 118 59 11 73 88 85 22 22 37 112 52 65 105 150 23 114 49 46 43 76 78 95 85 74 50 17 105 38 103 83 88 44 134 90 87 102 38 22 43 92 30 44 34 90 85 28 81 127 55 124 115 95 56 156 129 128 12 125
69 96 140 68 18 95 115 111 31 33 39 118 77 86 113 173 19 141 73 70 56 95 102 122 87 96 75 41 132 28 107 110 109 42 151 96 108 122 28 41 41 96 55 71 35 115 112 53 106 152 56 146 127 120 70 179 142 139 23 146
137 26 89 51 118 75 127 149 132 89 79 3 87 70 6 112 99 139 137 85 68 59 88 135 35 74 93 121 126 91 13 139 68 76 59 21 71 62 92 90 77 22 125 117 83 158 138 122 150 116 62 85 27 96 57 117 41 29 121 75
87 73 25 79 108 28 43 71 112 90 96 95 44 38 87 54 106 47 84 51 73 38 18 48 100 27 47 93 34 111 97 60 25 101 65 86 22 33 113 80 101 94 85 65 98 81 57 84 75 33 95 34 72 4 65 61 74 84 107 42
42 86 115 60 14 70 84 81 22 24 39 112 50 63 105 147 27 111 45 43 43 74 75 91 87 72 47 14 102 41 103 79 86 46 133 90 84 100 42 21 45 93 27 40 36 86 81 24 77 124 56 122 114 92 55 154 128 128 14 123
81 32 81 13 63 40 86 100 76 35 33 59 38 30 52 113 49 106 81 33 11 32 53 94 42 40 42 64 93 48 52 92 48 35 84 38 49 57 50 33 36 43 67 63 35 109 92 65 99 100 27 84 61 69 3 119 75 74 66 81
62 74 117 46 21 72 98 99 37 9 20 98 55 63 92 150 8 123 65 48 33 72 80 105 70 73 55 35 113 21 88 95 86 26 128 76 85 98 22 19 26 77 47 57 17 105 97 44 95 131 38 122 105 98 47 156 120 117 25 122
82 86 34 89 109 37 31 60 112 95 103 109 48 47 101 58 110 33 79 55 81 50 24 35 112 37 48 92 20 117 110 49 38 109 78 98 35 47 119 84 109 106 82 62 104 69 46 82 65 30 104 44 86 10 74 64 88 98 108 54
37 112 88 100 82 64 25 13 77 84 98 140 51 67 131 112 95 49 32 55 84 79 54 28 129 66 45 60 47 107 137 10 77 105 127 122 74 92 108 72 105 129 46 30 97 21 14 48 13 80 108 98 126 60 86 117 133 140 79 106
92 47 34 56 99 17 64 89 107 76 78 69 39 22 61 66 91 73 90 43 55 14 25 70 74 15 45 89 60 94 70 78 2 81 51 59 6 15 95 68 82 67 85 69 80 98 76 83 91 56 73 38 48 30 43 73 54 61 99 38
139 28 86 54 121 74 127 149 135 92 82 7 88 70 8 108 102 137 138 86 70 59 87 134 39 73 94 123 124 95 18 139 66 80 54 25 70 59 96 92 81 27 126 118 86 158 138 124 150 114 66 81 23 94 59 113 36 24 124 71
107 41 111 23 72 75 121 133 88 46 31 53 72 65 51 142 50 141 108 67 37 64 88 129 20 75 77 83 129 39 42 126 80 25 102 34 81 85 40 53 26 31 92 93 35 141 127 89 131 134 14 112 71 104 38 148 88 80 77 107
120 51 31 71 124 45 86 114 134 99 98 62 67 49 55 54 114 89 118 71 76 38 51 92 80 43 73 116 77 114 68 102 29 100 23 61 32 13 115 93 101 69 113 97 101 123 100 111 117 59 89 26 33 48 63 60 30 42 125 17
103 113 45 118 136 66 44 69 137 124 133 133 76 76 125 50 139 23 98 84 110 78 53 41 140 66 76 117 22 146 136 60 64 138 91 125 61 68 148 112 138 133 106 85 133 76 56 106 76 19 133 53 107 37 103 54 105 117 134 65
49 96 67 88 85 45 13 30 84 79 92 122 37 50 114 93 92 40 45 43 73 60 34 21 116 47 33 64 32 103 120 19 57 98 107 107 53 71 104 67 98 113 52 32 91 40 18 53 33 62 98 77 106 39 72 98 112 120 82 85
98 27 51 40 94 28 80 102 105 68 66 50 44 25 42 81 82 92 97 45 44 13 40 87 55 26 50 89 79 82 51 92 22 68 51 39 25 24 83 62 69 47 88 76 69 112 91 86 104 75 58 52 35 50 31 87 46 49 96 47
104 9 79 19 85 49 101 119 99 56 49 36 56 41 28 109 68 117 104 53 34 35 63 109 27 48 62 87 103 63 30 110 49 48 69 16 51 51 64 56 49 22 91 84 53 128 109 88 119 103 35 79 41 76 23 114 57 52 88 73
33 79 88 60 45 46 54 56 47 40 54 107 24 42 99 119 52 80 32 21 42 55 47 62 90 48 19 28 71 64 101 52 62 61 113 87 60 78 64 28 61 92 22 14 53 64 53 21 54 94 65 96 101 63 48 125 112 115 43 99
60 118 78 111 104 67 14 20 100 101 115 144 61 73 136 97 114 27 56 67 97 82 54 9 139 68 57 82 29 125 143 13 76 121 122 129 72 89 126 89 121 136 68 50 114 27 10 70 27 64 122 88 126 52 96 101 130 139 101 98
49 62 81 44 48 36 61 70 55 32 43 90 16 29 82 113 47 85 49 9 27 41 42 69 74 37 16 38 74 55 84 63 51 50 100 70 50 66 56 20 49 75 37 30 43 78 64 35 68 92 51 87 85 59 31 120 97 99 48 89
71 102 55 100 107 51 12 40 106 98 109 127 52 59 119 75 112 19 67 59 88 66 37 13 126 51 50 86 10 122 127 30 57 115 100 114 53 68 123 86 115 122 75 54 109 49 26 75 46 43 113 66 106 31 85 80 109 119 104 76
92 21 66 25 81 33 84 103 93 54 51 49 41 25 40 97 68 100 91 39 30 19 47 92 43 32 47 79 87 66 45 94 34 52 65 31 36 40 68 50 53 39 80 71 54 113 94 78 104 88 42 67 43 60 17 103 57 57 83 63
68 51 95 25 44 51 87 95 57 15 18 77 39 41 70 128 30 110 69 32 9 48 61 95 53 52 41 47 98 33 68 89 63 24 103 55 63 74 34 15 24 58 53 54 19 103 90 50 93 111 26 99 81 79 22 134 95 94 46 98
40 110 84 100 85 61 21 13 80 85 99 138 50 65 129 108 96 45 36 54 84 77 51 24 129 63 44 62 43 109 135 7 74 106 124 121 71 89 109 73 106 127 49 32 98 23 10 50 16 76 108 94 123 56 85 113 129 137 81 102
155 44 106 66 132 94 146 168 147 103 91 16 106 89 25 127 111 158 155 104 84 78 107 154 42 93 112 137 145 101 22 158 87 87 71 36 90 80 102 106 88 33 142 135 95 177 157 139 168 134 73 101 42 115 74 131 52 38 135 91
85 84 31 88 110 36 34 63 113 95 103 107 48 46 98 56 111 36 81 55 80 48 24 38 111 36 49 93 23 117 108 52 36 108 75 96 33 45 119 84 108 104 84 64 104 72 49 84 68 28 103 41 84 8 73 62 85 96 109 51
90 27 57 33 84 25 77 97 95 58 57 54 37 19 45 89 73 92 89 37 35 10 38 85 52 24 43 80 79 73 52 88 25 60 60 39 27 32 74 53 60 47 79 68 60 107 87 77 98 79 50 59 43 51 22 95 55 58 86 56
87 109 51 111 123 59 28 53 122 112 123 132 65 69 124 64 127 11 83 73 101 73 46 25 135 60 65 103 7 136 134 44 61 128 97 122 58 70 137 101 128 129 91 71 123 61 40 92 60 31 125 60 109 33 96 68 109 120 120 72
72 57 106 29 38 62 96 103 53 10 8 81 49 52 75 139 20 120 73 42 18 59 72 104 53 63 51 47 109 22 71 97 74 15 112 59 74 85 23 18 15 60 56 60 8 110 98 53 100 123 23 110 88 90 31 145 103 101 42 109
106 85 13 96 128 47 55 84 133 110 116 103 65 57 96 34 126 48 103 71 92 54 39 57 114 46 67 113 38 131 107 73 38 120 60 98 37 39 132 100 120 106 105 85 117 93 70 104 89 16 113 23 76 22 82 40 74 86 127 34
110 44 32 62 114 35 79 105 123 89 88 60 57 39 53 60 104 85 108 60 66 27 42 85 74 33 62 106 72 104 65 95 19 90 33 56 23 5 105 82 91 64 102 87 91 115 93 101 108 59 80 31 34 43 53 66 37 46 114 25
44 95 125 68 7 80 92 86 13 31 45 120 60 73 114 157 28 118 48 54 52 85 85 99 94 82 57 16 110 43 111 85 96 51 143 98 95 110 43 31 50 100 30 47 41 90 88 28 81 134 63 132 124 102 65 164 138 137 4 134
69 127 82 122 115 76 23 26 110 112 126 153 72 83 145 97 125 24 65 77 108 91 62 16 149 77 68 92 31 136 152 23 84 132 127 139 80 95 137 100 132 146 79 61 125 31 20 80 33 64 133 92 133 58 107 101 136 146 111 102
70 74 42 74 93 23 31 57 96 78 86 99 30 32 91 71 93 45 67 38 64 38 9 38 99 24 32 76 32 100 99 46 30 92 79 86 27 44 102 67 92 94 68 48 87 67 44 67 61 46 88 51 80 14 58 77 85 93 92 58
133 22 89 46 113 72 125 145 127 84 74 6 83 67 4 113 94 137 133 81 63 57 85 132 30 71 90 116 124 86 10 136 66 71 61 16 69 61 87 85 72 17 120 113 78 155 135 118 146 116 57 85 29 94 53 118 44 33 116 76
132 61 33 84 137 57 94 122 147 112 111 68 79 62 63 47 127 94 129 83 89 51 61 99 90 55 85 129 82 127 76 111 41 112 14 71 43 25 128 106 113 78 125 109 114 132 109 124 126 60 101 24 38 56 76 52 30 43 138 12
65 47 73 32 59 28 67 81 68 36 41 75 18 18 67 105 51 88 64 13 19 28 38 75 61 29 23 52 76 56 70 73 41 47 87 55 40 54 57 27 47 61 53 44 43 89 73 50 80 88 44 78 70 56 18 112 82 84 60 78
12 116 109 98 63 76 51 33 54 72 88 144 56 75 136 136 80 76 8 57 80 88 70 55 128 78 50 40 73 94 139 37 91 96 143 125 88 107 94 63 95 130 27 25 86 35 40 29 27 105 102 118 136 81 86 141 145 150 58 125
81 88 36 90 109 38 29 58 111 95 104 111 48 48 103 60 110 31 77 55 81 52 25 33 114 39 48 91 18 118 112 47 40 109 81 100 37 50 119 84 109 108 81 61 105 67 44 81 63 30 105 47 88 12 75 65 90 101 107 56
82 56 35 60 94 10 51 76 100 73 78 80 31 20 72 68 89 63 79 36 55 20 12 58 82 9 35 81 49 93 81 65 11 83 62 68 7 26 95 64 83 76 76 59 80 86 64 75 79 51 76 42 60 21 46 74 66 74 93 45
134 27 99 44 110 78 131 150 125 81 69 13 87 72 16 124 89 145 134 84 62 63 92 138 21 77 93 115 131 80 2 141 74 65 73 16 77 71 81 84 66 11 120 115 73 159 140 118 150 126 51 96 41 103 54 129 55 44 113 87
40 84 72 72 68 38 31 40 68 61 74 112 23 40 103 101 74 57 37 27 57 52 32 39 101 40 17 49 48 85 108 33 53 81 105 94 50 69 86 49 80 100 38 18 73 49 33 38 40 74 82 81 99 45 58 107 108 114 66 87
130 24 97 40 106 75 128 146 121 77 65 16 83 68 16 123 85 142 130 80 58 60 89 135 18 74 89 111 129 76 4 137 72 61 74 12 75 69 77 80 62 7 116 112 69 156 137 114 147 124 47 95 41 100 50 129 56 46 109 86
91 24 61 29 83 28 80 100 94 56 54 51 38 21 43 92 70 96 90 38 32 14 42 88 48 27 45 79 82 70 49 91 29 56 62 36 31 36 71 51 57 43 80 69 57 109 90 77 101 83 47 63 43 55 19 98 56 57 84 59
72 119 71 115 114 67 17 32 111 109 121 144 66 75 136 87 122 16 67 72 102 83 54 9 142 69 63 92 21 133 144 25 74 128 117 131 71 86 134 97 128 138 79 60 121 38 21 80 39 54 127 81 124 48 100 91 126 136 111 92
97 49 28 61 105 23 66 92 113 82 84 70 45 29 62 60 98 73 95 49 61 20 28 72 78 21 50 95 60 100 72 81 6 87 46 62 9 10 101 74 88 70 91 74 87 101 79 89 95 52 79 31 47 30 49 67 51 59 105 31
106 64 12 77 119 35 65 93 126 97 100 81 56 43 74 44 113 66 103 62 77 36 34 69 93 33 61 107 54 116 86 82 21 103 43 76 21 16 117 88 104 84 101 83 102 103 79 100 97 38 95 16 55 26 65 51 54 65 119 21
28 90 109 67 26 66 72 67 26 35 51 118 44 60 110 140 41 99 31 39 49 73 68 79 95 68 40 7 90 55 110 65 82 58 132 96 80 97 55 27 57 100 13 27 48 72 68 10 63 115 66 116 116 84 59 147 129 130 23 120
76 131 81 126 121 79 28 33 117 118 131 156 76 86 147 94 131 21 72 82 113 94 65 19 153 80 73 99 30 142 156 29 86 138 127 142 82 97 143 106 138 150 85 68 131 36 27 87 40 62 138 91 135 59 111 98 137 148 118 102
146 35 94 59 126 83 135 157 140 97 86 7 96 78 14 115 106 146 146 94 76 67 95 142 40 81 102 130 133 98 18 147 75 83 60 29 78 68 99 98 84 29 133 126 90 166 146 131 158 122 69 89 30 103 66 120 42 28 129 79
80 31 69 23 70 29 77 94 82 44 44 59 31 19 51 101 58 96 80 28 21 21 42 85 49 29 37 67 83 59 55 85 36 47 75 40 37 46 61 39 47 47 68 60 46 103 85 66 94 89 39 72 55 58 9 108 68 69 72 70
116 77 4 92 133 49 69 98 139 112 115 92 69 57 85 30 127 64 113 75 91 51 45 72 107 47 73 120 54 130 97 87 36 118 45 89 36 29 132 103 119 97 113 94 117 107 84 112 103 29 109 7 64 32 80 36 59 72 132 18
18 111 100 95 66 68 43 27 59 72 88 139 50 69 131 127 81 68 13 52 77 82 62 47 125 70 44 43 64 95 135 29 83 95 135 120 80 99 95 61 94 126 29 21 86 31 32 31 22 96 100 109 129 72 82 132 138 143 62 116
103 94 25 103 129 52 48 77 132 113 120 114 66 62 106 39 129 38 99 73 97 61 41 49 122 51 68 112 29 135 117 66 46 125 72 107 44 49 136 102 125 115 103 83 121 85 63 103 82 9 119 34 87 23 88 44 85 97 128 46
112 101 28 111 139 61 56 84 142 123 130 119 76 71 112 32 139 41 108 83 106 69 51 56 130 60 78 122 36 144 124 74 54 134 73 114 52 55 146 112 134 122 113 92 131 92 70 113 90 1 128 35 92 33 97 36 88 101 138 47
88 31 53 36 85 21 73 94 95 59 60 57 34 16 49 85 75 88 87 35 37 6 34 81 56 20 41 79 74 75 56 84 21 62 60 43 23 30 77 53 63 51 78 66 62 104 83 76 95 75 53 56 45 47 24 92 56 59 86 54
128 18 91 39 106 70 123 142 121 77 66 13 80 64 10 116 86 136 128 77 57 55 84 130 23 69 86 110 123 78 7 133 66 63 67 9 69 63 80 79 64 10 115 109 70 152 132 112 143 117 49 88 34 94 47 122 50 40 109 79
127 53 35 76 131 52 93 120 140 105 103 61 74 56 55 54 120 95 125 77 82 44 58 98 82 50 80 123 83 119 68 109 36 105 16 63 39 20 120 99 105 71 120 104 106 130 107 118 124 63 93 28 31 55 68 59 26 38 132 17
46 82 113 56 16 68 85 84 26 19 35 108 48 61 101 146 23 111 48 42 39 72 74 93 82 70 46 18 102 38 99 81 83 42 130 86 82 98 38 17 41 88 30 42 32 89 83 27 79 123 52 120 110 91 51 152 124 124 16 121
36 76 81 60 52 40 48 54 54 44 58 105 18 37 97 112 57 74 35 17 43 50 40 56 90 42 12 35 64 68 100 48 56 65 108 85 54 72 69 32 64 91 28 15 57 62 49 27 52 87 67 89 97 56 47 118 107 111 50 93
91 25 85 4 69 48 96 111 83 40 33 51 48 38 44 117 52 115 91 43 19 38 62 104 31 48 53 72 102 48 43 103 53 33 82 29 55 60 49 41 34 33 77 73 37 119 103 74 110 107 22 87 56 77 13 123 72 69 72 83
31 125 105 110 81 79 42 16 73 89 104 153 64 81 145 129 97 63 27 66 93 94 71 43 140 81 57 59 63 111 149 24 93 111 144 135 90 108 112 78 111 140 45 36 102 16 28 47 9 97 116 115 141 77 97 134 148 155 77 123
51 94 128 66 1 83 98 93 17 28 41 118 63 75 112 161 22 124 55 57 51 86 89 105 90 85 61 23 115 37 108 92 98 46 144 96 97 112 37 31 45 98 37 53 37 97 94 35 88 138 59 134 123 106 64 167 137 136 6 136
59 77 52 72 84 25 27 50 86 71 81 103 24 32 95 82 86 47 56 31 60 41 15 35 99 27 23 66 35 94 102 39 37 87 88 88 34 52 96 59 87 95 57 38 82 59 38 57 52 55 85 62 86 25 57 88 93 100 82 68
124 57 28 78 130 49 87 115 139 105 105 67 71 54 61 48 120 88 121 75 82 43 53 92 86 47 77 121 76 120 74 104 33 106 21 68 35 17 122 98 107 76 117 101 107 124 101 116 118 56 95 21 38 48 69 53 33 46 131 11
120 11 72 39 105 55 108 129 118 76 69 23 68 50 14 99 88 120 119 67 53 40 68 115 36 54 74 105 106 83 25 119 49 68 52 17 52 45 84 75 68 25 107 99 72 139 118 105 130 99 54 70 21 77 41 104 38 33 107 62
73 48 52 45 78 7 57 77 86 56 61 74 19 3 66 85 72 74 71 22 38 14 20 65 70 8 25 68 61 76 72 67 21 66 71 59 20 36 78 47 66 66 65 50 63 87 66 63 78 68 60 57 61 36 30 91 70 75 78 59
125 14 82 40 107 64 116 137 121 78 69 14 75 58 6 107 89 129 125 73 56 48 77 124 30 62 81 109 116 82 15 127 58 67 58 12 61 54 83 78 68 17 113 105 73 146 127 110 138 109 53 79 26 86 45 113 42 34 110 70
34 93 79 80 69 47 29 32 67 66 80 121 31 49 112 106 78 56 30 35 64 61 40 36 109 49 25 48 49 90 117 26 62 86 113 103 58 77 90 54 86 109 36 16 79 41 27 36 32 77 89 88 108 51 66 112 116 122 66 94
134 66 31 88 141 59 94 122 149 116 115 73 82 65 68 42 131 92 131 86 93 54 62 98 95 58 87 132 81 131 81 111 43 117 17 76 45 28 132 109 118 84 127 110 118 132 108 126 126 57 106 21 43 55 80 47 34 48 141 9
91 27 88 2 68 50 97 112 82 39 31 51 49 40 45 119 50 117 92 44 18 40 64 105 30 50 54 72 104 46 43 104 56 31 85 29 57 62 47 40 32 33 77 74 35 120 104 74 111 109 20 89 58 79 14 125 74 70 71 85
110 26 99 19 82 67 116 131 97 54 41 39 69 58 35 129 61 134 111 64 37 54 81 124 11 66 74 89 121 52 28 123 69 37 86 19 71 72 53 58 38 17 96 93 45 140 123 93 131 123 23 99 56 95 33 135 72 65 86 93
108 29 102 18 78 68 116 131 94 50 37 43 68 59 40 132 57 135 109 64 35 56 82 125 13 68 73 86 122 48 32 123 71 33 90 23 73 75 49 55 34 21 93 92 41 139 123 90 130 125 19 102 60 96 33 138 76 69 82 96
98 27 51 40 94 28 80 102 105 68 66 50 44 25 42 81 82 92 97 45 44 13 40 87 55 26 50 89 79 82 51 92 22 68 51 39 25 24 83 62 69 47 88 76 69 112 91 86 104 75 58 52 35 50 31 87 46 49 96 47
137 33 69 61 126 66 116 141 139 98 91 26 83 64 23 89 110 124 136 84 74 52 77 123 55 64 90 125 111 105 36 130 55 89 35 37 58 44 106 96 90 42 126 115 94 150 129 124 143 97 76 64 5 81 61 94 17 11 128 53
71 54 48 52 81 4 50 71 87 61 67 81 18 10 72 81 77 66 69 24 44 19 13 58 77 6 24 69 53 82 79 61 20 72 72 66 18 36 83 51 72 73 64 48 69 81 60 63 73 62 67 55 65 30 37 87 74 79 81 57
71 41 73 26 61 29 72 87 72 36 39 69 24 19 61 106 52 93 70 20 16 26 41 81 55 30 29 57 80 55 64 79 41 44 83 49 40 53 56 30 44 55 58 51 41 96 79 56 86 90 39 77 65 58 11 112 78 79 63 77
38 126 101 113 88 78 36 9 81 93 109 154 65 82 145 123 103 56 34 68 96 93 69 36 142 80 59 65 57 116 150 18 91 116 141 136 88 106 117 82 115 142 51 40 107 9 22 53 2 91 120 111 140 73 99 128 147 154 84 120
143 51 57 78 140 69 114 140 151 112 108 48 89 70 45 71 126 117 141 91 88 57 77 119 76 67 95 135 104 122 58 129 54 107 14 58 57 39 124 108 108 64 134 120 111 150 127 132 143 84 94 49 20 76 75 75 5 19 141 37
74 124 74 120 117 72 21 33 114 113 126 149 70 80 140 89 126 16 69 76 107 87 58 13 147 73 67 95 24 137 149 27 79 132 120 135 75 90 138 101 132 143 82 64 125 38 24 83 40 56 132 85 128 52 104 93 130 141 114 95
116 46 34 66 119 41 85 111 129 93 93 58 63 44 51 59 108 89 114 66 70 32 48 90 75 39 68 111 76 108 64 100 25 94 27 57 28 10 110 87 95 64 108 93 96 121 98 107 114 61 83 30 31 47 57 65 31 42 120 22
131 66 27 87 139 57 91 119 147 114 114 74 79 63 68 41 129 89 128 83 91 52 59 95 95 55 84 129 78 129 82 108 40 116 20 76 43 26 131 107 116 84 125 108 117 129 105 123 123 54 105 18 44 52 78 46 36 50 139 6
36 116 92 103 83 68 29 10 77 86 101 144 54 71 135 116 96 52 31 58 87 83 59 31 133 70 49 60 50 109 140 12 81 108 132 126 78 96 110 74 107 132 46 32 99 18 16 48 9 84 111 102 130 64 89 121 137 144 79 110
9 112 118 90 44 79 67 53 34 59 75 139 57 76 132 147 63 94 13 55 72 89 77 72 119 81 51 22 88 78 133 55 95 82 147 118 93 111 78 51 81 123 13 28 72 55 59 16 47 118 90 126 135 90 80 153 146 149 39 131
95 109 46 113 129 61 36 62 129 117 127 131 70 71 123 56 132 17 91 77 104 74 48 34 136 61 70 110 14 140 133 52 61 132 93 122 58 67 141 106 132 130 98 78 127 69 49 99 68 23 128 55 106 33 98 60 105 117 127 67
111 29 102 21 81 70 119 133 97 53 40 41 71 60 38 132 60 137 112 66 38 57 83 127 10 69 76 89 124 51 29 125 72 36 89 21 74 75 52 58 37 19 96 95 44 142 126 93 132 126 22 102 59 98 35 138 75 67 85 96
54 139 106 127 104 89 41 15 96 109 125 166 78 94 158 124 119 53 50 82 111 104 78 37 157 91 72 81 57 133 163 25 101 132 149 149 97 115 133 98 131 156 67 56 123 7 26 70 17 91 135 116 150 79 113 129 156 164 100 125
87 69 25 75 105 24 45 73 110 87 93 91 42 34 83 56 103 51 84 48 70 34 16 51 96 24 45 91 38 108 93 62 21 97 63 82 18 30 109 77 98 90 84 65 95 83 59 83 77 36 91 34 69 8 61 62 71 81 105 41
81 93 40 95 111 43 26 55 112 98 107 116 51 52 108 61 113 26 77 58 85 56 29 29 118 43 51 92 13 121 117 44 45 113 85 105 42 54 122 87 113 113 82 62 108 64 41 82 60 31 109 50 93 17 79 67 95 105 109 60
82 79 133 51 34 89 118 120 50 27 22 98 74 79 94 166 13 143 85 67 45 85 98 126 66 90 75 54 133 7 87 116 100 22 137 77 100 111 6 38 22 76 66 78 19 126 118 64 116 149 37 137 111 116 57 172 127 122 39 135
149 39 87 66 133 82 133 157 147 104 95 17 97 79 20 106 115 142 149 96 82 67 94 140 51 80 103 135 129 107 29 146 72 92 50 37 76 62 109 104 93 39 137 128 99 166 145 135 158 115 78 82 23 99 71 111 31 17 136 71
142 70 39 93 148 68 103 131 157 123 121 73 90 73 68 46 137 100 140 94 99 61 71 107 98 66 95 140 90 137 82 120 51 122 12 79 54 36 138 116 123 86 136 119 124 141 117 134 135 64 111 29 43 64 86 49 31 45 149 18
112 4 72 32 97 50 102 123 110 68 61 29 61 44 20 100 80 116 111 60 45 34 63 110 34 49 67 97 102 76 27 113 46 61 57 16 48 44 77 67 61 24 100 91 65 132 112 97 124 98 47 71 28 74 33 106 44 40 100 64
68 79 125 51 22 80 106 106 38 17 22 101 64 71 96 158 2 131 71 56 40 79 89 114 71 81 63 40 121 16 91 103 93 26 134 80 93 106 16 27 25 80 53 64 18 112 105 50 102 139 40 130 110 106 53 164 125 122 26 130
56 59 93 35 38 48 77 84 50 16 27 86 31 39 79 126 32 101 57 24 17 49 56 85 64 49 32 37 90 39 78 78 62 34 106 65 61 75 40 7 34 68 42 42 27 91 79 39 81 106 38 98 87 74 28 132 100 100 40 99
123 94 19 108 145 62 71 100 150 126 130 109 81 72 102 17 141 59 120 88 106 67 56 72 124 61 84 130 52 145 114 89 51 134 57 106 51 46 147 116 134 114 122 102 132 108 86 121 105 19 126 21 80 40 96 23 73 87 144 32
10 103 102 84 51 65 52 42 45 58 74 131 44 64 123 131 66 79 9 44 65 77 62 58 113 67 38 28 73 80 125 42 81 81 133 111 78 97 80 48 80 115 14 13 72 47 45 16 37 102 87 111 123 75 72 137 134 138 47 116
139 30 99 49 116 81 134 154 130 87 75 9 91 75 14 123 95 147 139 88 67 66 95 141 27 80 97 121 133 86 6 144 76 71 70 20 79 71 87 89 72 17 126 120 79 163 144 123 154 126 57 95 38 104 59 128 52 40 119 86
54 104 69 97 93 52 6 25 91 88 101 130 46 58 122 92 101 32 49 52 83 68 40 12 125 54 42 72 27 112 129 14 63 107 111 115 59 77 113 76 107 122 59 40 100 35 12 60 30 60 108 79 113 42 81 97 118 126 90 88
22 97 90 81 60 55 40 35 56 61 76 125 36 55 117 119 72 67 19 38 64 68 50 46 111 57 30 38 60 84 121 32 71 83 123 106 68 87 85 50 83 112 25 8 75 42 35 26 32 90 87 99 116 62 68 124 125 130 57 105
92 57 25 66 104 21 57 83 111 83 87 79 42 29 71 58 99 64 90 47 64 25 21 63 85 19 47 93 50 103 81 72 9 91 53 70 8 18 104 74 91 78 87 69 89 93 70 86 87 45 83 31 56 21 53 64 59 68 104 34
51 71 105 45 25 59 82 85 37 12 28 97 41 51 90 137 23 108 53 34 28 61 66 90 72 61 40 27 98 35 89 81 74 35 119 75 73 88 36 6 34 78 35 42 26 91 82 33 81 117 43 111 99 84 40 144 113 113 27 111
64 80 48 77 90 28 25 50 93 78 87 106 30 36 97 76 93 41 61 38 66 43 15 32 103 29 30 73 29 101 105 39 37 93 86 92 34 51 102 66 93 99 63 43 88 60 37 63 53 49 90 58 87 20 62 82 92 100 89 65
