200 80
463 137 145 353 312 185 200 145 403 353 118 161 431 177 347 158 180 95 239 115 123 239 62 285 130 132 229 170 278 388 234 386 364 460 245 141 199 201 325 128 205 198 191 135 146 347 266 84 412 236 180 117 461 361 332 55 244 187 120 128 326 296 198 201 320 127 406 230 101 431 276 248 78 314 198 102 227 359 398 178
37 27 34 19 28 21 29 22 13 34 48 37 44 18 41 40 21 27 42 50 48 31 49 18 12 16 25 46 34 27 36 17 12 45 35 50 49 45 17 21 15 20 10 39 34 31 38 48 36 18 12 21 19 45 14 23 48 27 11 19 47 23 30 29 22 35 30 50 19 35 12 17 15 14 13 28 20 22 19 10 14 22 43 29 17 48 29 36 15 15 14 34 24 47 15 38 31 24 10 49 19 46 23 41 15 26 31 18 39 50 16 13 30 37 43 21 30 16 37 26 21 46 37 15 50 22 50 18 37 34 26 50 39 16 23 23 44 48 39 33 49 37 45 45 39 14 40 26 47 23 39 35 44 43 33 17 22 34 37 16 10 41 11 50 17 34 20 48 27 14 33 12 10 11 24 50 38 49 44 12 21 22 37 46 42 42 45 42 32 12 31 50 50 44 30 26 42 25 40 21
499 183 162 424 401 221 248 254 427 454 176 301 458 236 492 199 237 188 290 128 143 359 124 303 232 256 258 263 475 431 387 453 427 475 485 145 301 267 394 195 300 221 252 151 150 456 320 167 429 247 180 185 471 428 386 105 280 213 202 245 493 383 222 373 474 161 490 273 161 453 424 401 148 419 229 201 316 374 409 261
114 81 30 47 16 50 53 101 151 50 37 81 94 135 42 90 49 106 36 34 27 164 48 156 104 116 85 43 103 61 63 79 143 126 86 37 117 92 25 64 52 79 95 52 148 133 91 102 88 49 99 31 77 64 47 142 100 95 81 88 68 100 56 22 30 146 139 100 126 165 135 102 111 132 94 46 77 173 39 58
137 92 63 66 45 83 85 131 182 27 21 107 82 138 23 123 78 138 60 31 59 194 59 162 124 129 81 61 114 39 83 93 163 151 118 31 146 124 51 86 28 73 128 45 179 146 110 118 120 76 107 21 81 89 30 167 121 116 114 116 94 132 46 55 62 162 168 128 154 173 143 130 144 157 81 25 100 205 22 67
103 47 83 106 54 95 104 117 168 32 31 137 35 86 75 135 105 130 94 25 66 175 104 111 89 83 29 40 68 28 55 53 124 121 115 81 128 135 84 61 34 21 134 7 166 100 75 77 131 63 59 71 31 122 82 136 86 153 128 144 125 146 7 75 70 118 147 154 130 122 93 109 141 127 37 31 136 193 31 113
55 34 124 158 102 122 135 97 136 109 105 173 74 29 147 149 146 117 144 94 103 134 163 42 42 11 56 73 13 104 58 38 57 72 114 149 99 146 136 61 111 66 140 83 135 24 41 25 143 79 18 140 46 164 154 81 44 197 147 178 163 161 84 119 105 45 108 183 90 50 19 83 132 77 80 107 179 160 106 173
66 7 94 126 69 97 109 93 140 73 68 146 50 54 111 131 117 110 112 57 73 144 129 75 51 41 29 40 26 69 35 18 83 85 101 113 100 129 104 40 75 36 125 47 139 58 40 36 125 54 19 104 12 135 117 98 50 169 126 152 136 142 49 88 76 77 116 159 98 85 55 82 123 91 56 71 150 166 69 139
86 124 95 122 109 74 80 39 39 163 149 96 176 166 161 50 96 20 113 138 95 58 137 172 95 127 157 109 127 169 98 113 110 77 36 151 41 45 115 92 166 159 35 148 36 132 96 111 47 86 134 149 139 105 163 82 92 124 58 94 98 54 152 101 91 127 52 87 57 171 150 53 10 76 181 158 113 55 151 144
66 42 50 86 32 51 64 65 116 71 59 101 82 97 88 87 73 77 72 46 30 126 92 115 56 71 65 13 60 75 16 35 95 80 62 85 78 85 64 16 74 65 83 52 114 87 43 56 81 10 60 78 49 91 93 96 52 124 81 107 91 98 56 47 32 98 99 114 83 122 92 60 87 86 86 67 106 141 61 103
6 64 108 145 99 96 109 44 75 134 124 143 122 89 156 108 124 63 131 111 92 74 155 92 21 50 101 78 56 134 57 55 34 13 69 152 40 103 127 53 137 108 95 110 74 52 33 38 101 66 66 146 83 141 162 28 22 171 108 146 137 117 113 108 91 47 47 146 29 91 71 30 78 20 127 131 154 99 126 165
55 92 83 116 89 64 74 7 48 139 126 102 146 134 145 60 91 13 104 114 76 61 129 141 63 95 127 82 95 143 68 81 83 50 24 137 18 55 103 62 142 130 46 121 46 101 64 79 54 60 102 133 108 104 148 60 60 131 63 102 99 69 125 86 73 98 40 100 35 141 118 22 28 52 151 134 116 72 128 137
146 115 44 27 49 65 60 127 173 68 59 71 120 168 29 98 47 128 28 62 55 188 17 190 137 150 115 77 137 80 97 113 176 157 106 15 143 101 24 97 69 108 107 80 170 167 124 136 98 81 133 21 110 52 27 172 133 75 88 80 59 105 82 41 56 180 166 94 154 199 169 130 129 162 120 65 61 193 60 26
136 124 32 19 59 39 27 103 142 102 90 28 147 179 73 58 10 98 19 88 52 159 35 198 131 153 136 85 142 114 97 118 168 142 77 59 119 62 29 95 104 132 70 106 139 167 121 136 59 77 141 63 125 10 72 156 127 43 48 36 15 62 109 37 50 175 141 50 134 204 175 111 95 146 148 99 25 159 92 40
137 128 37 25 64 40 27 103 139 109 97 21 153 184 80 54 13 96 26 94 57 157 41 202 134 156 142 90 146 121 101 122 169 143 76 66 118 58 36 99 111 138 66 112 136 170 124 139 55 80 146 70 130 5 78 156 129 38 44 29 8 57 116 43 55 178 140 43 134 208 178 111 92 146 154 105 20 156 99 44
158 128 53 26 62 72 65 136 180 79 71 69 132 181 35 102 50 135 32 75 66 196 10 203 149 163 128 90 150 91 109 126 188 168 114 22 152 105 32 109 80 121 112 93 177 179 136 149 102 93 146 31 123 51 31 183 145 68 92 77 58 107 95 51 67 192 175 92 164 212 182 140 135 173 132 76 57 199 72 15
150 103 76 75 60 97 98 146 197 30 31 118 85 146 22 137 89 153 71 43 74 209 64 171 138 140 88 75 125 41 97 105 176 165 133 35 161 138 62 100 29 79 142 53 194 157 124 130 134 91 118 27 90 99 28 181 134 123 127 126 105 145 53 69 77 174 183 139 169 182 153 145 158 171 83 30 109 220 30 71
127 88 46 53 31 66 68 117 167 39 28 92 89 138 27 106 62 123 45 31 44 180 48 161 116 124 84 53 110 51 74 87 155 140 103 27 133 108 35 76 40 77 112 49 165 141 102 112 104 64 105 18 80 74 33 156 112 102 97 100 79 115 51 39 47 156 155 113 142 171 141 117 128 146 89 35 86 190 29 58
125 67 98 115 70 113 120 138 190 26 35 151 31 97 74 154 119 152 106 37 84 197 110 121 110 100 38 62 85 14 77 74 143 142 136 84 150 154 95 83 26 28 154 22 188 116 96 97 149 84 76 74 48 134 81 157 107 164 146 158 138 164 18 90 88 136 169 169 152 134 107 132 162 149 28 28 147 215 33 119
97 53 55 80 26 68 76 99 151 36 24 109 63 103 61 109 78 110 68 11 39 160 80 126 85 89 52 23 75 41 44 53 123 113 93 62 113 109 58 48 39 47 109 23 149 106 70 78 105 43 69 53 45 95 67 128 81 127 101 117 97 120 27 48 43 122 134 127 118 136 105 95 119 119 64 32 109 175 26 90
104 45 113 139 85 122 133 130 178 60 63 168 13 60 107 161 136 146 127 58 95 182 137 85 88 70 9 64 57 51 68 56 116 122 135 114 138 159 117 75 61 12 157 40 177 85 78 72 155 84 46 104 28 153 114 135 87 186 154 175 156 172 38 106 98 106 154 184 136 98 73 120 159 129 19 61 168 204 63 147
112 53 101 123 72 113 122 131 181 40 45 155 17 80 88 153 123 145 112 42 84 187 120 104 97 85 21 57 70 30 68 62 128 130 131 95 141 152 102 74 41 11 151 24 179 100 84 82 148 79 60 86 34 140 95 144 95 171 146 163 143 164 21 94 88 121 159 173 141 117 90 122 157 137 18 41 154 206 44 129
135 84 76 84 53 95 98 136 187 9 14 124 65 126 39 136 93 145 77 27 68 198 77 150 121 121 67 61 106 21 81 88 159 151 126 49 150 137 67 86 9 58 139 33 185 138 107 113 133 80 98 39 70 106 46 166 118 134 127 132 111 145 33 68 72 156 171 144 156 162 133 133 152 157 64 9 118 211 12 85
100 106 38 62 61 18 19 61 97 116 102 46 145 159 103 24 36 53 52 94 47 114 77 174 100 127 130 75 120 125 77 97 132 103 33 92 76 24 56 72 118 128 28 108 94 139 92 109 20 56 122 92 114 47 105 115 95 74 16 48 42 34 113 45 43 142 97 51 91 178 150 70 51 106 148 111 58 115 104 83
10 50 108 145 95 99 113 56 91 124 115 148 107 73 150 116 127 76 131 102 90 90 154 77 7 34 86 70 40 123 49 43 32 29 79 148 55 112 125 47 127 94 105 99 91 38 22 22 110 63 50 141 70 144 156 41 11 176 116 152 141 127 102 106 90 39 63 153 46 78 56 42 91 35 112 121 158 116 117 164
159 108 91 90 73 112 113 158 209 30 38 133 81 147 35 152 105 166 87 51 87 221 79 171 145 144 88 85 129 37 105 112 183 175 147 49 173 153 78 110 28 78 157 56 207 161 131 136 149 102 121 42 93 115 40 190 142 138 142 142 121 160 55 84 91 179 194 155 179 184 155 156 172 181 78 32 124 233 36 85
77 97 58 88 71 37 46 33 71 126 112 72 144 146 123 34 63 26 77 102 57 87 102 157 80 110 126 74 106 132 68 86 107 77 5 113 48 30 78 62 128 127 23 113 68 120 76 92 28 52 110 111 109 75 125 88 76 101 35 73 70 44 117 63 53 120 69 72 64 159 134 45 28 79 148 121 86 91 114 110
110 139 90 109 110 69 70 61 64 166 152 76 188 186 155 32 84 42 103 142 96 84 125 194 116 148 169 117 146 173 111 128 136 103 44 144 67 29 108 105 168 170 24 155 61 155 115 131 33 95 152 144 152 88 156 110 113 102 42 72 81 31 159 97 92 152 80 63 84 195 172 76 27 103 191 161 93 73 154 130
27 69 90 127 87 76 89 22 64 129 117 122 126 105 144 85 105 42 113 105 77 69 138 112 34 67 106 70 68 131 52 59 56 27 47 139 24 81 110 46 132 110 72 108 62 72 38 51 79 53 76 134 87 121 149 41 32 150 86 124 116 95 111 91 75 70 41 124 25 112 89 8 57 31 131 125 134 89 119 147
93 129 96 121 112 75 79 46 44 166 152 93 181 172 162 47 95 26 112 142 97 63 136 179 101 134 162 113 134 172 103 118 117 84 38 151 48 42 115 97 168 164 33 152 41 139 102 117 44 90 140 150 144 102 164 89 99 120 55 90 95 49 156 102 93 134 58 82 64 178 157 60 13 83 185 161 109 56 154 142
39 22 88 124 70 85 98 65 111 93 85 136 79 65 122 112 110 84 110 72 68 115 131 80 24 33 59 42 25 92 23 12 61 57 78 121 72 109 103 24 96 65 104 68 110 48 11 17 106 43 30 113 41 128 128 71 21 161 109 140 127 124 71 85 70 61 87 145 69 85 56 54 98 63 85 90 143 137 86 141
36 91 142 180 134 130 142 70 79 166 157 175 145 97 191 136 158 87 166 144 127 69 190 90 49 64 125 111 76 165 90 84 19 27 98 187 59 131 162 87 168 133 122 141 80 55 63 61 130 101 86 181 110 174 196 17 52 204 138 177 170 145 144 143 126 38 51 175 42 84 76 59 100 24 151 163 187 99 158 199
159 122 63 47 61 84 81 144 191 61 56 91 117 171 13 119 68 146 48 64 70 206 33 194 149 158 115 87 144 73 107 121 188 172 125 8 160 122 43 109 61 107 128 79 189 175 135 146 118 95 139 16 113 72 8 187 145 91 109 99 79 125 81 59 72 190 183 113 171 205 175 146 148 177 115 59 79 212 56 37
91 55 43 71 14 54 63 87 139 49 35 97 76 109 63 95 66 97 58 24 25 149 74 130 80 90 63 17 77 55 38 52 119 105 79 62 102 95 49 41 51 59 95 37 136 106 66 76 90 31 73 54 52 83 69 121 76 116 87 104 85 105 41 36 29 120 123 114 108 139 108 84 105 111 78 44 98 163 38 84
165 139 58 24 71 75 66 140 182 91 83 63 145 192 47 100 50 138 35 87 74 199 10 214 158 173 140 100 160 104 118 136 196 174 116 34 156 104 39 118 92 133 112 105 179 189 145 158 101 101 156 43 134 46 42 189 153 58 91 71 54 104 107 58 74 201 179 85 169 222 192 145 136 179 144 89 49 200 84 3
132 127 37 34 66 36 22 96 131 114 101 17 155 182 87 44 15 88 33 97 57 149 50 199 130 154 143 90 144 125 99 120 164 137 68 74 111 48 42 96 116 139 57 115 128 167 120 136 46 78 144 77 131 12 86 150 125 41 35 24 7 48 118 45 54 173 132 36 126 205 176 105 83 140 157 110 24 146 103 54
153 105 78 76 62 99 100 148 199 31 33 119 87 148 22 138 91 155 73 45 76 211 65 172 140 142 90 77 127 42 99 107 178 168 135 35 163 140 64 102 30 80 144 55 197 159 126 133 136 93 120 28 92 100 28 183 137 124 129 127 107 147 55 71 79 176 185 141 171 184 155 147 161 174 84 31 110 222 32 72
93 139 118 144 131 97 102 53 24 184 170 116 194 176 183 70 118 38 135 159 117 43 160 179 105 137 174 128 139 189 115 128 113 81 57 173 48 66 138 109 186 177 57 168 21 140 109 122 68 106 147 172 155 126 185 82 103 143 79 113 119 72 172 123 113 131 48 105 60 177 159 65 32 78 198 179 133 33 172 166
163 109 100 100 80 120 122 165 216 32 42 143 78 145 45 161 115 173 96 55 95 227 89 170 149 146 86 89 130 36 110 114 185 179 154 59 179 162 87 114 29 76 165 57 214 162 135 139 158 108 122 52 94 124 50 194 146 148 151 151 130 169 56 93 99 181 200 165 184 183 155 161 180 185 74 35 134 240 40 95
85 25 98 126 70 104 116 109 157 60 59 152 32 58 103 141 121 125 113 50 78 162 127 82 69 57 12 45 42 54 48 36 100 103 114 107 118 140 104 54 62 18 137 35 156 73 58 54 136 64 32 98 7 139 110 117 68 171 136 158 140 153 35 91 81 93 134 166 116 94 65 99 138 110 37 59 153 183 59 137
61 36 58 93 39 58 70 64 115 73 62 108 79 91 93 92 80 78 79 49 37 124 99 108 50 64 61 15 53 76 9 28 89 76 65 91 76 90 72 10 76 62 87 53 114 80 36 48 86 15 53 84 44 98 99 91 46 132 87 113 98 103 56 54 39 91 97 120 80 115 85 58 89 82 83 69 113 140 64 110
50 40 62 99 48 57 71 52 103 86 74 108 90 92 104 87 82 67 84 62 43 111 106 107 41 61 70 27 52 88 11 30 80 64 56 101 64 84 78 5 89 73 80 65 101 75 29 44 81 16 55 95 52 101 110 79 37 133 83 113 99 98 69 59 43 84 84 118 68 113 84 45 79 70 94 82 115 128 76 116
103 147 120 144 135 99 103 61 33 189 175 114 201 185 186 69 119 44 136 164 121 51 160 189 114 146 181 134 148 195 122 136 122 90 61 175 57 65 139 116 191 184 56 174 30 149 118 131 67 112 156 174 163 125 188 92 112 140 78 110 118 69 178 126 117 140 58 101 70 187 168 73 35 88 205 184 131 35 177 166
34 50 126 163 109 120 134 81 113 128 121 170 99 51 161 141 146 101 149 109 107 109 170 53 27 16 80 81 30 124 62 47 30 48 103 160 79 137 142 62 130 89 130 102 113 13 36 22 134 80 40 152 67 164 167 55 31 197 140 174 162 151 104 124 108 22 84 177 68 53 32 67 116 53 105 125 179 137 122 180
120 124 43 53 71 31 21 79 111 124 110 26 159 178 103 24 29 69 49 104 59 129 70 193 120 146 145 90 139 134 95 115 151 122 51 90 94 28 55 90 126 142 37 120 108 158 112 128 26 73 140 93 130 33 103 134 115 55 15 28 25 28 124 51 55 162 114 32 110 198 169 90 63 125 161 119 41 126 112 74
69 116 107 138 116 87 96 32 21 166 153 117 172 152 171 72 113 24 127 142 103 37 153 155 81 113 152 109 116 171 94 105 90 57 46 162 24 67 128 88 169 156 56 148 19 116 86 98 67 88 124 160 133 123 174 60 79 146 78 116 117 77 152 112 100 107 28 110 36 153 135 41 30 55 177 162 133 45 156 160
64 73 48 84 52 34 47 35 85 104 90 82 119 123 108 54 62 42 71 79 39 98 96 137 62 90 101 50 84 109 43 62 96 69 25 100 52 52 69 38 106 102 47 89 83 101 55 72 48 27 87 97 84 79 111 84 58 109 51 85 75 66 93 50 36 105 74 88 63 141 113 39 51 74 123 99 92 108 92 105
131 127 37 35 66 35 21 95 130 114 101 17 155 182 88 43 15 87 33 97 56 148 51 199 129 153 143 90 144 125 98 119 163 136 67 74 110 48 42 95 116 139 56 115 127 166 119 135 45 77 144 78 130 13 87 149 125 42 34 25 8 47 118 44 53 173 131 36 126 205 175 104 82 139 156 110 25 145 103 55
83 56 36 70 15 43 54 75 126 62 48 90 85 111 72 83 60 84 56 37 16 137 75 130 73 88 71 17 76 68 33 51 112 96 66 68 90 83 48 33 64 69 82 49 124 103 60 72 79 19 74 62 58 78 77 111 69 111 76 96 79 94 53 31 19 115 112 105 97 138 108 73 92 102 88 57 93 150 50 86
63 119 129 162 133 110 120 47 22 179 167 144 176 145 190 99 137 49 150 154 121 18 176 144 78 107 155 121 113 182 103 108 74 46 69 182 31 94 150 97 182 161 84 158 23 105 86 95 94 102 122 179 137 149 194 42 77 173 105 143 143 104 162 132 118 93 10 138 28 140 126 48 57 41 181 175 159 43 169 184
181 126 122 120 102 142 144 185 237 51 63 163 86 156 64 182 135 195 117 75 116 247 107 181 167 161 99 109 146 51 129 132 202 198 176 78 199 183 108 134 48 89 187 75 235 177 153 156 179 129 136 72 109 144 67 213 164 166 173 171 151 191 72 114 120 197 220 185 204 194 168 182 201 204 81 55 153 261 61 112
68 43 134 168 111 134 147 111 149 112 109 185 70 15 153 163 157 131 154 99 114 147 172 32 56 24 55 82 25 105 70 49 66 85 128 156 113 160 146 73 114 65 154 86 149 30 55 40 157 91 25 147 50 175 160 93 58 209 160 190 175 174 87 130 116 52 121 195 104 42 14 98 146 90 76 110 190 174 110 182
87 81 171 206 149 168 182 134 163 150 148 219 103 33 191 193 193 154 191 138 150 156 210 8 80 50 92 120 60 142 105 85 69 98 156 194 132 189 183 108 151 101 182 125 163 40 85 68 186 126 63 185 88 211 198 101 83 244 191 224 210 204 125 167 152 50 134 228 119 6 28 120 170 102 108 148 226 185 148 220
85 45 135 167 110 138 151 124 165 101 101 188 53 17 145 170 159 143 153 92 115 164 169 42 71 42 42 82 36 93 74 54 86 102 138 150 128 168 144 79 102 52 163 77 165 50 67 53 164 95 30 140 43 177 152 112 72 210 166 194 177 182 77 130 118 71 138 200 120 55 33 111 158 108 59 100 192 190 101 179
94 92 24 55 44 3 16 62 105 99 85 53 128 146 89 41 32 60 43 77 29 121 69 162 92 116 113 58 108 107 63 84 126 100 39 79 78 41 44 59 101 112 44 91 103 129 82 98 37 42 109 78 99 48 91 114 87 79 33 58 45 51 95 30 25 135 101 64 92 168 139 69 62 104 131 94 62 126 87 77
119 61 99 118 70 112 120 135 186 31 38 152 25 90 79 153 120 148 108 38 83 192 114 115 104 94 31 59 79 21 72 68 137 137 133 88 146 152 97 78 32 21 152 21 184 110 91 90 148 81 69 78 42 136 86 151 102 166 145 159 139 164 17 91 87 130 164 170 147 127 100 127 159 143 24 33 149 211 37 123
75 130 136 168 142 116 125 55 15 189 177 147 188 157 198 101 142 54 157 165 129 8 182 155 89 118 167 131 125 192 113 120 84 57 75 190 40 96 157 108 192 172 86 169 17 117 98 107 97 111 134 187 149 154 202 52 89 175 108 146 147 106 173 140 127 103 22 139 40 150 137 59 59 52 193 185 163 32 179 190
182 181 90 68 118 88 75 140 163 159 148 37 206 236 122 77 66 128 77 146 110 183 78 253 181 206 195 143 198 171 153 173 214 184 112 108 154 82 87 149 161 191 92 165 161 219 173 189 82 131 198 115 184 49 118 195 177 19 72 34 47 71 168 96 107 224 173 37 171 258 229 152 118 186 207 156 35 173 149 74
85 29 113 142 86 118 130 115 161 75 74 166 34 43 119 153 136 133 129 66 93 164 143 67 69 49 17 59 36 67 57 40 95 103 124 123 122 151 120 63 76 27 148 51 160 64 60 52 148 76 25 114 19 154 126 115 69 187 148 173 155 165 50 107 96 85 136 180 118 79 52 104 146 109 40 74 169 187 74 153
63 14 79 112 55 81 94 81 131 69 61 131 59 69 101 116 102 98 98 49 58 136 116 88 48 49 39 26 35 68 20 13 85 81 87 102 91 114 89 26 71 43 110 44 129 66 35 38 110 39 31 93 21 120 108 95 46 153 111 137 120 127 47 74 61 82 108 144 91 97 67 72 110 87 64 66 135 156 63 126
67 122 128 161 134 109 118 47 16 181 169 141 179 150 190 96 135 47 149 156 121 16 175 149 82 111 159 122 117 184 105 112 79 50 68 182 32 91 149 99 184 164 81 161 17 110 90 99 91 103 126 179 140 147 194 47 81 170 102 140 141 101 164 132 119 98 14 135 32 145 130 50 54 46 185 177 157 38 171 183
83 138 137 167 145 117 125 59 9 194 181 144 195 166 200 98 142 54 157 169 132 12 182 165 98 127 174 136 133 197 119 127 94 67 75 192 46 93 158 113 197 179 83 175 12 126 106 115 94 115 142 189 156 152 204 62 97 172 105 142 145 101 178 141 129 113 31 135 48 161 147 64 56 62 200 190 160 22 183 189
45 18 84 120 65 82 96 68 115 87 79 133 74 66 116 112 106 86 106 66 64 120 126 82 30 37 54 37 27 86 19 7 67 62 79 116 76 109 98 21 90 59 104 62 114 53 16 22 106 40 29 108 36 125 122 77 27 158 108 138 124 123 65 81 66 66 92 143 74 88 59 57 100 69 80 84 139 141 80 136
66 65 42 79 42 32 46 45 95 93 80 83 110 118 98 61 60 53 66 68 30 108 90 133 62 86 92 39 79 99 36 56 98 74 35 92 60 59 62 31 96 93 56 78 93 99 52 69 55 17 81 87 75 77 103 89 57 109 56 87 75 72 82 43 28 106 83 92 71 138 109 46 61 79 113 88 91 119 82 99
89 31 107 136 80 114 125 116 164 66 66 161 28 52 110 151 131 133 123 58 88 167 136 76 73 56 8 55 42 58 56 42 102 108 123 115 124 149 113 62 67 18 146 42 163 72 63 57 145 74 32 106 15 148 117 120 73 181 145 168 150 162 41 101 91 92 139 176 121 88 61 106 146 114 33 65 163 189 66 146
88 29 102 131 75 109 121 113 161 62 61 157 29 56 106 146 126 130 118 53 83 165 131 80 72 57 8 50 43 55 52 39 102 106 119 111 122 145 108 59 64 16 142 38 160 73 61 57 141 69 33 101 11 143 113 120 71 176 141 163 145 158 37 96 86 93 137 171 120 92 64 103 143 113 34 61 158 187 61 141
116 73 52 67 27 69 74 112 163 29 15 103 74 122 40 111 71 120 57 15 42 174 64 145 104 109 68 41 95 39 62 73 143 131 101 43 127 111 47 66 31 61 114 33 161 126 90 98 107 56 89 34 64 86 47 146 100 116 102 110 90 120 36 44 46 142 149 122 134 155 125 110 127 137 74 24 99 187 17 74
51 60 57 95 54 46 60 34 86 101 89 96 110 110 112 68 74 47 81 76 44 96 105 123 48 75 91 44 70 105 32 50 83 59 35 106 48 65 77 26 104 93 60 83 84 87 41 57 62 23 74 101 73 91 116 74 44 123 65 99 88 79 87 58 42 92 70 102 57 126 99 32 58 64 115 97 105 110 91 115
101 137 99 122 117 78 81 54 48 171 157 91 188 181 165 46 96 34 114 147 102 68 138 187 110 142 169 119 142 178 110 126 126 92 45 154 57 42 118 104 174 171 34 158 46 148 111 126 44 97 148 153 151 102 166 97 107 118 55 88 95 46 162 105 98 142 66 79 73 187 165 68 20 92 192 167 108 58 160 143
154 139 48 17 72 57 45 121 158 109 98 32 157 194 72 72 29 115 29 98 68 176 29 214 149 170 149 100 159 121 114 134 186 160 95 58 137 77 39 112 111 143 85 116 156 185 138 153 74 94 157 65 139 16 69 174 145 32 63 39 24 74 119 52 67 193 159 54 152 221 191 129 111 164 158 106 18 175 100 29
21 41 107 144 91 100 113 63 101 116 108 150 97 64 145 120 126 83 129 96 88 100 151 71 7 25 76 65 30 115 44 34 37 39 83 144 64 117 123 43 119 84 110 91 100 33 16 12 114 61 39 136 60 144 151 51 11 176 119 154 142 131 94 104 88 39 73 156 56 73 48 49 98 45 103 113 159 126 110 161
168 112 115 117 93 134 137 175 226 40 53 160 72 142 62 175 130 185 113 64 108 236 106 167 154 147 85 98 132 38 117 119 189 185 166 76 188 176 103 122 37 75 179 62 224 163 140 142 172 118 122 69 95 141 67 200 151 165 166 168 147 184 59 107 112 183 209 181 193 180 154 170 192 192 68 44 151 251 50 112
96 94 23 54 44 2 15 63 106 99 85 52 130 148 89 40 30 61 42 77 30 122 68 164 93 117 115 60 109 108 64 85 128 101 39 79 79 40 43 61 102 113 43 92 103 130 84 100 36 43 110 78 100 47 91 115 88 78 32 56 44 50 96 30 26 137 102 62 93 169 140 70 62 105 132 95 60 126 88 76
135 77 100 114 73 116 123 146 198 22 34 151 40 107 69 158 120 159 105 40 88 206 107 132 120 111 49 69 96 10 86 84 154 152 142 79 159 158 95 91 21 39 159 30 196 128 107 107 154 91 87 70 59 134 75 167 118 163 149 159 139 168 26 92 92 147 178 171 161 145 118 140 168 159 36 25 147 223 32 115
73 20 76 108 50 82 93 89 139 59 52 130 53 73 93 118 100 104 94 40 56 145 110 94 58 57 34 23 43 58 26 23 94 90 92 95 99 117 85 32 62 36 114 34 137 74 44 48 113 41 37 86 18 118 99 105 56 151 112 136 119 129 37 70 59 91 117 144 100 103 73 80 116 97 57 56 132 164 53 120
125 75 69 82 44 87 92 126 178 11 4 119 62 119 43 128 88 136 73 17 59 188 76 143 111 112 61 51 97 22 71 78 149 141 117 50 140 129 63 76 14 53 131 26 175 129 97 103 125 69 90 40 62 102 50 156 108 131 119 127 106 138 26 61 63 146 161 139 146 154 125 122 143 147 61 7 114 202 2 85
57 78 62 97 67 45 57 21 70 117 104 89 129 125 123 55 74 29 84 92 54 83 110 136 59 89 110 61 85 122 51 67 88 59 18 115 37 51 83 44 120 112 44 101 68 98 55 71 48 39 90 111 92 89 126 72 55 118 55 92 84 65 105 65 51 100 60 92 50 138 113 27 40 62 133 113 102 94 106 118
187 181 89 63 116 91 78 147 174 154 143 42 203 237 114 85 67 136 73 143 110 193 71 255 185 209 193 143 199 166 154 175 219 190 119 101 162 90 84 151 156 188 101 161 171 223 176 192 90 133 199 109 183 48 110 202 181 15 80 41 49 81 165 95 108 229 181 48 178 261 231 158 127 193 203 151 33 184 145 65
109 120 51 68 76 33 29 66 94 130 116 41 160 173 115 9 43 54 62 109 62 113 84 186 111 139 144 90 133 139 90 111 140 109 38 103 79 12 67 86 133 143 21 123 91 150 104 121 9 70 136 104 129 49 116 121 106 70 2 41 42 19 127 59 57 152 99 40 96 190 163 77 47 112 163 126 57 110 118 89
145 101 66 65 52 87 88 138 188 33 30 108 89 147 15 126 79 144 61 40 65 201 55 171 133 138 89 70 123 45 91 102 172 159 124 26 154 128 52 95 33 81 132 54 186 155 119 127 124 84 116 17 90 89 22 175 130 113 117 116 95 135 55 59 68 171 176 129 162 182 152 137 149 165 88 32 99 211 30 62
49 11 96 131 74 95 108 79 125 89 82 146 67 53 122 125 118 98 116 70 75 127 136 70 33 28 47 45 15 86 30 10 66 67 92 123 85 122 109 34 91 54 117 63 124 45 23 19 119 52 16 115 30 136 129 81 32 170 121 151 136 136 65 92 77 61 99 156 81 77 47 67 112 74 73 86 151 150 83 146
36 44 123 160 105 118 132 82 116 122 116 169 93 48 156 140 144 102 145 104 104 114 166 51 27 11 74 77 24 119 58 42 35 52 103 156 82 136 138 59 125 83 129 96 116 13 33 18 134 78 34 148 61 162 162 60 31 195 139 173 160 151 98 120 105 27 88 176 71 53 29 68 117 57 99 120 177 140 117 176
144 97 72 74 55 93 94 141 191 25 25 116 81 141 24 133 87 148 69 37 69 203 65 165 132 134 83 69 119 37 91 99 170 159 128 35 156 134 60 94 25 74 138 48 189 151 117 124 130 85 112 26 85 97 30 175 128 123 123 124 103 141 48 65 72 168 178 137 163 177 147 139 154 165 79 25 108 215 24 72
29 54 126 163 111 119 133 77 107 132 125 169 105 58 163 138 146 97 149 112 108 103 171 58 25 23 86 83 36 129 63 50 24 42 100 162 74 134 143 63 134 94 126 106 107 18 36 25 131 81 46 155 72 164 169 49 29 196 137 172 161 148 108 124 108 20 78 175 62 57 38 63 112 46 111 129 178 131 126 181
159 123 61 43 61 82 78 143 190 64 58 87 120 173 17 116 65 144 45 65 69 204 29 196 149 159 118 87 145 76 107 122 188 171 123 8 159 119 41 109 64 110 125 82 187 176 135 146 115 94 140 17 115 68 12 186 145 87 106 95 76 122 83 57 71 190 182 110 170 206 176 145 146 177 118 62 75 210 59 33
97 116 62 85 82 41 43 51 76 137 123 59 161 166 127 15 59 37 76 114 67 95 100 178 100 131 144 90 126 145 87 106 127 95 24 116 63 10 80 81 140 144 4 127 73 140 96 113 9 69 130 116 127 66 129 105 97 88 20 58 60 24 131 69 63 140 82 55 80 180 154 64 29 97 165 133 75 92 125 106
163 147 56 22 79 66 54 130 167 113 102 38 162 202 73 80 38 124 35 103 76 185 29 221 158 178 155 108 167 125 122 142 195 169 104 59 146 85 45 121 114 149 94 121 164 193 147 161 83 102 165 67 146 25 69 183 154 30 72 45 32 82 124 60 75 202 168 59 161 229 199 138 120 173 163 109 21 183 104 25
46 105 133 169 132 117 128 52 47 172 162 157 162 123 189 114 145 63 156 149 122 38 181 120 61 87 141 115 95 173 94 95 49 27 80 184 37 109 154 90 175 148 99 150 48 83 73 78 109 99 105 179 124 160 194 17 62 186 119 157 154 122 153 135 120 68 21 154 22 115 103 47 75 21 167 169 171 67 163 190
112 123 52 68 77 34 30 68 96 131 118 39 162 175 115 9 43 56 62 110 63 115 84 189 113 142 147 92 136 141 93 113 143 112 40 103 82 13 67 88 134 145 22 125 93 153 107 124 11 73 138 104 131 47 116 123 109 68 1 39 40 17 129 60 59 155 101 37 99 192 165 80 49 115 165 127 55 111 120 89
11 61 117 155 106 107 121 59 87 135 127 156 117 77 162 122 135 78 141 114 100 84 164 78 19 39 96 82 48 134 60 54 22 22 83 159 54 117 136 58 138 104 109 111 87 38 33 32 115 74 58 152 80 153 167 32 22 184 122 159 149 132 113 116 100 33 58 160 42 76 58 44 93 27 122 132 166 111 128 174
58 68 53 90 54 40 53 33 84 104 91 88 116 118 111 60 68 42 76 79 42 96 101 131 56 83 98 48 78 109 39 57 89 64 28 104 48 57 73 33 106 99 52 87 81 95 49 65 54 26 82 100 80 85 115 78 52 116 57 92 81 71 91 55 40 99 71 94 59 134 107 34 52 68 120 99 98 108 93 110
144 132 40 21 67 46 34 110 146 109 97 24 154 187 77 60 18 103 25 95 61 164 36 206 140 161 144 94 151 121 106 126 175 149 83 63 125 65 36 104 111 140 73 113 143 176 129 144 62 85 150 68 133 5 75 163 135 35 51 32 13 63 117 46 59 183 147 46 140 213 183 118 99 153 155 105 17 163 99 38
46 71 69 105 70 54 66 18 69 117 105 100 124 116 127 65 83 33 92 93 58 80 117 126 49 79 105 60 77 122 46 60 77 49 28 120 32 61 90 40 120 108 54 99 67 88 46 62 59 39 82 116 86 98 131 63 45 128 65 102 94 76 103 71 56 89 55 103 42 128 103 18 46 53 129 113 111 94 107 126
83 80 28 64 39 15 29 54 101 94 80 66 119 134 91 49 43 56 51 71 24 116 76 150 79 103 103 48 95 102 51 71 114 89 35 82 71 48 49 47 97 102 48 84 99 116 70 86 44 30 96 80 88 60 94 104 75 92 43 70 57 60 88 32 21 123 93 76 83 155 126 59 61 94 122 89 74 123 82 85
96 56 146 177 120 150 162 136 177 107 108 199 55 19 152 182 169 155 164 100 126 175 178 41 83 52 48 93 48 97 86 66 95 113 150 158 140 180 154 91 108 57 175 84 176 59 79 65 176 107 42 148 53 188 159 122 84 221 178 205 188 194 83 140 129 79 149 212 132 55 39 123 170 119 60 107 202 201 108 188
85 29 82 110 54 90 101 102 152 49 45 136 40 73 88 128 105 117 97 35 63 159 111 97 70 65 24 31 50 46 39 35 105 103 104 92 113 127 87 46 51 23 125 23 151 82 57 59 123 52 42 82 15 123 95 118 68 155 122 143 124 139 25 75 66 100 131 152 113 107 78 94 129 110 44 47 137 178 45 121
127 88 46 53 31 66 68 117 167 39 28 92 89 138 27 106 62 123 45 31 44 180 48 161 116 124 84 53 110 51 74 87 155 140 103 27 133 108 35 76 40 77 112 49 165 141 102 112 104 64 105 18 80 74 33 156 112 102 97 100 79 115 51 39 47 156 155 113 142 171 141 117 128 146 89 35 86 190 29 58
164 153 62 33 87 67 54 128 162 125 114 28 173 209 87 73 40 120 44 114 82 180 43 227 161 183 164 115 172 137 127 147 196 169 101 73 144 78 54 125 126 159 87 132 159 197 150 166 76 106 171 80 154 22 83 182 156 16 65 33 26 73 135 67 80 205 165 46 159 234 204 137 114 173 174 122 10 176 115 40
58 26 117 152 95 117 130 97 138 100 96 168 66 31 138 146 140 117 138 85 97 138 156 49 44 18 47 65 9 95 53 32 64 76 112 141 101 144 129 56 102 57 138 74 138 33 40 26 140 74 9 132 37 158 145 87 45 192 143 173 158 158 75 113 99 53 111 178 93 57 27 84 131 82 71 98 173 163 97 166
86 113 73 100 89 52 57 38 60 144 130 76 162 160 139 31 74 21 90 120 75 78 115 169 91 123 144 92 120 151 85 102 114 81 18 129 48 26 93 79 146 145 16 131 57 131 89 105 26 70 126 128 126 83 141 90 88 105 37 75 76 38 135 79 71 129 65 71 65 170 146 52 13 82 166 139 92 77 132 121
88 143 142 172 150 122 130 64 14 199 187 148 200 170 206 102 147 59 162 175 137 13 187 169 103 132 179 141 138 203 125 132 98 71 81 197 51 97 163 119 202 185 87 180 17 131 111 120 99 121 147 194 161 156 209 66 102 176 110 146 150 105 184 147 134 117 35 138 53 164 151 70 61 66 205 195 165 18 189 194
47 88 89 123 92 71 82 6 47 140 128 111 144 127 149 70 99 22 111 115 80 57 136 133 56 88 123 82 89 144 66 77 73 40 34 142 10 65 110 60 143 127 56 121 45 93 58 72 64 62 97 138 105 113 153 50 53 140 73 112 108 79 125 92 78 89 33 110 25 132 111 14 37 42 149 136 125 72 130 145
155 107 80 77 64 101 102 151 201 32 35 121 88 150 22 140 93 157 74 47 78 213 66 174 142 144 91 80 129 43 101 110 180 170 137 36 166 142 66 105 31 82 146 57 199 161 128 135 138 95 121 29 94 102 28 185 139 125 131 129 108 148 57 73 81 178 188 142 173 186 157 149 163 176 85 33 111 224 34 72
131 72 108 125 80 123 130 147 198 34 44 161 27 96 82 164 129 161 115 47 94 204 119 121 115 104 40 71 89 22 85 80 148 149 145 92 158 163 105 91 34 30 163 32 196 119 103 102 159 93 79 82 53 144 89 163 114 174 156 168 148 174 28 100 98 140 177 179 159 134 109 139 171 155 23 37 157 223 42 128
116 133 67 81 91 48 45 70 89 146 132 47 175 184 130 7 57 54 76 124 77 109 97 196 119 149 159 104 144 155 103 123 146 114 43 117 81 9 82 98 148 158 18 139 86 159 115 131 13 84 148 119 143 59 130 124 115 74 16 44 51 5 143 74 73 159 98 37 98 199 173 83 43 115 178 141 64 101 134 102
115 86 23 40 18 44 46 99 147 58 45 73 101 140 45 84 41 102 28 42 25 161 43 161 106 120 92 47 107 69 66 83 145 126 81 37 115 85 18 66 60 87 89 60 145 136 93 105 81 50 104 34 83 56 48 142 102 87 74 80 60 92 64 16 27 148 137 92 125 170 139 100 106 132 102 54 70 169 47 53
147 88 118 131 91 134 141 162 213 39 52 169 39 109 83 176 138 175 123 58 106 221 123 134 132 120 55 85 105 28 100 97 164 165 159 95 174 176 113 106 38 46 177 46 212 135 119 118 172 108 95 85 69 152 89 179 130 180 168 177 156 186 42 110 110 155 193 189 175 148 123 155 185 172 34 43 164 239 50 131
157 103 98 101 77 118 121 160 211 26 38 143 71 138 47 158 114 169 96 50 92 222 91 163 143 139 79 84 124 29 104 108 179 173 150 61 174 160 87 109 23 69 162 51 209 155 129 132 156 103 115 53 87 125 53 188 140 149 149 151 130 168 49 90 95 174 195 164 179 175 148 156 176 179 67 30 135 235 35 97
90 98 40 69 59 19 26 51 90 114 100 56 140 151 106 28 43 45 58 91 44 107 83 165 90 117 123 69 111 122 69 89 121 92 24 96 66 27 60 64 117 123 27 105 87 129 83 99 23 49 114 95 108 56 108 105 86 84 24 58 51 40 109 47 40 132 88 60 82 168 141 60 45 96 143 110 68 109 103 91
85 34 121 151 94 126 138 119 164 84 84 175 39 34 128 160 145 137 138 75 101 165 152 59 70 46 25 68 35 76 64 45 92 103 130 133 125 158 129 69 85 35 154 60 163 59 63 52 154 83 25 123 28 163 135 115 70 196 155 181 163 171 59 115 104 80 137 188 119 71 45 107 151 109 45 83 177 189 84 162
12 54 114 151 101 105 119 60 92 129 121 155 110 71 156 122 133 80 137 108 97 90 160 74 13 33 89 76 41 128 55 47 26 28 84 154 58 118 132 53 132 97 110 104 92 34 27 25 115 70 51 147 73 150 162 39 17 182 122 158 147 132 107 113 97 33 64 159 47 73 53 46 95 34 115 126 164 117 122 170
79 109 76 104 90 55 61 31 55 143 130 82 159 154 141 38 78 13 94 119 75 72 119 163 85 117 141 90 115 150 82 98 107 74 16 131 40 33 96 75 146 142 23 129 52 124 84 100 33 68 121 130 123 88 143 83 82 111 43 82 82 45 134 81 72 122 58 78 58 164 140 45 10 75 163 139 98 73 132 126
127 114 22 22 49 31 21 96 137 95 82 35 138 169 69 57 5 92 14 79 42 154 37 188 122 143 127 75 133 106 87 108 158 134 71 56 112 60 23 85 97 122 67 97 134 158 111 126 57 67 132 59 115 20 69 148 118 53 47 43 22 63 100 28 40 166 134 55 126 194 165 103 91 138 139 91 34 155 84 44
72 96 65 96 76 45 53 26 64 130 116 80 146 143 129 40 71 18 85 105 62 80 110 153 76 107 127 77 104 136 68 85 101 70 3 120 40 35 85 62 133 129 27 116 61 115 73 89 34 54 109 118 109 83 132 81 72 109 42 81 78 50 120 70 59 115 61 79 56 155 130 38 24 72 150 125 94 85 118 118
85 75 166 201 144 164 178 132 162 144 142 215 97 27 186 190 188 152 187 132 146 156 205 3 77 47 86 115 55 136 100 80 69 98 153 189 130 186 178 103 145 96 179 119 163 38 81 65 183 122 58 180 83 207 193 101 80 240 188 220 206 200 119 162 148 50 133 224 118 11 23 118 167 101 102 143 221 185 142 215
23 82 115 152 111 101 113 40 59 149 139 145 139 105 168 105 129 57 138 126 102 57 163 105 39 67 118 92 73 150 71 72 39 6 68 163 30 101 135 67 152 125 91 126 59 66 50 56 99 77 83 158 101 145 173 16 39 173 108 146 140 114 129 116 100 56 30 145 15 103 86 29 71 6 144 145 157 83 140 172
43 76 78 114 80 62 74 9 60 127 114 106 131 118 137 69 91 28 101 102 68 70 126 126 48 80 111 69 79 130 53 65 72 42 30 130 22 64 99 47 129 115 56 108 59 87 48 63 62 48 86 126 93 106 141 55 45 135 70 108 102 79 111 81 66 86 45 107 33 127 103 10 43 45 136 122 119 85 116 135
147 95 87 91 65 106 109 149 200 17 27 133 69 134 40 147 103 158 85 39 80 211 82 158 133 132 75 74 116 25 94 99 171 163 139 52 163 148 76 98 15 65 151 43 198 148 119 124 144 92 108 44 80 114 46 179 130 140 138 141 120 156 42 79 84 167 184 154 169 171 142 145 165 169 67 20 125 224 25 89
30 30 97 134 80 92 106 64 107 104 96 143 87 63 133 116 118 84 119 83 78 108 141 74 14 27 66 53 24 102 33 22 50 48 81 132 68 113 113 33 107 73 107 79 106 39 8 9 110 51 32 124 49 136 139 62 13 169 114 147 134 128 81 94 79 50 81 151 63 78 50 51 98 55 92 101 151 132 97 151
57 75 156 192 138 149 163 106 129 152 147 199 116 52 188 168 176 125 178 135 136 121 199 39 55 38 99 110 53 147 91 75 34 66 130 189 101 164 171 92 154 109 156 126 129 21 65 51 162 110 61 180 89 194 194 66 60 226 168 203 192 178 127 153 137 16 100 205 86 32 32 92 140 68 122 150 208 150 148 209
30 63 132 170 118 124 138 78 104 140 133 174 113 63 171 141 152 98 155 121 114 99 178 60 30 30 94 91 44 137 71 58 16 40 103 170 74 137 149 70 143 103 129 114 104 22 43 33 134 87 54 162 80 169 177 44 35 201 141 177 167 151 116 131 114 14 75 178 60 57 43 64 113 43 119 137 183 127 134 188
143 135 43 27 71 46 33 108 142 115 102 17 159 190 83 55 20 100 31 100 63 161 43 208 140 163 148 97 153 126 108 128 175 148 80 69 123 60 41 105 116 144 69 118 139 177 130 145 58 86 152 74 137 2 81 161 135 32 47 25 7 57 121 49 61 184 144 39 138 214 185 116 95 152 160 111 13 158 104 45
55 114 139 174 139 122 133 57 42 181 170 160 171 133 197 116 150 65 162 157 129 30 187 129 71 96 151 123 104 182 103 105 57 36 83 191 41 111 160 98 184 157 101 158 44 91 82 87 111 106 115 186 133 164 201 26 72 189 121 160 158 123 162 142 127 76 20 156 28 123 112 53 76 30 177 177 175 60 172 196
108 132 76 94 97 55 55 60 74 153 139 62 177 181 141 17 69 43 88 130 83 94 110 191 113 144 160 106 141 161 103 121 137 104 37 129 70 14 93 97 155 160 12 143 71 153 110 126 18 85 145 129 143 73 142 113 110 89 27 59 66 18 147 83 79 151 85 52 87 193 168 74 30 105 181 148 79 86 141 115
60 81 62 96 68 44 56 21 69 119 106 87 131 128 123 52 72 27 84 94 54 83 109 139 62 92 112 64 89 124 53 70 90 61 15 115 37 48 82 47 122 114 41 103 67 102 58 74 45 41 94 112 95 87 127 74 58 116 52 89 83 62 107 65 51 103 60 89 51 141 116 29 37 64 136 114 100 93 108 117
158 146 55 26 80 61 48 123 158 118 107 27 166 202 81 70 33 116 37 107 75 176 38 220 154 176 157 108 165 130 120 140 190 164 96 67 139 75 47 118 120 152 84 125 155 190 144 159 73 100 164 74 147 16 78 177 150 23 62 33 22 71 128 59 73 198 160 47 154 227 197 132 111 167 167 115 10 173 109 36
82 105 63 91 78 42 48 36 67 133 119 71 152 153 129 29 65 24 81 109 64 85 106 164 86 117 134 82 113 140 76 94 112 80 10 118 49 25 83 70 136 135 17 120 65 126 83 99 23 60 118 117 117 76 131 91 82 100 33 71 70 39 125 69 60 125 69 69 66 166 140 49 22 82 156 129 86 86 121 113
67 56 146 181 124 144 157 114 147 128 125 195 86 21 168 169 168 134 166 114 125 143 185 21 58 26 71 95 35 121 80 60 58 82 133 170 113 166 158 83 129 81 160 102 147 22 61 44 163 101 39 161 65 186 175 88 61 219 167 199 185 180 103 142 127 41 118 204 102 28 3 99 149 86 91 126 201 171 125 195
82 95 47 77 62 26 35 42 82 117 103 64 139 146 112 32 52 37 66 94 48 98 92 159 83 112 122 68 106 125 65 85 113 84 15 103 57 29 68 60 120 122 26 106 79 122 77 93 26 47 109 101 105 65 115 96 79 93 30 66 60 43 110 53 44 125 79 67 73 162 135 51 38 87 143 113 77 102 106 99
100 51 62 86 33 75 83 104 156 32 22 116 56 100 62 116 84 116 74 9 46 165 85 123 86 88 47 27 74 35 47 53 124 116 99 65 117 116 64 51 34 41 116 16 154 105 72 78 112 48 67 56 42 101 69 131 83 133 108 123 104 127 20 55 50 122 138 134 122 133 103 99 125 122 57 28 115 180 23 95
168 154 62 30 86 71 58 133 168 121 110 35 170 209 81 80 42 126 43 111 83 186 37 228 163 184 162 115 173 133 128 148 199 173 106 67 149 85 52 126 122 157 94 129 165 199 152 167 83 108 171 75 153 26 77 187 159 22 72 41 32 80 132 67 81 207 170 55 164 235 205 142 121 177 171 118 18 183 112 33
49 60 59 97 56 48 61 33 84 103 90 97 111 109 114 69 76 46 83 78 46 94 107 121 47 74 92 45 69 107 33 49 81 57 35 108 47 66 79 26 105 94 60 84 82 86 40 56 63 24 73 103 74 93 118 72 43 124 67 101 90 80 88 60 44 90 68 103 55 125 98 30 58 62 115 98 107 109 92 117
77 20 83 113 56 89 100 96 146 58 52 137 45 68 95 126 106 112 100 41 63 151 115 90 62 57 26 30 42 54 34 27 97 95 100 98 106 124 91 40 60 28 122 32 144 74 49 50 121 49 35 88 11 124 102 109 60 157 120 143 125 137 34 77 66 92 123 151 106 101 71 87 124 102 49 55 139 171 53 125
131 143 67 73 94 52 44 85 106 147 134 34 181 195 126 20 51 71 71 127 81 125 89 209 133 162 166 111 156 157 113 133 161 130 58 113 98 25 78 108 149 164 34 143 103 172 127 144 26 93 158 115 151 49 125 140 129 59 21 29 41 13 147 75 77 174 115 21 115 212 185 98 60 131 184 143 51 117 136 92
37 92 113 148 112 96 108 32 44 155 143 137 149 120 170 95 124 45 135 131 101 44 160 121 51 81 129 97 86 157 77 82 54 21 59 163 17 90 133 72 158 134 81 133 44 81 60 69 89 79 96 159 111 139 174 25 51 166 99 138 134 103 137 115 99 71 17 135 1 118 101 26 58 19 155 151 151 69 145 169
92 63 155 188 130 157 169 136 173 122 122 207 72 9 166 187 178 155 174 114 135 169 190 24 80 48 63 102 49 113 92 71 85 108 152 171 137 184 165 96 123 73 178 98 172 49 80 64 181 113 46 162 65 197 174 115 83 230 183 212 197 198 98 150 137 68 144 218 127 38 28 122 170 113 77 121 211 197 122 200
117 90 22 37 21 43 43 99 147 61 48 69 105 144 45 82 38 102 25 46 26 162 40 164 109 123 96 51 111 72 68 86 147 128 81 36 115 84 14 69 63 90 88 64 145 139 96 108 80 52 107 34 87 53 48 144 104 84 72 77 56 90 67 15 28 151 138 89 126 173 143 101 106 134 106 57 66 169 50 50
24 37 91 129 77 84 98 53 96 107 98 135 95 74 132 107 111 73 114 85 73 99 137 84 11 37 74 52 35 107 31 28 50 41 70 130 57 103 108 29 110 80 97 83 96 47 5 19 100 46 43 123 56 129 138 56 7 161 105 139 127 117 86 89 73 54 71 142 53 87 60 40 87 48 100 104 143 122 99 147
128 137 60 67 87 46 37 83 107 140 126 29 174 190 119 19 44 70 64 120 74 126 83 204 129 157 159 105 151 150 107 128 158 127 55 105 96 24 71 103 142 158 34 136 104 168 122 139 24 87 153 108 145 43 118 138 125 56 16 26 35 16 140 68 70 171 115 22 113 208 181 95 61 129 177 136 46 120 128 86
112 110 28 45 55 16 5 76 114 108 94 35 143 165 90 34 19 70 37 88 43 131 61 181 110 134 129 75 126 118 81 102 144 116 49 78 91 37 42 77 110 127 43 104 111 147 101 117 33 60 127 79 115 32 91 129 105 61 24 39 27 42 108 36 39 153 113 46 106 186 157 84 67 120 145 104 44 131 96 67
33 28 88 125 72 83 97 60 105 98 89 134 85 69 125 109 109 79 110 76 69 109 132 82 19 35 64 45 29 97 24 18 57 51 74 124 66 106 104 24 100 70 100 73 104 48 5 17 103 43 35 116 46 127 131 65 16 160 107 139 126 120 76 85 70 59 81 143 63 86 58 48 93 57 90 95 142 131 91 142
92 82 16 53 29 14 25 67 114 85 71 62 115 137 78 55 34 69 39 62 15 129 64 154 87 109 100 46 99 93 54 74 124 100 48 69 83 55 36 51 87 98 57 77 112 123 76 92 51 33 99 67 87 53 81 115 83 86 47 68 52 65 81 19 11 131 106 75 96 160 131 71 73 105 117 80 67 136 73 73
166 168 80 66 108 75 62 123 144 155 142 25 197 223 122 58 57 109 71 139 99 164 79 239 166 192 185 132 184 166 139 160 197 166 95 108 136 63 81 136 156 182 73 157 141 204 158 174 64 118 185 114 173 42 119 178 161 26 55 19 38 52 161 87 96 208 154 18 153 243 215 134 99 169 199 151 32 154 144 77
129 104 24 22 36 45 41 107 153 72 60 59 119 159 45 80 30 107 12 59 38 168 26 179 122 137 110 65 125 83 82 100 160 139 86 33 123 82 4 82 73 105 88 77 150 153 109 122 79 65 122 34 102 41 45 154 117 70 70 67 46 87 81 22 38 164 146 80 135 187 157 111 109 144 119 68 53 173 61 36
54 32 121 156 99 120 133 96 135 107 103 171 73 31 145 148 144 115 142 92 101 134 161 45 41 11 54 70 11 102 56 36 57 72 113 147 98 145 134 59 109 64 139 81 134 25 40 24 141 77 16 138 44 162 152 81 43 195 145 176 161 159 82 117 103 46 107 181 90 52 22 82 130 77 78 105 177 160 103 171
99 55 55 79 26 68 76 100 152 35 22 109 63 105 59 109 77 111 67 10 39 162 79 127 87 91 54 25 77 40 46 55 125 115 94 61 114 109 57 50 37 48 110 23 150 108 72 80 105 44 71 52 47 94 65 130 83 126 101 116 96 120 27 47 43 124 135 126 120 137 107 96 120 121 65 30 108 176 24 89
104 89 4 41 27 19 23 79 125 80 66 57 116 144 68 60 26 80 27 60 17 140 52 162 98 118 103 50 107 90 62 82 135 112 59 58 95 61 25 60 82 100 64 76 123 132 86 101 57 42 106 57 91 45 70 127 93 78 51 64 45 69 80 9 15 142 118 73 108 169 139 83 83 117 118 76 60 146 68 61
175 170 78 53 105 79 66 136 163 145 134 30 192 225 107 74 55 125 63 133 98 182 63 243 173 197 182 131 187 157 142 163 207 178 108 93 150 80 73 139 146 178 90 151 160 211 164 180 79 121 187 100 171 36 103 191 169 4 69 30 37 71 154 84 96 217 170 39 166 249 219 146 117 181 193 141 22 175 135 59
24 76 132 170 122 121 134 66 85 151 143 168 130 84 178 132 149 85 156 130 116 78 179 80 35 49 110 98 61 150 77 69 10 23 93 175 59 127 151 74 154 118 118 126 86 43 49 46 125 89 71 168 95 166 183 23 38 196 133 170 162 141 129 132 115 28 56 170 43 76 64 53 99 24 136 148 180 107 144 189
144 147 60 55 89 53 41 102 128 138 125 11 178 201 110 39 39 90 56 121 78 147 70 217 144 170 165 111 162 149 118 138 175 145 74 96 116 44 65 114 140 162 55 138 125 182 136 152 44 96 163 101 152 29 108 157 139 35 34 5 22 36 142 68 75 186 135 12 132 222 193 113 81 148 180 134 27 140 127 71
129 105 24 21 37 44 40 107 152 74 62 57 120 160 46 78 28 107 10 61 38 167 25 180 122 138 112 66 126 85 83 101 160 139 85 34 123 81 3 83 75 106 86 79 149 154 109 123 77 65 123 36 103 39 47 154 118 68 68 65 44 85 82 22 38 165 146 78 135 188 158 110 108 144 121 70 51 172 63 35
30 83 137 175 128 125 138 68 82 158 150 172 138 90 184 134 154 86 161 137 121 74 185 85 42 56 118 105 68 157 83 77 13 24 96 181 59 129 156 80 161 126 120 134 83 48 56 54 128 95 79 174 102 170 190 19 45 200 136 174 166 143 136 137 121 32 53 173 42 79 69 56 100 24 143 155 183 103 151 194
86 117 80 106 95 58 64 38 54 150 136 81 167 163 145 35 80 19 97 126 81 73 121 171 93 125 148 98 123 157 89 106 114 81 23 135 46 30 99 83 152 150 20 136 51 132 92 108 31 75 129 134 131 89 147 89 90 109 42 80 82 41 141 86 77 129 62 74 63 172 148 52 7 81 171 145 97 71 138 128
29 88 129 166 123 115 128 55 65 159 149 160 144 103 181 120 144 70 153 136 115 58 177 100 44 67 124 103 76 159 82 79 29 13 83 176 43 115 149 78 162 131 106 135 66 62 57 60 114 90 86 170 107 160 186 4 46 188 123 161 155 128 138 130 114 48 36 160 26 95 83 44 84 9 150 156 172 87 151 186
166 123 76 62 69 97 95 154 203 55 53 107 111 170 11 133 83 158 63 63 80 217 48 194 154 160 112 91 146 66 112 124 193 179 137 21 170 136 57 115 54 103 141 77 200 177 140 149 132 102 139 22 113 88 9 195 151 107 124 115 95 140 77 70 83 193 193 129 180 205 175 155 161 185 109 54 95 225 53 52
51 97 96 130 101 78 88 14 38 149 137 115 153 133 157 72 105 21 118 124 89 48 143 138 62 94 132 91 96 153 75 86 75 42 38 150 6 67 117 69 152 136 57 130 36 98 66 79 66 71 104 146 114 118 161 49 60 144 76 115 113 80 134 100 86 92 26 112 23 137 116 22 35 42 157 145 129 63 139 151
38 86 98 133 98 81 93 17 47 144 132 122 143 120 156 82 109 33 120 119 87 53 146 124 49 81 122 85 84 146 67 75 62 29 45 149 8 77 118 62 146 127 67 123 46 84 54 66 76 66 92 145 104 124 160 38 47 151 85 123 119 90 127 100 85 78 26 121 14 123 103 13 47 30 148 139 136 72 134 154
104 46 91 114 62 102 111 120 171 37 38 145 27 81 82 142 113 135 102 33 73 178 112 105 89 80 22 46 65 30 58 54 123 122 121 89 131 141 92 64 39 13 140 15 169 97 76 76 137 68 56 79 28 130 89 136 87 161 135 152 133 153 13 83 77 116 150 162 132 117 89 113 146 129 29 36 144 196 38 121
122 96 21 30 27 42 41 102 148 66 53 64 111 150 45 80 33 103 18 52 30 163 34 171 114 129 102 57 116 77 74 92 152 132 82 35 118 82 8 74 68 97 86 70 146 145 101 114 78 57 113 34 93 47 47 147 109 77 70 72 51 88 73 16 31 156 141 84 129 179 149 104 106 137 112 62 60 169 55 44
51 65 59 96 58 46 59 29 81 106 93 94 116 114 115 64 74 41 82 81 47 92 107 126 50 79 97 49 74 111 37 54 83 58 30 109 44 61 79 31 109 99 56 89 79 89 44 61 58 28 78 104 79 91 120 72 46 122 63 97 88 76 92 60 45 93 66 100 53 129 102 29 53 62 120 102 105 105 95 116
64 21 71 104 47 74 86 78 128 66 57 123 63 76 95 109 94 93 90 45 50 135 108 96 51 55 44 18 42 66 15 18 88 81 81 96 88 107 82 22 69 46 104 42 127 72 36 43 103 32 39 87 27 112 102 96 48 145 104 129 112 120 46 66 53 87 107 136 90 104 74 70 105 88 68 63 127 153 59 119
123 124 40 47 68 31 19 84 117 120 106 22 157 179 98 30 23 75 43 101 57 135 63 194 122 148 143 89 140 130 95 116 155 126 56 85 99 35 50 91 122 141 43 118 114 161 114 130 32 74 141 87 130 26 97 139 118 50 21 25 19 35 121 48 53 165 120 32 115 199 171 94 70 129 159 116 35 133 108 67
30 30 90 127 74 85 99 59 103 101 92 136 88 69 128 110 111 78 113 79 71 106 134 81 16 34 67 48 29 100 27 21 54 48 74 126 64 106 106 27 104 73 100 76 102 46 2 16 103 45 36 119 49 129 134 62 13 162 107 140 127 121 79 88 72 56 78 144 61 85 57 47 93 55 93 98 144 129 94 145
133 101 36 34 35 57 56 116 164 58 47 75 108 154 30 95 46 119 27 49 43 178 30 176 124 136 102 63 123 70 83 99 163 145 97 20 132 97 19 84 59 95 102 67 161 152 110 122 93 68 119 19 96 56 32 160 120 83 85 83 62 102 70 31 45 166 155 96 143 185 154 118 121 150 108 54 67 185 48 40
49 84 80 114 84 62 73 3 54 132 120 103 139 126 140 64 90 20 102 107 71 66 127 134 56 88 119 75 87 136 60 73 78 46 26 133 19 59 100 54 135 122 50 114 52 94 56 71 57 54 94 129 100 104 144 57 53 132 66 104 99 73 118 83 69 92 42 103 34 134 111 15 35 48 143 128 116 79 122 136
107 144 107 129 125 86 88 60 47 179 165 97 196 187 173 52 103 41 121 155 110 67 145 193 116 148 177 127 148 186 118 133 130 97 53 161 61 48 125 112 182 179 41 166 45 153 117 132 51 105 155 161 159 108 174 101 113 122 62 93 101 51 170 113 106 147 68 83 77 192 171 74 27 95 200 175 114 53 168 150
75 101 68 98 81 47 55 28 61 135 121 80 151 148 133 38 72 16 87 110 67 77 113 157 80 111 132 82 108 141 73 90 104 72 7 123 40 33 89 67 137 134 24 121 58 119 77 93 32 59 113 122 114 84 136 82 76 109 41 80 78 47 125 73 63 118 61 77 57 159 134 41 19 74 155 130 95 81 123 120
134 126 34 26 62 37 24 100 136 108 95 22 151 181 80 51 11 93 25 92 54 154 42 199 131 153 140 88 144 119 98 119 166 140 73 66 115 55 35 96 110 136 64 110 134 167 121 136 53 77 143 70 128 8 79 153 126 41 42 30 9 55 114 41 52 175 137 43 130 205 176 108 89 143 152 104 23 153 97 46
98 75 18 51 11 32 39 81 131 65 52 73 100 130 62 74 42 86 37 44 7 144 57 150 90 107 87 36 95 75 51 70 129 109 66 55 97 74 29 51 68 84 76 60 128 122 77 91 70 33 93 51 76 59 66 124 86 92 65 80 61 84 64 12 10 133 120 89 107 157 127 83 91 115 102 61 74 153 54 67
135 151 77 83 104 62 55 89 103 158 144 42 191 203 136 25 62 72 81 138 91 123 99 215 138 168 175 120 163 168 121 141 165 133 62 123 99 29 89 116 160 174 37 153 100 178 133 150 31 101 166 126 160 59 136 142 135 65 29 36 51 14 157 86 87 178 115 25 116 218 192 102 60 134 193 153 59 112 146 102
91 62 32 63 7 43 52 81 132 57 44 87 86 117 64 84 55 89 50 34 14 144 68 137 81 95 74 23 82 65 40 58 120 104 70 60 96 84 41 41 60 70 85 48 130 111 68 80 80 27 80 54 62 73 69 119 77 106 76 93 75 95 52 26 18 123 119 103 105 145 115 80 96 109 89 53 88 156 46 78
122 81 48 60 28 68 71 115 165 33 21 97 82 131 33 108 66 122 51 23 42 178 56 154 110 117 76 47 103 45 68 81 149 136 102 34 130 110 40 71 35 69 113 41 163 134 96 105 106 60 97 25 72 80 39 151 107 109 99 105 84 118 44 40 46 149 152 117 138 164 133 114 128 142 81 29 92 189 23 65
71 15 83 115 57 88 100 91 141 63 57 137 49 66 99 124 107 107 101 46 63 146 117 87 56 52 30 30 37 60 29 21 91 89 96 101 101 122 92 36 65 33 119 37 139 69 43 44 118 47 31 92 12 125 106 104 54 158 118 143 125 135 39 77 66 87 118 150 100 97 67 82 120 96 54 60 139 166 58 127
79 72 162 197 140 160 173 127 156 143 140 211 98 28 184 184 184 147 183 130 142 150 202 8 72 42 85 111 52 135 97 77 63 92 148 187 125 181 175 99 144 95 174 117 157 33 76 60 178 118 55 178 81 203 191 95 75 236 183 215 202 195 118 158 144 45 127 219 112 11 19 112 162 95 103 141 217 179 141 212
135 96 49 50 38 70 71 124 173 42 33 92 95 146 20 109 62 129 44 38 50 187 43 169 124 132 91 61 118 54 82 95 163 148 108 19 140 111 35 84 43 83 115 55 171 149 110 120 107 71 113 10 88 73 25 164 120 100 100 100 79 118 57 43 53 164 162 113 149 179 149 124 133 154 94 39 84 196 34 52
98 153 149 177 158 128 135 73 21 208 195 151 210 181 213 105 151 66 168 183 145 21 193 179 113 142 189 150 148 212 134 142 108 81 87 204 60 100 169 128 211 194 91 189 23 141 121 131 102 129 158 201 171 160 216 76 112 178 113 148 153 107 193 153 141 127 46 140 63 174 161 79 65 77 215 204 168 9 197 199
150 129 42 5 61 57 48 122 163 93 82 47 143 184 55 81 31 119 19 84 60 180 13 204 144 162 135 90 150 105 106 125 181 158 98 41 138 85 26 105 94 130 93 102 160 177 132 146 82 87 147 48 127 28 53 173 139 48 71 55 36 85 105 44 60 187 161 69 152 212 182 128 117 163 143 90 35 181 84 17
42 65 70 107 68 56 69 22 73 114 102 104 119 110 126 71 85 38 93 89 57 83 118 120 43 73 99 56 71 118 41 54 73 47 34 120 35 67 90 34 117 102 60 95 71 83 40 56 64 36 76 115 81 101 130 61 39 131 70 106 98 81 99 71 56 84 56 108 43 123 97 18 52 51 123 110 115 98 104 127
130 149 81 90 106 64 58 83 95 161 147 50 191 200 142 23 67 65 87 140 93 114 106 212 134 165 175 120 160 170 120 139 159 127 58 129 93 25 94 114 163 174 32 154 92 174 130 147 29 100 164 131 159 66 141 135 131 73 30 45 58 12 159 89 88 173 108 34 110 214 188 96 52 128 194 156 68 103 149 109
132 145 70 76 97 55 48 86 105 150 137 36 184 198 129 21 55 71 74 130 84 125 92 211 135 164 169 114 158 160 116 136 162 131 59 116 98 26 82 111 153 167 35 146 102 174 129 146 28 95 161 119 154 52 128 141 131 60 23 31 44 13 150 78 80 175 115 21 115 214 187 99 60 132 186 146 53 115 139 95
18 62 124 161 111 114 128 66 93 138 130 163 116 72 166 129 142 86 147 117 107 89 170 71 23 36 96 86 47 136 65 56 16 28 91 164 62 125 142 63 141 104 117 113 93 32 37 32 123 80 57 157 81 160 172 35 27 191 130 166 157 139 115 123 106 25 64 167 49 69 52 52 101 32 122 135 174 116 131 180
167 152 61 28 85 70 57 133 168 119 108 36 169 207 79 81 41 126 41 109 81 187 35 227 162 183 161 113 172 131 127 147 199 173 106 65 149 85 51 125 120 155 95 128 165 198 151 166 83 107 170 73 152 26 75 186 158 24 72 42 32 81 131 65 80 206 170 56 164 234 204 141 121 177 169 116 19 183 110 31
69 81 50 84 58 32 44 33 80 111 97 77 128 132 112 46 60 35 72 87 44 94 97 144 69 97 110 58 92 117 52 71 100 72 17 104 49 43 71 47 114 111 38 97 77 108 62 79 40 36 96 101 93 76 115 85 64 105 44 80 72 57 101 53 41 111 72 81 63 148 121 40 43 75 132 107 89 102 100 105
64 73 157 194 139 152 166 112 137 149 145 203 110 44 187 173 178 131 179 134 138 130 200 30 59 37 94 110 51 143 92 74 43 73 135 188 108 169 172 93 151 104 161 123 138 21 68 52 166 112 58 179 86 196 193 75 64 229 172 207 195 183 124 154 139 24 108 209 94 23 26 98 147 76 116 147 211 159 146 210
89 85 23 58 39 8 22 60 105 94 80 59 122 140 88 46 36 60 45 72 24 120 71 156 86 110 107 52 101 102 56 77 121 96 39 78 76 46 44 53 97 105 47 86 102 123 76 92 42 35 102 76 92 53 90 110 81 85 39 64 51 57 90 28 20 129 99 70 89 161 132 65 63 100 125 90 67 126 82 79
36 86 144 181 134 133 146 76 89 163 154 179 139 88 190 142 161 93 167 141 128 79 191 81 47 57 120 110 69 161 88 80 11 32 104 187 67 137 163 86 165 128 128 137 89 47 61 56 135 101 80 180 105 178 195 26 50 208 143 181 174 151 140 144 127 28 60 181 50 74 67 64 108 31 145 159 191 109 156 201
18 59 91 128 84 79 93 33 75 122 111 127 116 94 141 93 108 53 115 98 76 78 139 100 23 55 95 64 56 123 44 48 50 26 55 137 36 89 110 39 125 100 82 100 74 61 27 39 87 50 64 131 77 125 146 42 20 155 94 130 121 104 103 91 75 61 50 131 33 101 78 19 68 32 121 118 138 100 113 148
92 50 52 79 23 63 72 93 144 42 30 106 66 103 64 104 74 103 66 18 34 154 80 124 80 86 55 17 72 48 38 49 119 107 86 65 106 103 56 42 45 51 103 28 142 103 66 74 99 36 68 56 45 92 70 123 76 124 96 113 94 114 32 44 38 118 127 123 112 134 103 89 112 113 69 38 106 169 32 90
165 147 58 22 79 70 58 134 172 110 100 43 161 202 69 85 41 129 36 102 78 190 25 222 160 179 154 108 168 123 123 143 197 172 108 55 150 90 45 122 111 148 99 120 169 194 148 163 88 104 165 64 146 29 65 186 156 35 77 50 37 87 123 61 76 204 172 64 165 230 200 141 125 177 161 107 27 188 102 20
48 54 60 98 54 51 64 37 89 98 86 101 105 103 112 74 78 52 84 74 45 98 108 116 43 69 86 40 64 102 27 43 79 57 41 107 50 71 79 20 101 88 66 79 87 81 35 51 68 21 67 101 68 96 116 72 39 128 72 105 93 85 83 60 44 87 72 108 57 121 93 33 64 62 109 94 110 114 88 117
85 102 54 82 71 33 40 41 76 126 112 65 148 152 120 26 57 32 72 102 56 93 97 164 87 117 130 77 112 133 73 92 115 85 13 110 56 23 74 67 128 130 18 114 73 127 82 99 20 55 116 108 113 68 122 96 83 93 27 65 62 37 118 60 52 128 76 64 72 167 141 53 31 87 151 121 79 95 114 104
171 160 68 38 93 74 61 136 168 129 118 34 178 215 89 80 47 127 49 119 89 187 45 234 168 189 169 121 179 141 134 154 203 176 108 75 151 84 59 132 130 164 94 137 165 204 157 173 83 113 178 83 160 29 85 190 163 15 72 38 34 79 140 73 87 212 172 51 167 241 211 145 121 180 178 126 17 182 120 40
158 100 119 128 94 137 142 170 222 39 53 168 54 124 76 178 138 182 121 62 109 230 118 149 143 133 69 93 118 31 110 108 177 176 165 89 183 179 111 115 37 59 180 54 220 149 130 130 175 115 108 80 82 150 82 191 141 177 170 176 155 188 50 111 113 169 202 189 185 163 138 164 191 183 49 44 161 247 51 125
159 139 52 14 71 65 54 130 170 101 91 46 152 194 61 85 37 126 29 93 70 187 17 214 153 172 145 100 160 114 116 135 191 167 105 47 146 89 36 115 102 139 97 111 167 187 142 156 87 97 157 55 137 29 57 181 149 42 76 54 37 88 114 54 69 197 168 68 160 222 192 137 123 171 152 98 31 187 93 14
19 69 127 164 116 116 130 65 87 145 136 164 124 79 171 129 145 83 150 123 110 82 174 77 28 44 104 92 54 143 70 63 13 23 91 169 58 125 145 68 147 112 116 120 88 38 43 40 123 84 65 162 88 162 177 27 32 192 130 167 158 139 122 126 110 27 58 167 44 74 59 51 98 26 130 142 175 110 138 184
60 59 146 182 126 142 156 107 138 134 130 193 95 32 172 166 167 127 167 119 126 133 187 26 52 24 79 97 37 128 80 61 47 73 129 174 106 162 160 82 136 89 155 108 138 13 58 42 159 101 43 165 71 186 179 78 56 219 164 197 184 176 109 142 127 30 109 201 93 28 11 93 142 77 101 132 200 161 131 197
93 43 129 158 102 134 146 128 172 87 88 183 37 33 132 169 152 146 145 81 109 173 158 58 78 53 28 76 43 78 72 54 98 111 139 138 133 167 136 78 88 37 163 64 171 64 71 61 163 92 34 128 35 170 139 122 79 203 164 189 171 180 63 123 112 85 146 196 128 71 48 116 160 117 43 86 185 197 88 168
111 81 26 46 13 45 48 97 146 55 41 77 96 135 47 86 45 101 34 37 22 159 48 156 102 115 87 42 102 65 61 77 141 123 81 40 112 87 24 62 57 81 90 55 143 131 88 100 83 46 98 35 78 61 51 138 98 93 77 85 64 95 59 18 25 144 135 96 122 164 134 97 106 128 97 50 75 168 43 59
22 77 105 142 101 91 103 31 59 141 130 135 134 105 159 97 119 49 128 117 92 60 153 108 35 66 113 83 71 143 63 66 45 13 59 154 24 92 125 58 144 119 83 119 59 68 44 53 90 68 80 148 95 135 163 26 35 164 99 137 131 106 122 106 90 61 32 136 14 106 87 19 64 16 139 137 148 84 132 162
151 144 53 35 80 54 40 113 145 124 112 12 169 199 91 57 29 104 40 110 73 164 49 217 148 171 158 106 162 136 117 137 182 155 86 77 128 62 51 114 126 154 71 128 142 185 138 154 60 95 162 83 146 12 89 168 144 23 49 19 12 57 131 59 70 192 149 34 144 223 194 123 98 158 170 120 6 160 114 49
38 53 131 168 114 125 139 85 116 131 125 175 101 50 165 145 151 105 153 113 112 112 175 49 32 18 82 86 33 127 67 51 29 51 108 165 83 142 147 67 134 91 134 105 116 9 41 27 139 85 43 157 70 169 171 57 36 202 144 179 167 156 107 128 113 18 87 182 71 48 29 71 121 55 107 129 184 139 126 185
64 13 79 112 55 82 95 82 132 69 61 132 58 68 101 117 102 99 99 49 59 137 116 88 49 49 38 26 35 67 21 14 85 81 88 102 92 115 90 27 71 42 111 43 130 66 35 38 111 40 31 94 20 121 108 96 46 154 112 138 121 128 46 74 61 82 109 145 92 97 66 73 111 88 63 66 136 157 63 126
29 31 92 129 76 87 100 59 103 103 94 137 89 68 130 111 113 78 115 81 73 105 136 80 14 32 68 50 29 102 29 22 52 47 75 128 64 107 108 28 105 74 101 78 102 45 2 14 104 47 36 121 50 131 136 61 11 163 108 141 129 122 81 90 74 54 77 145 60 84 56 46 93 53 94 100 145 128 96 146
