100 40
174 55 294 238 91 435 200 393 218 217 103 178 221 279 214 215 129 282 357 474 312 182 237 159 233 184 64 300 177 294 107 234 253 133 365 85 221 279 452 406
44 37 26 26 35 50 11 25 31 21 45 50 13 13 47 29 36 33 22 34 10 26 49 37 46 37 43 37 15 35 47 34 25 33 45 21 15 45 10 17 38 21 15 31 40 14 33 21 15 49 27 15 39 32 49 12 17 34 43 17 43 17 48 18 20 29 12 41 43 49 49 36 42 22 12 44 26 24 30 24 42 44 45 14 19 42 25 26 29 23 22 39 20 12 49 46 29 37 19 15
300 104 361 436 121 481 344 461 379 333 186 217 395 319 264 267 241 363 495 482 326 293 306 286 322 230 129 386 180 342 171 391 374 260 440 104 275 316 480 425
47 18 26 54 16 7 50 28 35 44 34 46 29 57 66 25 73 79 34 51 69 17 43 17 28 40 33 64 44 44 66 24 47 66 74 24 45 48 30 28
19 61 50 36 53 53 96 19 49 87 32 65 59 74 92 23 105 70 21 78 100 39 12 30 51 22 66 65 86 70 96 46 6 67 64 29 91 31 77 32
22 51 44 33 45 44 86 9 41 78 25 57 52 66 83 16 96 67 14 69 91 30 14 20 45 16 56 59 78 61 87 39 10 62 61 20 82 27 67 27
95 31 66 84 53 41 8 73 54 47 67 49 63 54 46 73 39 93 74 40 39 53 90 63 68 78 32 75 49 40 39 67 90 76 90 63 36 80 22 75
24 44 18 57 24 33 75 22 52 56 42 66 27 77 90 12 98 89 34 75 94 33 23 20 18 40 57 78 55 67 91 13 36 81 83 31 63 51 54 1
58 27 22 74 10 18 44 46 53 24 54 61 17 72 76 40 79 98 54 63 76 37 56 35 23 60 44 82 24 57 74 24 65 85 93 44 28 68 23 36
36 30 33 39 29 23 65 12 29 60 20 44 40 55 69 14 79 68 17 54 75 11 30 3 35 23 38 55 60 46 70 30 30 58 62 9 63 33 47 24
90 45 83 50 72 55 59 63 28 87 44 12 85 4 17 70 34 44 56 12 29 46 82 59 85 56 27 27 89 14 24 81 72 27 43 51 80 50 59 80
29 59 56 26 57 54 95 20 43 90 26 59 65 67 86 28 100 60 17 72 95 37 22 31 57 14 62 55 90 65 90 52 4 58 54 27 93 22 77 39
43 24 20 56 11 11 54 27 40 43 37 51 24 63 72 23 79 83 35 57 75 21 40 17 22 41 39 68 42 50 72 18 46 71 78 26 46 50 34 23
37 37 7 65 11 24 64 32 53 42 47 65 14 76 86 23 92 95 42 71 89 34 37 24 9 48 53 81 41 64 85 4 48 84 89 35 49 59 42 15
80 18 53 73 39 27 17 59 44 40 55 43 50 51 48 59 47 87 61 38 45 40 76 49 55 65 24 69 42 35 44 53 77 70 83 50 32 69 11 61
86 35 75 54 63 46 47 60 27 76 44 13 76 15 17 66 30 55 54 2 25 40 80 54 77 56 17 36 77 6 20 73 72 37 52 48 69 53 47 74
55 51 68 7 63 52 83 33 23 92 15 35 74 40 61 43 77 34 21 49 72 32 47 37 70 17 45 27 92 43 66 64 32 30 28 26 91 7 71 56
50 14 31 51 20 6 48 29 31 46 31 41 34 52 61 28 68 75 33 46 64 14 45 18 33 39 28 59 46 39 61 29 48 62 70 22 46 46 29 32
7 57 34 53 41 47 90 22 57 73 42 72 43 83 98 16 109 86 32 83 104 41 8 27 34 35 67 78 72 75 100 30 25 81 80 34 80 47 70 16
34 35 38 33 35 29 70 8 28 67 16 44 45 54 69 15 81 64 11 55 76 14 27 8 40 17 40 52 66 47 72 34 25 55 58 5 69 27 52 27
31 43 45 28 43 38 79 7 31 75 16 48 52 57 74 17 87 60 5 60 82 22 23 16 46 10 47 51 75 52 77 40 16 54 54 11 78 21 61 30
52 41 60 16 54 42 74 27 15 82 6 30 66 37 57 37 72 42 16 44 66 22 44 29 61 15 37 30 82 36 61 56 32 33 36 18 81 12 61 49
83 38 76 46 65 49 56 56 21 82 38 5 79 7 22 63 38 45 49 11 33 38 76 52 78 50 22 26 83 9 27 74 66 27 42 44 76 45 54 73
114 54 96 83 83 67 45 88 56 85 73 42 95 38 18 92 1 77 83 27 5 67 107 81 98 85 40 61 87 35 10 95 101 61 77 76 74 82 57 99
48 33 11 71 4 21 55 39 55 32 52 65 9 76 83 32 87 98 49 69 84 36 47 30 12 55 50 83 31 62 82 13 57 86 93 40 39 65 34 25
91 28 68 74 54 40 20 68 44 55 59 37 66 42 34 69 31 81 67 27 29 47 86 58 69 70 22 63 57 28 29 68 84 64 79 57 45 71 27 73
104 40 77 88 64 51 16 81 58 58 72 49 74 52 40 82 30 93 80 38 31 60 99 71 79 84 36 75 60 40 33 78 98 75 90 70 46 85 33 85
38 32 13 60 10 19 60 28 47 43 41 59 18 70 80 20 87 89 38 65 83 28 36 19 15 44 47 75 42 58 80 10 46 78 83 30 49 54 39 16
47 17 27 53 17 6 50 28 34 44 33 45 30 56 65 26 72 78 34 50 68 16 43 17 29 40 32 63 44 43 65 25 47 65 73 23 46 47 30 29
26 39 32 40 31 30 73 6 37 64 25 52 40 63 77 6 88 72 17 63 84 20 21 7 33 23 47 61 64 55 79 28 24 64 66 14 68 34 54 18
47 47 60 11 56 47 81 25 23 86 9 38 67 45 64 35 80 43 13 52 74 27 39 30 62 9 44 34 86 44 69 56 25 37 37 19 86 5 67 47
61 30 24 79 14 22 44 50 57 20 59 65 18 75 79 44 80 103 58 66 78 41 60 40 25 64 47 86 19 60 76 26 69 89 98 48 25 73 23 39
96 50 89 55 78 61 61 70 35 92 51 19 91 9 13 77 31 46 62 14 26 52 89 66 91 62 32 30 93 19 21 87 78 29 46 57 84 56 63 86
42 43 54 18 50 41 77 19 23 81 6 38 61 47 65 29 80 49 7 52 74 21 35 23 56 6 42 39 80 44 69 50 23 42 43 13 81 11 62 41
61 39 64 22 57 43 70 35 9 83 14 21 69 28 47 44 63 38 25 35 58 25 53 35 66 25 31 23 83 28 52 61 41 26 33 24 80 20 59 56
93 36 78 63 65 49 41 67 35 74 52 22 78 23 14 72 22 63 62 8 17 46 86 60 80 64 20 45 76 14 13 77 80 46 61 55 65 62 45 79
74 10 51 63 37 22 27 51 34 46 45 34 49 43 44 52 46 77 52 31 43 31 69 41 52 56 15 59 47 27 41 50 68 61 73 41 40 59 18 56
82 47 81 38 72 55 68 56 22 92 35 13 85 9 30 64 48 32 46 23 43 41 74 54 83 46 32 14 93 21 37 78 62 15 30 44 86 38 64 75
51 27 49 30 42 29 61 25 11 69 11 27 54 37 52 32 65 53 19 38 60 9 44 21 51 22 26 38 69 30 55 46 37 41 48 12 67 25 47 42
55 24 50 34 41 27 57 28 9 66 15 24 54 34 49 34 61 54 24 34 56 10 48 23 52 27 21 38 67 26 51 47 42 41 49 16 64 29 44 44
57 48 67 11 62 50 79 34 19 90 14 30 73 36 56 44 73 34 22 45 67 30 49 37 69 19 41 24 90 38 62 64 35 27 28 26 88 11 68 56
53 52 68 5 63 53 85 32 25 93 15 38 74 43 64 42 80 36 20 52 74 33 45 37 69 15 47 29 93 45 69 64 30 32 30 26 92 4 72 55
97 52 91 54 80 63 65 71 35 95 51 20 93 9 16 78 34 43 62 18 29 53 89 67 93 62 35 28 96 22 24 89 79 27 43 58 87 55 66 88
28 40 38 35 36 33 75 1 34 69 20 50 45 60 76 11 87 67 12 61 83 20 21 10 39 17 47 56 69 53 78 33 20 59 61 11 72 28 57 23
43 33 9 67 5 20 58 34 52 37 48 63 12 74 82 27 88 95 44 68 84 33 42 26 11 50 49 80 36 61 81 9 52 83 89 36 43 60 37 21
99 40 81 72 68 52 37 74 43 73 60 30 81 30 16 78 16 71 70 16 12 53 93 66 83 72 26 53 75 22 10 81 87 53 69 62 64 70 45 84
75 11 50 65 37 22 25 52 36 44 47 36 49 45 45 53 47 79 53 33 44 32 70 42 52 58 17 61 46 29 42 50 70 63 76 43 37 61 16 56
30 41 41 31 39 35 76 4 32 72 17 48 49 58 74 14 86 63 8 60 82 20 22 12 42 13 46 53 71 52 77 37 18 56 57 10 74 25 58 27
59 59 75 4 71 60 91 39 31 100 23 41 82 45 66 49 83 30 27 55 77 40 51 45 77 22 53 27 100 49 72 71 34 30 24 34 100 10 79 62
85 34 49 91 38 35 22 69 64 20 71 65 42 74 70 65 66 108 74 61 66 54 82 58 50 80 46 90 22 58 65 51 88 92 104 63 9 86 14 63
1 62 39 54 46 52 96 25 60 78 45 76 48 86 102 21 113 88 34 87 109 45 7 32 39 37 72 80 77 79 104 35 25 83 82 38 85 48 75 21
120 56 93 100 80 67 30 96 71 72 86 60 90 60 43 98 27 100 95 46 30 75 115 87 95 98 50 83 74 51 34 94 112 83 99 85 59 98 49 101
57 53 71 6 66 55 85 35 25 95 18 36 77 41 61 46 78 32 23 50 72 35 49 40 72 19 47 26 95 44 67 67 34 28 26 29 94 8 73 58
97 59 95 51 85 68 74 71 37 102 51 24 98 13 25 79 43 35 62 26 38 56 89 69 97 61 42 21 103 29 33 93 77 20 35 59 95 52 74 90
46 18 28 50 19 9 52 25 32 47 30 43 32 54 64 24 72 76 31 50 68 13 41 14 30 36 31 60 47 42 65 26 44 63 70 20 49 44 33 28
63 29 60 32 51 35 59 37 2 74 19 14 64 25 41 44 55 46 30 27 50 20 56 33 62 31 20 29 74 19 45 57 47 32 42 24 70 29 49 54
90 33 75 61 62 45 40 64 33 72 49 20 75 22 17 69 25 63 60 8 20 43 83 57 77 62 17 45 73 12 16 74 77 45 61 52 63 60 43 76
106 49 91 73 78 61 47 80 47 84 64 32 90 28 8 85 11 67 74 18 5 59 99 73 93 76 33 51 86 25 0 89 92 50 66 67 74 72 55 92
83 23 65 62 52 35 32 58 32 60 47 24 64 31 28 61 33 69 56 17 29 37 77 50 66 59 10 50 62 16 26 64 73 51 66 46 52 59 31 67
43 21 28 48 20 12 55 22 32 50 28 44 32 55 66 21 74 75 28 51 70 13 38 11 30 34 33 60 50 44 66 25 41 63 69 18 51 42 36 25
78 24 64 52 52 35 41 52 22 66 38 15 65 23 27 56 37 59 48 13 32 31 71 45 66 50 6 41 67 7 28 63 66 42 56 40 59 49 38 64
62 9 35 63 22 8 35 42 38 37 43 43 34 54 58 40 62 83 46 45 59 25 58 31 37 51 26 66 37 39 56 35 61 68 78 35 35 57 16 42
19 45 25 51 29 34 78 16 48 62 36 64 34 74 88 6 98 83 28 73 94 31 17 17 25 33 56 73 61 65 89 20 29 76 77 26 68 45 57 7
87 50 86 43 75 59 68 61 27 94 41 15 89 6 26 69 44 34 52 21 39 46 80 59 87 51 33 17 95 21 33 83 68 17 33 49 88 44 66 80
29 35 23 48 23 24 68 15 40 56 31 54 31 65 78 8 87 79 25 63 83 21 26 8 25 31 46 66 55 55 79 19 33 69 73 19 60 42 48 13
78 56 85 28 77 62 81 54 26 100 33 25 89 23 44 64 62 20 43 37 57 45 70 55 87 40 43 3 101 34 51 81 56 6 16 44 96 31 75 76
44 26 16 61 6 14 54 31 45 39 42 56 19 67 75 25 81 88 40 61 78 26 42 21 18 46 42 73 38 54 75 15 50 76 83 31 43 55 33 22
89 52 88 44 77 61 70 63 29 96 43 17 91 8 26 71 45 33 54 23 39 48 81 61 90 53 36 17 97 23 34 85 69 16 32 51 90 45 68 82
93 32 62 88 49 40 4 73 59 38 70 56 57 62 55 72 49 100 76 48 49 55 89 63 63 80 38 82 40 48 49 63 92 83 97 65 26 84 17 72
80 44 79 38 69 53 66 54 20 89 34 10 82 9 30 62 47 35 45 21 41 39 73 52 81 45 29 16 90 18 36 76 61 17 32 42 83 38 62 73
90 29 58 86 45 36 8 70 57 36 67 54 54 61 55 68 50 98 73 47 50 51 86 59 60 77 36 80 38 46 50 59 88 81 95 62 25 81 13 69
74 65 88 20 82 69 93 53 34 108 34 38 94 38 59 63 76 14 41 51 71 50 66 57 89 37 54 16 109 47 66 84 50 17 8 46 106 25 85 76
35 44 5 69 17 32 70 35 59 45 52 72 14 83 93 25 99 100 46 79 96 40 36 29 5 52 60 87 44 71 93 3 50 89 94 40 53 63 49 14
16 65 52 41 56 57 100 24 55 89 38 71 61 80 98 26 111 75 27 84 106 45 11 34 52 27 71 70 88 76 101 47 11 73 69 35 94 37 81 33
83 40 78 44 67 50 59 57 22 84 38 6 80 5 23 64 39 42 49 13 34 39 76 53 80 49 24 24 85 11 29 75 66 25 40 44 78 44 56 74
83 21 62 66 49 33 26 59 36 55 50 30 61 37 34 62 35 75 58 23 32 38 78 50 64 62 14 56 56 22 30 61 76 58 72 48 46 63 26 66
60 29 57 31 48 33 59 34 2 72 16 17 61 28 44 41 57 47 27 30 52 17 53 30 59 29 21 31 73 22 47 54 45 34 43 21 69 28 48 51
94 40 58 97 47 43 18 78 69 27 78 69 52 76 70 74 64 112 82 62 64 61 91 66 59 87 50 94 29 61 64 61 96 96 109 71 14 92 20 72
74 64 87 20 81 68 92 53 34 108 34 37 93 37 58 63 75 15 41 50 70 49 66 56 89 37 53 15 108 46 65 83 50 16 9 45 105 25 84 75
38 28 18 55 13 16 59 24 41 46 36 54 23 65 76 18 83 84 33 61 79 22 35 14 20 39 42 69 45 53 76 15 43 72 78 25 50 49 38 18
45 19 25 54 15 8 51 27 35 44 34 47 28 58 67 24 74 79 34 52 70 17 42 16 27 39 34 64 44 45 67 23 46 67 74 23 46 48 32 26
35 31 35 37 31 25 66 10 28 63 18 43 42 54 68 15 79 66 15 54 75 11 29 4 37 21 38 54 62 46 70 31 28 57 60 7 65 30 48 25
102 42 84 73 71 55 39 76 45 76 61 31 84 30 14 80 13 70 72 17 9 55 95 69 86 74 28 53 78 23 8 84 89 53 69 64 66 71 48 87
66 61 81 12 76 64 91 46 31 104 28 38 87 40 61 56 79 22 34 52 73 44 58 50 83 29 53 21 104 47 68 77 42 23 16 39 102 17 81 68
68 39 29 89 23 32 46 59 67 11 69 74 21 84 86 53 86 112 68 74 84 51 68 49 29 74 56 96 10 69 83 32 78 98 107 58 21 82 28 46
81 33 72 48 61 44 51 55 21 77 37 6 74 12 22 61 37 50 48 9 31 35 74 49 74 50 16 31 78 4 26 70 66 32 47 42 70 46 48 70
84 51 44 104 39 46 46 76 81 6 84 85 35 95 94 69 91 126 84 83 90 66 84 65 44 90 67 109 6 79 89 48 94 111 121 74 16 98 35 62
46 21 22 57 12 9 51 29 39 41 37 50 25 61 70 25 76 83 36 55 72 21 42 18 24 42 36 68 41 48 69 20 48 70 77 26 44 51 31 25
115 52 90 95 77 63 28 92 65 70 81 54 87 55 38 93 23 96 90 41 26 70 110 82 92 93 45 78 72 46 30 90 108 78 94 80 58 93 46 97
85 25 53 82 40 31 13 65 53 33 63 52 49 60 56 64 52 96 68 47 51 47 81 54 55 73 34 78 35 45 51 54 84 80 93 57 23 77 8 64
128 65 105 102 92 77 44 103 74 86 90 61 102 58 38 106 20 97 100 46 25 82 122 95 107 103 55 81 88 53 30 105 118 81 97 92 74 101 62 111
63 46 23 90 23 37 57 59 72 19 71 81 14 91 95 50 96 117 69 82 94 55 64 50 23 74 64 101 17 77 92 27 76 103 111 60 31 84 38 42
68 53 77 17 71 57 82 45 23 97 24 28 83 30 51 55 69 24 33 42 63 38 60 47 79 30 43 14 97 37 58 74 45 16 18 36 94 20 73 67
52 13 38 46 28 13 49 29 23 52 26 33 41 44 55 30 63 68 30 40 59 9 47 19 40 35 22 52 53 32 55 36 46 54 63 19 51 41 32 37
81 59 88 30 80 66 84 57 30 104 36 28 93 25 45 67 63 17 46 39 58 48 73 59 90 43 46 2 105 37 53 85 58 4 14 48 100 33 78 79
83 22 63 64 50 34 28 59 34 57 49 28 63 34 31 62 34 72 57 21 30 38 78 50 65 61 12 54 59 19 28 63 75 55 69 48 49 61 28 67
52 32 14 73 6 21 52 43 56 28 54 65 10 76 82 36 86 100 52 68 83 38 51 33 16 58 49 84 27 62 80 17 61 87 94 43 35 67 31 29
85 22 57 76 44 31 14 63 47 42 58 44 54 51 47 63 44 88 65 38 43 43 80 53 59 69 26 70 44 36 42 57 81 71 85 54 33 72 14 65
114 51 90 91 77 63 31 89 62 73 78 50 88 50 33 92 18 90 87 36 21 68 108 81 92 90 42 73 75 41 24 90 105 73 89 78 61 89 48 96
73 12 45 69 32 19 24 52 42 37 50 43 43 52 52 51 53 86 55 41 51 34 69 42 47 60 24 68 38 37 49 45 71 70 82 44 30 65 9 53
63 28 26 78 16 21 40 51 56 20 58 63 21 73 76 45 77 101 58 63 75 40 62 40 28 64 45 85 20 58 73 29 69 87 96 48 23 72 20 41
72 17 41 74 28 19 25 54 48 29 54 50 37 60 60 51 60 92 58 48 58 37 69 43 42 63 31 75 30 44 56 42 73 76 88 47 24 69 4 51
83 38 76 47 65 48 55 57 22 82 39 6 78 7 21 64 37 46 50 10 32 39 76 52 78 50 21 27 83 8 26 74 67 28 43 44 75 46 53 73
