250 100
145 122 194 157 278 250 124 199 489 300 61 442 123 128 112 317 242 301 239 396 257 130 321 176 177 168 123 71 269 257 241 139 337 128 229 353 111 95 192 366 217 135 258 394 249 255 101 444 166 271 186 180 244 326 85 391 232 219 309 332 136 171 384 151 90 302 266 207 364 169 186 100 264 261 185 142 384 114 147 194 312 171 59 303 215 123 166 132 106 86 288 137 167 165 191 228 218 99 273 265
23 48 20 31 43 30 22 35 46 31 30 23 12 25 42 35 39 15 16 50 28 40 20 38 37 42 20 30 38 10 50 34 12 48 37 37 25 27 44 28 40 14 11 20 45 49 38 48 11 47 19 44 33 37 38 43 35 27 37 33 16 44 17 18 47 20 11 44 37 16 10 43 34 43 25 33 45 18 22 15 38 11 13 15 42 34 25 13 28 15 16 48 24 43 15 14 14 22 11 48 44 46 44 27 21 12 15 47 17 42 46 36 36 27 18 20 23 25 18 40 23 48 43 32 21 12 50 35 36 29 44 14 32 36 46 20 46 12 48 21 27 27 10 24 25 46 10 26 50 35 19 44 45 30 47 16 42 42 27 27 24 12 39 30 22 33 24 12 15 11 11 15 16 10 10 20 38 26 27 36 16 14 43 46 26 49 29 33 46 49 13 41 41 28 38 10 47 13 37 19 40 38 35 43 10 18 44 43 25 28 10 34 36 31 30 48 28 50 19 34 41 44 31 35 10 19 10 43 22 27 41 15 40 43 23 41 34 24 19 21 22 37 40 44 25 17 36 37 21 10
145 156 285 186 346 362 193 365 493 412 102 485 237 213 207 405 261 487 248 472 338 132 424 232 217 286 145 112 355 385 338 278 382 224 289 483 176 122 290 400 322 151 286 439 314 355 147 482 317 274 325 305 393 336 161 398 261 362 431 477 220 202 423 256 111 395 267 239 477 333 192 158 421 388 287 222 441 164 281 369 376 278 118 385 275 219 176 213 180 132 451 151 189 188 314 371 261 160 278 398
194 17 166 85 33 24 207 143 223 185 159 104 201 71 99 144 152 75 206 117 109 133 209 95 199 227 116 138 103 122 219 23 62 56 58 180 190 188 101 164 118 83 151 191 222 155 19 64 129 168 164 140 77 107 197 167 139 65 192 122 180 101 130 58 224 97 91 124 83 188 118 72 114 102 72 101 207 157 179 28 37 127 63 171 218 180 190 191 158 190 187 123 212 247 72 135 100 178 225 81
43 228 176 175 240 215 144 82 22 158 107 193 111 228 217 204 72 165 117 111 115 183 63 137 205 193 246 86 129 186 19 216 267 182 216 118 52 191 294 121 154 212 165 65 188 150 242 241 195 228 142 90 293 177 226 91 110 176 54 161 187 302 186 217 30 128 264 238 291 212 140 273 230 282 282 124 136 145 158 198 189 261 166 67 235 98 162 204 86 49 237 137 107 32 289 206 212 206 212 146
104 164 78 94 172 151 62 80 83 64 138 103 37 145 128 107 68 140 44 97 85 193 48 75 110 108 154 72 111 190 108 152 192 148 186 26 109 95 211 23 158 127 67 35 102 52 187 161 99 130 44 45 221 174 129 9 124 147 44 68 90 221 194 140 79 82 179 144 215 115 54 196 138 197 209 93 56 47 62 140 143 168 106 36 141 12 69 108 23 106 139 50 46 102 219 212 122 108 123 112
163 162 20 87 164 149 40 132 140 13 191 76 56 124 97 58 124 170 55 141 125 233 99 98 51 59 116 123 151 228 168 150 175 171 206 40 168 35 183 38 199 104 23 92 54 18 189 142 58 74 17 96 205 210 69 69 173 173 103 49 30 195 233 126 135 114 150 102 195 55 61 176 100 167 191 129 44 19 7 147 158 126 119 96 81 59 19 48 80 166 80 57 67 156 204 250 92 49 68 143
229 173 50 112 168 163 95 193 208 70 249 84 121 120 89 43 187 210 119 195 178 279 167 144 30 67 88 183 200 272 236 164 167 205 234 108 234 38 159 105 247 104 65 161 66 78 200 136 59 22 84 157 193 253 11 136 229 210 171 86 39 172 278 130 203 162 130 73 179 15 110 163 79 141 179 179 102 82 68 169 187 91 153 163 32 128 68 26 146 231 13 108 131 224 195 292 87 20 51 186
243 44 176 107 30 55 227 192 266 200 213 112 228 64 95 144 199 130 232 168 158 186 246 134 202 235 97 185 155 175 267 55 17 111 107 206 240 194 52 190 173 84 165 228 231 173 47 47 134 161 185 182 23 161 193 201 192 120 232 141 187 48 183 62 266 142 58 110 28 188 147 25 103 60 17 150 228 178 194 75 91 102 105 211 213 211 205 194 196 240 179 151 240 290 19 185 99 179 228 132
86 144 196 138 161 137 202 63 139 196 28 168 176 174 183 201 77 57 184 46 62 56 152 97 235 244 212 69 41 58 114 137 191 77 100 165 78 219 228 155 26 170 178 137 238 170 146 179 186 231 171 95 209 49 246 133 19 68 130 154 212 231 59 158 145 78 208 211 214 233 131 201 201 224 203 61 197 168 192 116 96 227 101 114 264 151 202 230 118 81 247 133 182 159 204 79 180 223 255 62
71 128 138 93 142 117 143 20 103 137 65 120 119 139 140 148 30 67 126 15 14 111 102 48 177 185 170 16 32 108 96 117 171 82 118 106 69 161 202 95 76 129 121 85 179 112 141 149 133 177 112 37 195 93 190 76 45 77 81 100 154 208 112 126 106 32 176 166 195 176 75 178 156 194 185 23 138 109 133 98 88 185 69 62 206 93 143 172 61 69 193 77 126 126 191 131 135 166 196 45
190 9 151 70 25 8 193 139 216 170 160 88 188 56 83 128 147 79 193 114 105 142 199 85 183 211 101 133 102 132 214 7 56 61 71 167 187 172 94 151 124 67 135 181 207 140 32 51 113 152 150 132 76 115 181 156 139 70 183 107 164 96 139 42 216 90 79 109 79 172 105 65 98 92 68 97 193 143 164 21 40 113 54 162 202 168 175 175 149 187 171 110 200 239 72 146 84 162 209 79
180 126 30 56 125 115 84 139 169 55 193 35 96 82 53 21 134 153 97 138 121 221 133 86 62 90 72 129 143 214 191 116 133 149 180 76 183 50 140 65 189 62 23 121 85 37 154 100 14 49 49 105 162 196 65 93 173 154 131 29 42 152 221 86 165 105 107 59 152 53 54 133 57 123 148 122 88 43 50 116 133 84 96 117 85 91 59 54 99 181 64 53 108 189 162 235 49 43 87 129
83 247 167 185 258 234 123 111 26 144 146 197 93 238 222 200 98 195 97 140 140 221 48 153 190 171 249 112 159 223 60 234 281 210 246 107 92 177 304 115 190 220 160 61 167 144 265 253 194 221 134 106 309 212 212 90 146 205 55 163 175 313 223 230 22 149 273 239 305 199 146 286 233 291 297 150 115 139 146 218 214 263 184 76 218 90 147 190 92 89 226 142 85 13 306 244 217 195 192 172
97 103 124 68 117 91 139 45 123 128 86 97 120 113 115 129 52 57 127 29 13 115 114 25 164 176 145 39 33 111 120 92 145 66 104 104 95 148 176 90 81 104 106 96 171 100 119 123 113 158 103 43 169 93 174 79 64 64 95 81 141 182 116 100 125 6 150 142 169 160 59 152 132 168 160 12 136 98 123 73 67 160 42 74 192 95 134 158 66 95 174 62 129 147 166 133 111 150 185 29
142 78 91 18 86 64 125 91 153 104 135 48 118 67 65 84 94 84 123 79 63 153 131 27 129 150 95 83 79 146 161 65 108 81 115 97 141 115 133 80 123 55 73 114 145 74 102 80 67 113 82 71 136 128 134 87 114 85 118 44 107 141 153 57 153 44 104 92 132 122 35 113 82 122 124 60 124 76 99 56 67 110 28 98 153 98 110 122 82 140 131 40 129 177 133 167 61 111 153 61
211 53 117 57 44 48 168 160 223 141 196 53 173 4 36 85 163 124 176 142 128 192 197 96 142 175 47 152 136 182 231 49 47 110 126 151 210 134 63 136 169 25 106 180 171 116 79 13 74 103 128 141 76 165 135 152 174 118 186 85 127 72 190 17 221 110 34 56 67 128 96 48 46 52 62 123 171 120 135 65 87 58 75 167 156 158 145 134 149 209 122 100 185 246 76 198 39 119 169 113
162 37 142 60 53 28 178 111 190 158 133 86 169 70 89 127 119 55 175 86 77 123 176 61 178 202 113 106 74 113 187 28 83 40 64 149 159 165 119 133 100 73 126 158 197 127 52 71 111 153 136 107 104 95 179 134 112 48 159 96 157 122 121 53 191 64 100 117 106 169 88 92 106 115 96 69 178 129 152 7 18 127 30 137 200 148 164 171 125 159 173 93 181 213 100 130 88 158 203 51
264 67 183 121 51 77 236 212 284 208 236 120 240 72 100 148 219 154 243 189 179 211 261 153 204 239 94 206 178 199 287 76 23 135 131 218 262 198 33 203 197 92 173 244 235 183 71 54 139 160 195 200 13 185 193 217 215 144 249 152 192 26 207 75 284 162 52 108 4 189 161 20 103 46 8 171 238 188 202 97 115 95 125 228 212 225 212 196 212 262 177 165 252 307 17 209 104 181 230 155
133 189 67 114 194 175 27 115 98 42 173 113 9 161 137 104 103 174 11 133 121 229 56 106 88 77 159 107 147 226 131 176 210 181 218 15 140 76 224 31 194 140 64 54 71 51 213 178 101 120 38 82 240 209 111 43 160 181 66 80 73 235 230 158 92 116 191 146 232 98 76 213 143 208 226 128 21 45 44 167 174 171 135 67 118 26 45 88 58 136 125 71 21 112 239 248 131 93 95 146
124 82 159 86 99 74 181 76 161 167 87 116 164 113 127 154 88 14 171 48 47 83 157 58 198 215 154 75 31 76 151 74 129 23 60 147 119 183 166 133 55 112 141 139 209 137 88 117 138 183 142 87 148 57 204 123 66 20 137 112 175 169 82 97 164 45 146 156 152 192 95 138 145 162 142 37 178 137 162 53 35 168 45 117 224 139 174 191 110 120 201 99 174 185 144 96 124 181 221 15
128 155 236 169 172 151 247 109 184 239 64 200 222 196 211 237 123 73 230 90 104 14 199 134 275 287 238 115 79 23 155 151 202 87 91 210 119 260 241 199 31 196 218 183 282 212 148 197 220 266 214 141 214 33 285 179 65 79 177 192 253 242 18 180 190 117 226 240 222 272 170 212 229 240 211 100 242 210 235 132 110 252 129 161 303 197 245 270 164 122 284 174 229 202 209 36 209 261 296 92
127 113 67 41 120 99 91 84 127 74 138 56 82 93 80 76 80 108 87 83 67 172 100 36 107 121 109 73 90 166 142 100 140 109 145 61 129 91 160 45 138 76 49 83 116 44 137 109 62 105 49 52 168 148 117 55 118 111 89 27 84 169 172 87 125 52 128 101 163 104 2 143 93 147 156 69 90 44 69 91 99 123 60 71 135 63 80 101 53 128 120 5 94 149 166 188 74 94 128 81
151 59 108 27 68 45 144 100 169 123 136 56 137 59 66 95 104 74 143 82 68 144 149 37 145 168 95 92 77 136 173 46 93 66 97 117 150 132 121 100 116 52 91 132 163 93 82 68 79 124 102 85 119 117 147 106 114 72 135 62 123 128 143 45 169 49 95 95 117 136 55 99 84 113 108 62 144 95 118 36 49 109 16 114 168 117 129 137 99 149 142 60 149 192 116 155 64 126 170 56
32 213 167 161 226 200 139 67 26 151 95 181 106 214 204 194 57 150 113 96 100 170 60 122 198 189 234 71 114 173 19 201 252 167 201 111 41 183 279 112 140 199 155 58 184 141 227 227 183 219 133 76 278 163 218 81 96 161 47 149 179 287 173 203 34 113 250 226 276 204 127 258 218 269 267 109 131 135 150 182 174 248 151 55 228 90 155 196 74 38 228 125 104 44 274 193 199 197 207 131
175 124 31 53 124 112 83 134 165 55 188 34 93 82 54 26 129 149 95 133 116 217 129 81 65 92 75 124 138 210 186 113 133 145 177 73 178 53 141 62 184 62 21 117 87 34 151 100 17 54 46 100 162 191 70 89 168 149 126 24 45 153 216 85 161 100 108 62 152 57 49 133 59 125 148 117 86 40 49 113 129 87 92 113 89 87 59 58 94 176 69 48 106 185 162 231 49 47 90 124
236 207 63 141 203 197 83 206 205 68 264 116 115 157 125 77 197 236 110 213 197 302 163 166 24 40 126 196 221 296 238 197 204 233 265 108 241 40 197 111 269 139 82 161 42 89 235 172 91 60 91 169 231 278 27 141 246 237 172 109 47 210 302 165 199 183 168 111 217 32 129 201 117 179 217 200 91 92 70 200 217 129 180 168 14 128 63 30 153 239 46 126 121 218 232 318 122 42 18 210
166 44 166 84 61 41 199 117 199 180 128 109 188 89 112 150 127 44 194 89 84 105 190 78 202 225 134 113 74 95 192 41 92 25 41 169 161 189 130 153 87 96 148 172 220 149 45 88 134 177 157 120 108 78 203 151 108 34 172 119 181 132 102 73 202 75 116 140 113 192 109 101 128 129 102 75 198 151 174 26 10 147 49 150 224 165 186 194 140 162 196 114 199 223 103 109 111 182 227 53
188 13 155 74 30 13 196 136 215 173 156 93 190 63 89 133 145 74 195 111 103 136 200 85 188 216 108 131 98 125 212 13 61 55 64 169 184 177 99 153 118 73 139 181 211 144 29 58 119 158 153 132 80 109 186 157 135 64 183 111 169 101 133 48 216 89 86 115 83 177 108 71 105 99 73 94 196 146 167 19 34 119 53 162 207 169 179 180 149 184 177 113 202 239 75 139 90 167 214 75
186 209 56 133 210 196 26 165 148 34 224 120 59 168 139 93 154 213 52 179 165 274 106 142 50 24 152 156 191 270 184 197 219 216 252 60 192 45 223 70 239 148 68 107 20 64 235 186 99 96 57 129 248 252 74 94 209 218 118 96 49 236 274 171 141 156 191 137 237 65 106 219 139 206 234 170 33 63 40 193 205 161 165 120 74 78 28 54 108 189 92 101 62 159 248 292 134 66 45 186
188 146 15 77 145 135 72 151 171 43 207 55 90 101 70 25 145 172 90 153 136 239 132 103 41 70 84 141 159 233 196 136 151 169 201 73 192 30 154 66 207 81 23 123 66 37 174 118 31 41 46 116 180 214 48 97 187 173 133 45 22 167 239 106 166 121 122 69 169 34 68 150 70 137 166 138 77 43 38 137 153 93 116 123 66 91 44 34 105 190 51 66 102 189 181 254 66 24 67 147
39 224 175 172 237 212 143 78 23 157 103 191 110 224 215 203 68 161 117 107 111 179 63 133 204 193 244 82 125 182 17 212 263 178 212 117 49 190 290 120 150 209 163 64 188 149 239 238 193 227 141 87 289 173 225 89 106 172 53 159 186 298 182 214 31 125 261 235 288 211 137 270 228 279 279 120 136 143 157 194 186 258 162 65 235 97 161 203 83 45 236 135 108 35 286 202 209 204 212 142
145 106 59 31 111 93 93 100 143 71 153 38 90 80 63 60 97 115 95 97 80 182 114 45 97 117 92 90 102 175 159 94 128 114 148 69 147 83 145 53 149 61 40 99 111 41 132 96 45 89 50 69 157 157 105 69 132 117 105 12 75 155 181 75 141 64 113 84 150 92 16 131 76 132 144 81 93 43 66 88 100 106 61 88 124 75 77 91 69 145 105 17 103 165 156 197 57 81 120 89
253 99 122 95 85 97 179 203 256 150 244 74 192 50 50 83 204 174 193 189 174 242 225 138 135 172 24 194 184 232 270 97 69 160 174 171 253 132 51 158 219 57 119 211 169 132 121 51 82 87 145 179 90 215 119 181 222 168 218 108 127 64 240 67 254 155 28 38 74 118 128 62 40 33 77 169 184 138 145 114 137 18 123 201 138 184 152 127 182 252 102 130 204 278 93 248 55 112 159 162
120 95 173 101 112 88 192 76 162 179 76 132 173 129 143 169 89 8 180 47 51 68 162 70 211 228 170 76 29 61 147 88 142 29 59 157 114 197 180 143 40 128 154 144 222 150 97 132 153 198 154 93 160 42 219 131 57 21 141 127 189 182 67 113 165 55 161 171 165 206 107 152 160 176 154 43 189 150 174 67 47 184 60 121 238 148 186 205 117 115 216 111 182 184 155 82 140 196 234 26
28 175 153 130 189 163 138 28 59 142 67 153 107 181 176 173 21 111 115 57 62 137 73 88 188 186 206 33 75 139 48 164 217 128 163 104 31 173 246 100 105 168 138 61 181 125 189 193 161 200 120 47 241 127 205 70 62 122 52 125 167 253 140 169 64 77 218 199 241 191 101 223 191 236 232 71 131 121 140 145 136 221 114 44 219 85 148 185 58 29 212 100 110 81 238 160 171 183 202 92
82 142 101 82 152 128 98 45 85 95 104 101 74 135 125 119 37 104 82 59 48 155 67 48 137 141 155 36 74 153 96 129 176 114 152 62 85 122 201 52 120 119 85 49 136 73 161 149 107 146 70 9 204 136 153 32 88 112 51 72 116 210 156 125 85 48 171 147 200 139 48 182 139 189 192 56 93 69 91 114 113 169 80 29 168 49 101 134 18 83 159 47 83 108 201 175 120 130 154 77
164 69 190 109 86 69 219 119 205 202 117 137 205 118 140 177 132 36 212 90 90 80 201 95 227 249 162 118 72 69 192 68 115 21 17 187 158 214 154 171 69 124 172 183 243 172 61 115 161 204 178 130 126 55 230 165 100 25 181 143 205 154 77 102 208 87 143 168 135 219 130 125 157 155 123 81 217 173 197 54 33 175 71 160 250 181 208 220 153 160 223 134 215 228 121 82 139 208 252 58
242 63 143 89 47 65 197 191 255 169 223 82 204 36 60 108 195 146 207 171 158 210 229 127 164 199 55 183 163 200 263 65 27 129 137 182 241 158 31 167 191 55 135 213 196 146 81 22 100 120 158 173 51 184 153 184 201 138 219 116 152 40 208 46 254 140 14 69 38 149 128 21 63 24 37 152 200 151 163 85 107 58 104 199 173 190 173 156 182 240 137 132 216 278 53 213 65 141 190 140
100 120 92 60 130 106 103 55 107 93 110 81 85 112 104 104 52 92 92 58 42 151 88 27 131 141 134 45 68 147 117 107 154 99 137 68 102 115 179 54 116 98 75 70 135 66 140 126 90 133 67 25 181 129 144 46 91 99 73 55 108 187 151 103 107 34 149 127 178 130 30 159 119 167 170 47 100 64 88 93 94 149 59 52 160 61 99 126 37 100 147 31 95 131 178 169 99 120 150 65
124 106 191 119 123 101 209 86 171 197 72 150 189 145 160 188 100 21 196 58 66 50 175 89 230 245 187 88 41 43 152 101 154 37 56 174 117 215 192 160 25 145 173 157 240 168 104 146 171 217 172 108 169 24 237 146 57 28 153 145 207 193 49 128 175 73 175 189 175 225 126 163 178 190 164 59 205 167 192 81 59 201 78 134 256 163 204 223 132 119 235 129 197 193 163 64 158 214 252 44
169 49 175 93 66 48 208 121 205 189 128 119 196 98 121 160 132 44 202 92 89 99 197 86 211 235 143 118 76 88 196 48 96 24 31 177 164 198 135 161 84 104 158 178 229 158 45 95 144 186 166 126 110 73 212 158 109 32 178 128 190 136 96 82 207 82 123 148 117 202 118 106 137 135 106 80 207 160 183 35 18 155 57 157 233 173 195 204 147 165 205 123 207 228 104 102 120 191 236 57
34 228 186 179 241 216 156 80 37 169 97 199 123 231 223 213 72 161 130 108 114 173 77 139 217 206 253 86 125 177 6 216 268 179 212 129 42 202 297 131 146 217 174 76 201 160 241 244 203 238 152 94 294 169 237 100 102 172 65 168 198 304 177 220 44 129 268 244 293 223 146 275 237 286 284 123 149 155 169 197 188 267 166 75 247 109 174 215 93 40 247 144 121 44 290 196 218 216 225 144
251 79 139 95 64 81 195 200 261 166 236 83 204 43 59 102 203 161 206 183 169 227 233 136 156 192 44 192 176 216 271 81 43 145 154 183 251 152 29 169 206 58 133 217 189 145 98 35 97 110 157 180 63 200 143 188 214 153 224 117 146 41 224 57 259 150 6 59 48 141 133 36 56 13 51 163 199 150 161 100 122 44 115 205 162 193 169 148 187 250 126 136 217 283 66 230 64 134 182 153
101 146 79 78 155 133 75 69 91 71 127 90 55 130 115 101 60 122 62 81 68 177 63 56 115 118 143 59 95 174 111 134 176 129 167 39 105 99 197 28 142 113 64 47 112 51 168 146 91 127 47 32 204 157 131 18 111 129 53 57 93 206 178 123 89 64 165 134 199 117 38 180 127 183 192 75 71 47 68 121 124 157 87 37 145 31 77 111 18 103 139 35 65 113 202 196 110 109 131 94
192 94 67 40 91 84 120 145 191 92 192 10 128 46 17 37 144 137 130 136 119 208 159 82 93 125 44 135 136 199 207 85 97 129 156 107 193 84 104 93 178 26 57 145 121 69 121 63 24 62 81 116 126 181 89 116 171 135 153 43 77 116 206 52 188 101 71 36 115 81 63 97 28 88 112 118 123 74 86 90 110 58 80 136 110 118 96 85 117 191 81 65 141 212 126 219 12 71 120 117
148 63 106 25 72 49 141 96 164 120 134 55 133 62 67 94 100 74 139 79 65 144 145 33 142 165 96 88 75 136 169 50 97 68 100 112 146 129 125 96 115 54 88 127 160 89 86 72 78 123 98 81 124 118 146 101 112 73 130 59 121 132 143 48 164 46 98 96 121 134 51 103 85 116 112 60 140 91 114 40 52 111 16 109 166 113 126 135 95 146 141 56 145 188 121 156 64 124 167 55
156 129 235 160 146 129 254 126 208 242 95 189 233 177 197 229 141 62 240 101 111 25 217 133 273 290 221 130 85 15 184 128 175 68 58 218 148 259 214 205 44 181 216 200 284 212 118 175 212 257 217 151 183 23 279 190 88 62 195 188 251 213 21 160 213 118 203 225 193 267 170 185 214 216 182 104 250 212 237 112 89 234 119 177 299 207 248 267 176 150 276 174 241 229 177 22 195 257 296 88
131 78 103 33 89 65 132 80 148 114 121 63 121 78 79 98 84 71 127 65 49 139 129 16 141 161 109 72 64 132 152 66 114 69 105 101 130 127 142 85 108 68 85 111 155 83 99 89 82 128 90 64 140 114 148 87 99 72 114 56 119 149 138 65 148 30 114 107 138 135 41 120 96 132 129 46 130 84 108 52 58 124 19 93 167 99 120 135 79 129 145 46 132 171 137 153 75 125 165 47
216 140 48 82 134 130 104 175 203 75 228 53 124 87 56 15 170 182 123 172 155 251 165 119 55 91 58 164 176 244 226 131 134 175 203 106 219 52 130 98 221 71 53 155 89 69 167 103 31 15 79 141 161 225 44 127 207 181 165 64 48 143 250 97 199 138 99 43 148 39 89 131 47 112 147 155 110 74 71 137 156 64 124 153 65 123 76 47 134 217 34 88 135 222 163 264 54 32 80 159
16 194 165 148 208 182 144 46 48 152 73 170 112 199 193 188 39 128 120 74 80 147 72 106 198 194 223 52 92 150 30 183 235 145 179 113 23 183 264 111 117 186 151 64 188 137 207 211 176 214 132 64 260 140 217 80 73 139 53 141 178 271 150 187 54 95 236 216 259 203 117 242 208 254 250 89 137 133 151 163 154 238 133 52 229 93 157 196 69 20 225 116 113 67 256 170 188 195 210 110
112 118 193 125 135 112 206 77 161 197 58 155 184 154 167 192 92 31 192 52 63 47 167 90 232 245 195 81 36 43 140 113 166 50 70 171 105 216 204 158 15 153 174 150 239 168 118 157 176 221 171 103 182 27 240 142 44 41 146 148 209 206 47 138 165 73 186 196 188 227 127 176 185 201 177 57 202 167 192 92 71 209 85 127 259 159 203 225 127 107 239 130 192 182 177 65 165 217 253 47
192 52 106 38 49 43 155 141 204 129 179 41 157 16 33 79 144 110 160 125 110 180 179 77 135 166 56 133 119 170 212 44 61 98 119 135 191 126 82 119 155 17 93 162 162 102 79 30 66 102 113 122 91 152 131 134 157 105 168 69 118 91 178 10 203 91 53 60 84 123 78 64 49 71 77 105 157 106 123 54 76 69 58 148 152 141 133 127 131 191 121 82 169 227 89 187 34 113 162 97
115 102 91 43 112 89 112 66 125 97 116 68 98 95 89 96 66 84 104 61 44 148 105 13 130 145 120 57 67 142 133 90 136 88 125 79 115 115 161 64 114 82 73 87 140 68 124 109 81 126 72 42 163 124 140 62 96 89 90 48 108 170 148 85 125 28 132 115 160 127 25 141 105 150 152 45 109 67 92 76 80 135 43 70 158 75 103 125 55 114 142 29 109 149 161 164 85 117 152 57
29 174 173 140 189 163 163 31 81 165 41 166 133 188 187 190 36 100 141 51 62 114 100 96 210 210 217 41 65 117 57 164 218 118 150 128 23 194 250 123 85 177 157 87 205 145 184 197 176 218 142 65 241 108 226 94 40 112 78 141 188 256 117 174 86 80 224 212 242 212 116 226 203 242 232 69 157 142 163 143 130 232 116 69 240 110 171 206 81 24 232 117 137 100 237 137 182 203 225 86
154 93 204 126 110 92 228 114 200 213 101 155 211 140 160 195 128 34 218 85 90 56 201 104 242 261 184 115 67 45 182 91 139 33 28 194 147 228 178 179 50 144 186 183 255 183 84 138 178 223 189 132 150 32 246 169 87 28 180 157 220 178 53 124 204 92 166 189 158 235 141 149 178 179 147 82 225 183 208 75 53 197 85 160 266 186 220 235 156 149 241 145 220 222 144 59 159 224 266 61
76 125 151 99 140 114 158 29 114 151 54 128 134 142 146 159 42 55 142 2 19 95 117 56 190 199 176 30 19 93 102 115 170 72 106 122 72 175 203 111 60 134 134 100 194 125 135 151 143 188 126 52 192 78 202 91 33 66 95 111 168 208 96 128 118 37 178 173 193 188 87 178 163 196 184 21 153 123 147 94 81 191 69 76 219 109 158 185 76 72 204 89 142 137 188 115 142 178 210 37
176 204 54 128 206 191 16 156 139 29 214 117 49 166 137 93 144 206 43 170 156 265 96 134 55 34 153 147 183 261 174 192 217 209 245 50 182 48 222 61 230 145 64 97 29 59 231 183 97 99 50 120 246 244 80 84 199 210 109 91 51 235 266 168 132 148 190 138 236 69 99 217 138 205 232 162 24 57 35 188 198 161 159 110 81 68 25 59 99 179 97 94 53 150 246 283 132 69 54 178
166 35 148 66 51 27 184 115 194 164 134 91 175 72 94 132 123 54 181 89 81 120 181 67 184 208 117 110 76 110 190 27 82 38 59 155 162 171 119 139 99 77 132 163 203 133 47 72 116 159 142 112 102 93 185 140 113 46 164 102 163 122 118 56 196 68 101 121 105 174 94 91 110 116 94 72 184 135 158 8 15 130 35 142 206 153 170 176 131 162 178 99 187 218 97 126 93 164 209 53
173 52 182 100 69 53 215 126 210 196 130 126 203 103 127 166 137 47 210 97 95 97 203 93 218 242 148 124 80 86 200 53 98 27 25 184 168 205 137 168 85 111 165 185 237 166 44 99 151 193 173 133 110 72 219 165 112 35 184 135 197 137 94 87 213 88 127 154 118 209 125 108 143 138 107 85 214 167 191 41 25 160 65 163 240 180 202 211 154 169 212 130 214 234 104 98 127 198 243 63
63 167 117 109 179 154 100 45 58 105 101 127 71 162 151 140 31 121 78 70 64 163 47 74 151 148 180 40 87 162 72 155 203 134 171 66 68 135 228 63 128 146 103 30 143 89 186 176 130 166 83 26 230 148 169 32 90 131 26 95 130 237 164 152 58 71 198 171 227 155 73 209 164 216 219 74 94 84 103 139 135 194 105 7 181 47 110 148 21 66 177 71 75 82 227 184 145 147 164 96
67 147 181 129 163 138 183 42 118 179 24 159 156 171 176 189 55 65 164 33 49 78 131 86 219 226 206 50 37 79 95 139 194 85 113 146 60 204 229 137 46 164 163 115 221 154 153 178 174 219 154 76 214 69 232 114 3 77 109 141 197 233 80 156 123 68 206 204 217 218 117 202 193 223 207 51 177 151 175 117 100 221 97 94 249 131 185 214 99 62 235 119 162 138 209 100 172 208 238 60
235 43 156 91 26 49 207 183 253 180 210 92 210 43 74 123 189 130 214 161 150 191 231 122 180 214 76 176 151 180 257 49 8 112 115 188 233 173 43 173 174 64 145 214 210 154 57 26 113 139 166 170 37 165 171 186 189 121 218 122 166 46 188 45 253 133 38 89 32 166 131 15 81 45 24 142 209 159 174 70 90 81 95 198 192 194 184 172 182 232 157 135 223 277 37 193 78 158 207 127
247 93 120 89 80 91 177 198 252 148 238 70 189 44 45 82 199 168 190 183 168 236 221 133 134 171 22 189 178 226 265 92 65 154 168 168 247 131 50 155 213 51 116 206 168 129 115 46 79 87 141 174 87 209 120 177 216 162 214 104 126 63 234 61 249 149 24 37 72 118 123 58 37 32 74 163 181 135 143 108 131 21 117 196 139 180 150 127 178 246 103 126 201 274 90 242 51 112 159 156
91 239 150 174 249 226 105 111 33 126 152 184 75 226 209 184 97 193 78 140 137 225 33 145 171 152 235 110 158 226 73 226 271 207 244 90 101 159 292 100 193 208 144 50 148 129 258 242 179 204 118 99 300 214 194 78 150 203 47 150 157 302 227 219 26 144 260 224 295 181 134 276 219 279 287 146 97 123 128 211 209 248 177 69 200 75 129 172 82 97 208 130 67 32 297 247 203 177 173 169
166 105 51 32 106 92 97 121 162 71 172 21 101 68 45 41 118 128 104 116 100 197 131 63 86 112 72 111 120 190 180 93 118 124 156 80 168 73 131 65 165 47 36 116 107 44 132 85 25 70 56 90 148 171 90 87 152 129 124 14 65 142 196 68 160 82 98 63 139 78 36 120 56 116 134 100 99 48 65 92 108 86 72 108 110 90 76 79 89 166 87 38 114 184 147 211 40 67 111 105
134 152 46 77 157 139 49 103 115 38 161 77 45 124 102 75 94 146 48 112 98 206 77 75 81 86 126 93 124 202 140 140 173 150 187 23 139 65 188 10 172 104 35 67 80 20 177 141 69 98 13 66 203 185 98 40 144 151 77 43 59 199 207 121 110 88 155 114 195 84 41 176 110 173 189 103 48 14 34 132 140 139 101 67 111 35 44 77 50 136 107 36 57 134 202 224 96 76 97 119
225 148 53 93 142 139 107 184 210 79 238 63 129 95 64 25 180 192 128 182 165 262 171 129 52 89 62 174 186 254 235 140 140 185 212 112 228 52 134 105 231 79 61 162 87 76 175 110 41 5 85 150 167 235 37 135 217 191 172 74 49 147 261 106 206 148 104 47 153 35 99 137 53 116 153 166 113 81 75 147 166 66 134 161 57 130 79 45 143 226 24 98 140 228 169 274 62 31 76 170
129 84 170 95 101 77 192 84 169 178 87 125 175 120 135 164 96 4 182 54 56 74 167 69 208 226 162 83 37 66 156 78 131 18 51 158 124 194 169 144 49 120 152 149 221 148 86 122 148 193 153 97 149 48 214 134 68 11 147 123 186 171 73 103 172 56 151 164 154 202 106 141 153 166 143 47 189 148 173 57 36 176 54 126 234 150 185 202 121 125 211 110 184 192 144 86 133 192 232 26
74 228 151 166 239 215 111 96 16 130 135 179 79 219 204 184 82 178 84 124 123 208 32 135 176 160 232 95 143 210 57 216 263 193 230 91 83 163 286 98 176 202 143 43 156 128 247 234 176 205 118 88 291 198 198 72 133 189 37 145 160 295 211 211 9 132 254 221 287 185 127 268 215 273 279 133 103 122 131 200 196 245 166 58 205 73 133 176 74 80 211 124 73 25 288 231 199 180 180 155
89 207 117 139 216 193 79 91 44 96 142 149 46 192 174 151 77 168 52 117 111 208 2 114 142 128 201 87 134 208 81 194 238 180 218 58 97 129 258 66 175 173 110 18 124 95 227 207 144 171 84 71 266 194 164 44 134 177 23 115 126 268 210 185 38 115 226 189 261 151 100 242 184 244 254 120 71 89 97 180 180 214 146 41 172 40 99 142 50 93 177 96 42 59 264 230 169 146 148 142
131 127 216 145 144 124 232 102 183 222 71 176 210 169 186 214 116 47 217 77 88 24 192 114 255 270 212 106 62 17 159 124 174 60 65 196 123 240 213 183 19 170 198 175 264 193 121 170 197 243 196 128 187 6 263 167 63 51 170 171 233 214 23 153 188 97 199 214 194 250 151 184 203 212 183 82 228 192 217 105 82 226 104 152 282 184 228 249 152 126 261 154 218 204 181 39 183 240 277 69
169 188 40 112 190 175 18 145 136 13 203 102 46 150 122 80 134 191 42 157 143 252 94 119 51 42 139 136 169 247 169 176 201 194 230 41 175 40 208 48 217 130 49 92 36 43 215 168 83 89 35 109 230 230 74 75 188 195 103 75 40 220 252 152 130 133 175 124 220 62 84 202 124 191 217 148 25 41 19 172 183 148 143 102 80 60 11 52 89 172 90 79 54 150 230 270 117 60 57 163
58 142 140 102 156 130 139 6 89 136 62 128 112 151 149 154 16 80 120 26 28 118 91 59 178 183 180 6 44 117 81 131 184 96 131 103 56 162 215 93 83 140 123 74 177 113 156 162 140 182 111 33 209 103 192 70 47 91 69 105 156 221 120 138 92 44 188 175 208 178 80 191 165 206 199 37 133 110 133 112 102 195 82 52 208 87 142 174 55 56 197 81 119 112 205 139 145 169 195 59
277 80 193 133 64 89 246 225 296 218 249 131 251 83 110 157 231 166 255 202 191 221 274 165 213 248 101 218 191 210 300 89 35 146 141 229 274 207 33 214 209 103 184 257 245 194 81 66 149 167 206 213 16 196 200 229 228 156 261 163 201 22 218 87 296 175 59 116 12 197 173 31 112 50 20 184 249 199 213 110 127 100 137 241 219 237 222 205 225 274 184 177 264 320 22 219 115 190 238 167
237 131 77 90 122 124 134 192 228 105 242 59 152 76 49 39 189 187 152 185 169 257 192 132 82 119 35 182 186 248 249 124 116 177 200 134 239 81 105 124 228 65 80 181 117 95 157 88 48 33 106 161 141 230 65 152 220 184 190 83 77 118 255 89 225 150 77 22 126 65 107 111 33 87 127 167 139 101 100 135 156 36 129 176 84 150 106 74 157 237 48 108 164 248 143 267 50 60 105 167
53 159 181 136 175 150 178 37 105 177 21 164 150 180 183 193 49 79 158 39 55 89 121 92 219 224 213 47 48 92 81 150 205 99 128 143 45 203 239 134 60 172 164 107 218 154 166 188 178 222 152 74 226 83 233 109 16 91 99 144 197 244 92 165 111 74 216 210 229 219 119 214 200 233 219 59 173 151 174 129 113 228 106 86 249 126 183 215 94 47 237 121 155 125 222 112 179 210 236 72
221 133 57 81 127 124 114 178 210 85 229 50 133 79 48 20 174 180 132 173 156 250 173 120 65 102 47 167 176 242 232 125 125 172 198 114 223 63 119 105 220 64 61 162 99 76 160 94 32 21 87 145 151 223 53 134 208 178 171 67 58 132 249 90 206 139 89 32 138 49 92 121 38 101 138 156 120 82 81 132 152 53 122 158 73 131 86 57 140 221 40 92 144 229 153 261 47 43 90 158
223 130 62 81 124 122 118 179 213 89 230 50 137 76 46 24 176 179 136 174 157 249 176 121 69 106 43 169 176 241 235 123 121 171 197 118 225 67 115 109 220 62 64 165 104 80 157 91 34 24 91 147 148 223 56 137 209 177 175 69 63 128 248 88 209 139 85 28 134 53 94 118 34 97 134 157 124 85 85 131 151 49 121 161 77 134 90 62 142 223 43 94 148 232 149 260 45 47 94 158
187 65 92 29 63 55 141 137 195 115 178 27 144 25 25 66 139 115 147 122 107 185 168 72 122 152 52 128 119 176 205 55 74 104 128 122 187 112 91 107 158 10 80 152 148 88 92 42 52 90 100 114 104 158 119 123 156 111 158 56 104 101 183 24 194 88 60 53 96 110 67 76 42 79 90 103 143 92 109 62 83 67 59 139 140 130 119 114 121 186 109 71 157 218 103 194 23 100 148 98
118 91 104 43 102 77 127 67 134 112 111 72 113 91 90 104 70 70 120 54 38 135 118 3 143 159 121 58 56 129 138 78 127 72 109 94 117 128 155 79 103 80 86 100 154 82 110 102 88 134 87 51 154 111 151 76 89 74 102 59 120 163 135 79 135 19 128 117 151 138 39 134 107 146 143 36 125 81 106 63 65 136 29 80 170 90 118 137 67 116 151 43 124 158 151 151 86 128 165 43
213 57 114 57 48 52 166 162 223 139 199 51 171 4 32 81 165 128 174 145 130 196 196 97 139 172 43 153 139 186 232 53 49 113 130 149 212 131 63 135 172 23 104 180 168 114 83 16 71 99 126 141 78 169 131 152 177 122 186 83 124 73 194 20 222 112 33 52 69 125 96 50 42 51 65 125 169 119 133 68 91 54 78 167 152 158 143 131 149 211 118 99 184 246 79 202 36 116 165 116
116 176 72 103 182 162 46 96 87 53 154 107 21 152 132 105 84 156 28 113 101 209 48 89 100 94 157 87 128 206 117 163 201 163 201 13 122 86 217 21 174 133 64 40 89 49 199 169 99 126 39 62 230 190 121 23 140 162 51 73 82 228 210 148 82 97 184 145 223 107 63 204 140 202 217 109 40 43 53 152 157 169 119 49 131 7 58 99 38 119 133 59 32 104 228 229 126 101 110 128
108 198 94 126 205 184 54 100 69 71 155 132 21 177 156 129 87 170 28 122 113 217 27 108 117 104 181 94 139 216 104 185 225 179 217 34 116 104 242 46 183 157 88 29 99 73 220 193 124 148 62 72 254 201 140 35 145 178 40 97 102 252 219 172 63 113 209 169 247 126 86 228 165 227 241 122 46 67 73 173 176 194 139 49 147 22 74 117 48 113 153 82 21 83 252 238 151 122 123 143
98 127 89 65 137 114 96 56 101 88 113 84 77 118 108 104 51 100 84 62 48 157 80 35 128 136 138 46 74 153 113 115 161 107 145 61 100 112 185 48 122 102 72 62 130 62 148 132 91 132 62 22 188 136 142 38 95 106 66 56 105 193 157 109 100 41 154 130 184 127 31 166 122 173 176 54 93 60 84 101 102 152 67 45 157 53 94 123 30 98 146 31 87 124 186 175 103 118 146 72
47 162 134 112 175 149 123 23 65 125 77 135 94 164 157 154 9 105 102 51 51 141 67 72 170 170 188 22 69 141 64 150 201 120 156 88 50 155 229 82 107 150 119 51 165 107 177 176 142 181 102 28 227 127 187 54 67 115 45 106 149 237 143 153 68 62 201 181 225 173 82 208 172 219 217 60 117 102 123 132 125 202 100 30 201 70 131 167 40 48 194 81 99 89 223 163 152 164 185 83
82 230 146 166 241 217 104 101 25 124 143 178 73 219 202 180 87 183 77 130 127 215 27 136 170 152 229 100 148 216 66 218 263 197 234 86 92 157 285 95 183 201 139 42 148 124 249 234 173 200 113 90 291 204 192 71 140 193 38 143 154 294 218 211 18 134 253 218 287 179 127 268 213 272 279 137 96 118 125 202 199 243 168 60 199 69 127 170 74 88 206 123 66 31 289 238 197 174 173 159
178 25 157 75 42 23 196 128 208 174 145 98 188 72 97 138 137 62 193 101 94 124 194 80 192 218 117 123 88 113 203 22 73 43 55 167 174 180 111 151 106 81 141 176 213 144 34 69 123 164 153 125 91 97 191 153 124 52 177 112 172 113 121 57 209 81 97 124 95 182 106 83 113 110 84 85 195 146 168 15 23 129 48 156 212 166 180 184 144 175 183 111 199 231 86 128 97 171 218 65
156 123 230 155 140 123 250 125 207 238 96 184 230 171 191 223 139 57 237 98 108 30 215 128 269 286 215 128 82 19 184 122 169 62 52 215 148 254 208 201 44 175 212 197 280 208 112 169 207 252 213 149 177 21 274 187 88 56 193 183 246 207 26 155 212 114 197 219 187 262 165 179 208 209 176 100 246 208 233 106 84 228 113 174 294 204 244 262 173 150 271 169 238 228 172 28 190 252 292 84
61 139 148 105 153 127 149 12 98 145 54 132 123 151 152 159 26 71 131 17 25 107 102 60 186 192 182 16 35 106 86 128 182 88 123 113 58 171 214 103 73 142 131 85 187 121 150 161 145 188 120 42 205 92 200 80 37 83 80 111 164 220 109 138 101 44 188 178 206 186 86 190 168 206 196 33 144 118 141 108 97 197 80 62 216 98 151 182 65 58 203 87 129 121 201 128 147 176 204 53
159 196 55 120 200 183 3 139 123 27 198 113 32 161 134 94 128 192 27 154 141 250 80 121 66 51 153 131 168 246 157 184 212 196 233 34 165 56 221 46 215 141 60 80 46 50 222 179 96 105 40 104 242 229 90 67 183 197 92 83 56 233 251 162 116 134 188 139 232 78 87 213 138 204 228 147 9 47 32 178 187 163 148 93 95 51 26 68 82 162 106 83 38 135 241 269 129 76 69 164
201 200 45 127 200 189 45 175 168 36 234 110 77 156 125 77 165 215 72 185 170 278 125 143 27 15 135 166 196 273 201 189 206 215 250 73 207 26 207 78 244 136 62 124 11 64 228 173 86 75 61 139 235 256 51 107 217 218 135 91 33 220 279 161 161 159 175 120 223 43 106 205 122 189 221 175 53 64 40 188 202 142 163 134 50 93 29 32 120 204 69 102 83 180 235 295 121 46 25 188
289 93 197 142 76 102 252 237 307 224 262 137 259 90 115 160 243 180 262 215 204 235 283 176 215 251 103 230 203 224 311 102 47 160 155 237 287 211 31 222 223 110 190 266 248 201 95 74 154 168 213 224 30 210 201 238 241 169 271 171 205 18 232 97 306 187 62 118 23 199 182 40 115 49 33 196 255 206 218 123 140 100 149 251 220 245 227 207 235 287 184 186 271 330 36 233 120 192 240 180
191 35 180 98 50 40 218 142 225 197 151 119 209 89 117 160 152 67 215 114 109 118 214 100 214 240 134 138 98 107 217 40 78 47 41 189 186 202 117 173 107 100 164 196 235 167 22 82 145 184 175 144 88 93 213 174 132 55 196 135 194 116 115 75 226 99 109 142 96 203 128 88 132 119 85 100 217 169 191 37 35 145 69 175 234 187 203 206 164 187 204 133 221 248 82 118 117 193 240 78
166 144 251 176 160 144 269 139 219 258 102 206 248 192 212 245 154 78 255 115 126 27 230 149 290 306 237 144 99 22 193 143 188 84 70 233 157 275 227 220 56 197 233 213 300 228 130 190 229 273 232 166 195 37 296 205 99 78 208 204 267 226 23 176 225 133 218 241 205 284 186 198 230 230 194 119 265 228 253 127 105 249 135 190 315 222 264 283 190 160 292 190 256 239 189 8 211 273 312 104
193 179 25 107 179 168 49 163 165 26 221 89 76 135 104 57 154 197 73 170 155 262 124 125 21 36 116 153 180 256 196 169 185 196 230 66 198 9 187 67 228 115 42 119 32 47 207 152 65 59 47 126 214 238 43 98 203 199 130 72 12 200 262 140 159 142 155 101 202 31 89 184 102 170 200 158 56 49 27 168 182 123 144 125 52 86 22 21 110 195 59 85 85 180 215 278 100 30 38 170
239 185 59 124 180 176 98 204 215 76 260 97 127 133 101 56 197 223 123 206 190 291 174 156 31 64 99 194 212 284 244 177 178 218 247 115 243 42 169 113 259 116 75 168 64 87 212 147 72 33 92 168 204 266 7 144 241 223 179 98 46 182 291 143 209 174 141 84 190 21 121 174 91 151 190 191 106 91 75 182 200 100 166 172 20 135 73 29 155 241 16 119 135 230 206 305 99 30 45 199
28 194 155 144 207 182 133 49 38 141 84 164 100 196 188 180 39 133 107 79 82 157 59 104 188 182 217 52 96 159 33 183 234 149 184 101 36 173 262 100 126 182 142 51 177 128 209 209 168 205 121 59 260 148 207 69 82 144 40 134 168 269 160 185 43 95 232 210 258 193 111 240 202 251 249 91 125 123 140 164 156 232 132 42 219 81 146 186 60 33 216 109 101 60 256 180 183 185 199 113
99 151 213 152 168 145 219 80 154 214 36 182 194 185 197 217 94 64 202 64 79 41 169 113 252 262 225 87 56 45 127 145 199 83 99 183 90 237 236 173 21 183 195 154 256 187 150 189 201 247 188 113 215 42 263 151 36 73 147 171 229 239 44 169 160 94 218 225 221 249 148 208 214 234 210 77 214 185 210 124 103 240 114 132 281 169 220 247 136 93 263 150 200 173 209 64 194 239 272 75
44 232 181 179 245 219 148 86 26 163 108 198 115 232 222 210 76 168 121 115 119 184 68 141 210 198 251 90 132 188 18 220 271 185 219 123 53 196 298 126 156 217 170 70 193 155 246 245 200 233 147 95 297 179 231 96 112 179 59 166 192 306 187 222 34 132 268 243 295 217 144 277 235 287 287 128 140 150 163 202 193 266 170 72 240 103 167 209 91 50 242 142 112 32 293 207 217 211 217 150
209 47 120 57 39 43 171 158 222 144 193 56 174 9 40 89 162 120 178 140 126 187 197 94 147 179 52 150 133 177 230 43 44 105 120 153 208 138 64 137 165 28 109 181 175 118 73 11 78 108 130 140 73 160 140 152 171 113 186 87 131 72 185 14 221 108 37 61 65 133 96 46 52 54 60 120 173 123 138 60 82 64 72 166 161 160 148 139 149 208 128 100 187 245 73 193 43 124 173 110
175 208 59 132 210 195 15 156 136 33 215 122 47 170 142 98 145 208 41 171 158 267 94 137 60 36 157 148 184 263 172 196 221 212 248 51 182 53 227 62 232 150 69 96 32 62 234 188 102 104 53 121 250 246 84 84 200 213 107 95 56 239 267 172 130 150 195 143 240 74 102 221 143 210 237 164 22 60 39 191 201 166 162 110 85 68 29 64 99 179 102 97 50 147 250 285 137 74 57 180
116 194 85 121 201 180 46 104 78 62 160 125 13 171 150 121 91 170 20 125 115 220 36 106 108 95 174 97 140 218 112 181 220 179 217 26 123 95 236 39 185 151 80 36 90 65 217 188 116 139 54 73 249 202 131 35 149 178 47 91 93 246 221 167 72 113 203 162 242 117 82 223 158 221 236 122 38 60 64 170 174 186 137 53 138 19 65 108 49 120 144 77 16 92 247 241 144 113 114 143
172 64 191 110 80 65 223 126 211 205 125 136 209 115 138 177 138 44 216 97 97 86 207 99 228 251 160 125 79 75 199 65 109 27 14 191 166 215 149 175 77 122 174 188 245 174 54 111 161 204 181 136 120 62 230 170 108 32 187 144 207 148 83 99 214 92 139 166 128 219 133 119 155 150 117 87 221 175 199 52 34 172 73 166 250 185 211 221 158 167 223 137 220 234 114 87 138 209 253 64
140 208 80 133 213 194 28 128 98 53 185 131 15 179 155 119 115 192 8 148 137 244 56 125 95 75 176 121 163 242 134 195 229 199 236 34 147 84 241 50 209 159 81 60 71 68 232 196 118 132 56 97 259 225 119 58 173 198 71 99 84 253 245 177 91 133 208 162 250 107 96 231 160 226 245 145 20 63 57 186 192 187 154 78 123 40 54 97 72 144 134 91 11 108 257 264 149 104 96 164
160 104 53 29 107 92 96 115 157 71 167 25 98 70 50 46 112 124 102 111 94 192 126 58 89 113 77 105 114 185 174 93 120 120 153 77 162 76 134 62 160 50 37 112 108 43 131 87 31 76 54 84 150 167 94 82 146 125 119 10 68 145 192 69 155 77 102 69 141 82 31 122 61 120 136 94 98 47 65 90 105 92 68 102 114 86 76 82 84 160 93 32 111 179 149 206 44 71 114 100
162 39 150 68 56 32 185 111 192 165 130 94 175 77 98 135 120 49 181 85 78 115 180 66 186 210 121 107 72 105 187 32 87 33 56 155 158 174 124 139 94 82 133 161 205 135 50 77 119 162 143 110 106 88 188 139 109 41 162 104 165 126 113 61 193 66 106 126 110 177 95 96 115 121 99 69 184 136 159 12 10 134 35 141 208 153 171 179 129 159 181 100 186 215 102 122 97 167 212 49
151 110 51 34 114 97 89 107 147 66 160 35 89 79 60 52 104 122 93 105 88 190 116 54 89 110 87 97 110 183 165 98 129 121 154 68 153 75 144 52 157 60 34 102 105 36 136 96 38 81 46 75 158 165 97 72 140 124 109 4 67 155 189 77 145 72 111 78 150 84 22 131 71 130 145 89 90 39 60 94 107 102 68 93 116 76 72 83 74 152 97 23 102 169 157 204 54 73 113 97
230 109 86 76 100 103 143 183 227 114 230 49 158 54 30 47 182 169 158 173 157 239 193 120 98 135 14 173 172 230 245 103 94 158 180 138 231 95 86 126 212 46 84 180 132 98 135 65 48 52 110 154 119 212 85 151 208 166 189 79 90 99 238 68 224 138 56 2 105 83 101 89 13 68 106 155 148 104 109 115 137 23 113 173 105 151 116 91 154 230 69 103 170 248 121 248 33 76 124 152
225 50 133 73 36 50 186 173 238 158 206 70 190 22 51 100 177 130 193 154 141 196 213 110 157 191 54 165 146 185 245 50 30 114 124 168 223 150 48 153 175 42 123 197 187 133 72 5 90 116 145 156 59 169 148 169 184 122 202 102 143 56 193 29 238 123 25 66 50 143 113 30 58 41 45 134 188 138 152 69 91 62 86 182 169 176 162 149 166 223 135 117 203 262 59 200 55 134 184 123
54 149 134 104 163 137 129 13 79 128 71 128 101 154 150 150 6 91 109 38 37 130 79 61 171 174 180 8 56 129 75 138 190 106 143 93 55 155 219 85 96 142 118 62 168 106 164 166 137 178 104 25 215 115 187 59 57 102 57 102 149 226 132 142 81 50 191 174 214 172 77 197 165 209 205 47 123 103 125 119 112 195 88 40 201 77 134 167 45 54 192 77 107 102 211 151 145 163 187 69
247 103 111 90 91 100 168 198 248 139 241 67 182 51 43 72 199 174 183 185 170 243 216 134 122 159 14 189 182 234 264 101 78 161 177 161 248 120 63 149 219 53 108 202 157 122 127 56 71 75 134 172 100 216 107 173 219 169 210 100 115 76 241 68 246 151 37 27 85 106 120 72 30 45 87 166 173 128 134 116 139 7 121 193 126 174 141 115 174 246 90 123 194 270 103 250 48 100 147 161
62 140 132 97 154 128 131 13 88 128 70 122 105 146 143 146 16 83 113 30 28 124 86 53 170 175 174 3 48 123 84 129 181 97 134 95 62 154 211 85 90 134 115 69 169 105 155 158 132 175 103 25 206 108 184 62 54 93 65 98 148 217 126 134 90 41 183 168 205 170 72 188 159 201 196 37 126 102 125 110 102 189 79 46 200 80 134 166 47 61 189 73 112 111 202 145 138 161 187 60
153 91 69 15 95 78 108 105 156 85 154 29 106 65 52 61 105 108 110 98 81 176 128 44 106 129 82 96 100 169 169 79 112 104 136 84 154 92 131 69 145 47 52 112 124 55 117 81 45 90 65 78 141 151 110 84 133 108 119 23 84 141 176 60 154 63 99 76 135 98 28 115 66 118 128 80 109 58 79 75 89 97 51 100 130 90 91 99 82 152 108 31 119 179 140 190 46 88 130 84
185 72 208 126 87 76 240 141 227 221 135 151 226 126 151 192 154 58 233 112 113 87 223 116 244 267 171 140 94 76 213 76 114 43 7 208 179 231 153 192 85 135 190 205 262 191 56 120 176 218 198 153 120 66 245 187 120 47 203 161 223 151 83 111 230 109 146 178 130 234 149 124 167 157 120 103 238 192 216 66 50 182 89 182 265 202 227 236 175 180 237 154 237 250 114 83 151 224 269 81
136 90 82 23 98 76 113 87 144 94 135 48 105 76 69 80 87 91 111 78 62 159 120 25 121 140 99 77 81 152 153 77 119 90 125 84 136 106 142 68 127 61 64 103 135 63 114 90 64 109 71 62 147 134 127 76 114 93 108 35 98 151 158 67 143 44 112 94 142 115 23 123 85 130 135 61 112 64 88 68 77 114 38 88 147 86 100 114 71 135 126 28 117 167 145 173 64 104 144 66
137 196 70 121 202 183 24 122 100 44 180 120 9 167 143 108 110 182 5 140 128 236 57 114 88 73 165 114 155 233 134 184 217 189 226 23 144 77 230 39 201 147 70 58 68 57 221 185 107 123 44 89 247 217 112 50 167 189 69 87 75 241 237 165 93 124 197 151 239 99 84 219 149 214 233 136 16 51 47 175 182 176 143 73 117 33 46 89 65 141 126 79 17 112 246 256 138 95 93 154
9 192 179 153 207 181 162 46 66 168 55 178 131 203 200 199 44 119 138 69 79 131 92 110 214 211 230 54 85 135 37 182 235 138 170 129 5 199 267 126 103 191 164 83 206 151 203 214 186 226 146 73 259 126 232 96 59 131 72 151 193 273 134 190 73 96 240 224 260 217 126 243 215 258 250 86 156 147 166 161 149 245 133 69 245 110 174 211 84 4 239 126 132 83 255 154 195 209 227 105
165 36 152 70 53 30 188 115 195 168 133 95 178 76 98 136 124 51 184 89 81 116 183 69 188 212 121 110 75 106 191 30 84 34 55 158 162 175 121 142 96 82 135 165 207 137 46 76 120 163 145 113 103 89 189 142 112 43 166 106 167 124 114 60 197 69 105 126 107 179 98 93 115 119 96 72 187 139 162 12 12 134 38 144 210 156 173 180 133 162 182 102 189 219 98 122 97 168 213 53
79 186 110 121 196 173 82 72 50 92 125 134 49 174 159 140 58 147 57 97 90 189 22 93 139 131 186 67 114 189 78 174 219 159 196 52 86 125 240 55 155 156 100 3 126 85 207 189 132 163 76 49 247 174 160 27 116 156 12 100 121 250 191 166 46 94 209 176 242 146 82 223 170 227 235 99 74 79 92 159 158 200 125 20 170 32 97 138 30 83 171 79 51 70 244 211 153 140 149 121
35 224 178 173 237 211 148 77 29 161 99 193 115 225 217 206 68 159 122 106 110 175 68 134 208 198 246 82 123 179 11 212 264 176 210 121 44 194 291 123 147 211 167 68 193 152 238 238 195 230 144 88 289 170 229 93 103 170 57 161 190 299 178 215 37 124 262 238 288 215 139 270 230 280 279 119 140 147 161 193 184 261 162 67 239 101 166 207 86 41 239 137 113 40 286 198 211 208 217 141
106 160 225 164 177 154 231 91 162 226 42 194 205 196 208 229 105 73 213 76 92 35 179 125 264 274 236 99 68 43 133 154 207 91 103 195 97 249 245 185 28 194 207 165 268 199 157 199 213 259 200 125 222 44 275 163 47 82 157 183 241 247 39 180 168 107 228 236 229 262 160 217 226 243 218 89 226 197 222 134 112 251 125 143 293 180 232 259 148 100 276 163 211 181 217 58 205 251 284 86
156 85 197 119 101 84 223 114 199 208 105 147 207 132 153 187 127 31 214 85 88 64 199 99 235 255 176 114 66 53 183 83 131 26 23 190 149 221 170 175 55 137 179 181 250 178 76 130 171 215 183 129 142 39 239 166 89 23 178 150 213 170 61 115 203 88 158 181 151 228 135 141 170 171 140 79 221 178 203 67 45 189 78 158 259 182 214 228 153 151 234 140 216 222 137 67 151 217 259 58
69 178 114 116 189 165 91 59 50 99 113 131 60 169 156 141 45 135 68 84 78 177 33 85 146 140 184 54 101 176 72 166 212 147 185 59 76 131 236 59 142 152 102 16 135 87 197 184 132 165 80 39 240 162 165 28 103 144 14 98 126 245 178 161 49 83 205 175 236 151 78 217 168 223 228 87 84 82 98 150 148 199 116 8 177 39 104 144 24 72 175 75 63 73 237 198 150 144 157 110
26 178 177 144 193 167 166 35 80 169 41 170 136 192 191 194 39 103 143 54 66 115 101 100 213 213 221 45 69 118 54 168 222 122 153 131 19 198 254 126 86 181 161 89 208 149 187 202 180 222 146 68 245 109 230 97 42 115 80 145 192 260 118 178 86 84 228 216 246 215 120 230 207 246 236 73 159 145 166 147 134 236 120 71 244 113 174 210 84 21 235 121 139 99 240 138 186 206 228 90
229 184 50 120 179 174 88 195 205 65 252 94 116 132 101 53 188 217 113 199 182 285 163 149 21 56 101 185 206 279 234 174 179 213 243 105 234 32 172 104 253 115 67 158 55 78 211 148 69 35 83 159 206 260 4 135 233 218 169 91 36 185 285 141 199 167 143 86 192 12 114 176 92 154 192 184 95 82 65 178 196 104 161 162 21 125 62 19 146 231 23 111 125 220 207 299 98 22 38 193
25 178 157 134 192 166 142 31 59 146 65 157 111 185 180 177 24 113 118 59 64 136 75 92 192 190 210 36 77 138 45 167 220 130 164 108 27 176 249 104 105 172 142 64 184 129 191 196 165 204 124 51 244 127 209 74 61 124 54 129 171 256 139 173 64 80 221 203 244 195 105 227 195 240 235 73 135 125 144 148 138 225 117 47 223 89 152 189 61 25 216 104 113 80 241 159 175 187 205 94
211 157 33 93 154 147 85 173 192 57 229 67 108 107 75 27 167 191 106 174 158 259 152 123 32 68 81 163 180 252 218 148 155 186 216 92 215 30 153 87 227 89 45 144 66 59 185 123 41 22 67 138 183 234 28 118 209 191 154 66 27 165 258 115 187 142 122 65 170 18 90 153 69 135 169 159 91 64 54 151 169 87 134 145 48 111 56 24 127 212 29 88 118 209 184 273 72 9 58 166
164 56 102 20 62 43 143 113 178 120 151 44 139 45 52 85 116 88 144 96 82 158 156 49 136 162 80 105 92 149 184 44 83 79 106 118 163 124 109 102 130 37 86 139 157 90 82 56 69 112 100 95 111 131 137 112 129 85 143 57 116 117 157 32 178 63 81 80 107 127 57 88 69 99 99 77 143 93 114 42 59 94 31 122 158 121 125 129 106 162 131 62 152 202 109 168 49 116 162 71
143 89 77 17 96 76 111 95 149 90 143 40 106 70 61 72 95 98 111 86 70 166 124 33 115 136 91 85 89 159 160 77 115 95 129 85 144 101 137 68 134 54 59 107 130 60 114 85 56 102 68 69 144 140 121 79 122 99 112 30 93 146 165 62 148 52 106 86 138 108 24 119 77 124 131 69 111 62 84 70 81 107 43 93 140 88 96 108 76 142 119 28 118 172 142 180 56 98 139 73
152 120 224 149 136 118 244 119 202 232 92 179 224 166 186 218 134 51 231 93 102 31 209 123 263 280 210 122 76 20 180 118 165 57 50 209 144 248 205 195 40 170 206 192 274 202 109 165 202 246 207 143 175 16 269 182 84 51 187 178 240 204 27 150 207 108 193 214 184 257 160 175 203 206 173 95 241 202 227 101 79 223 108 169 288 199 238 256 167 146 265 164 232 223 169 33 184 246 286 78
156 205 65 129 208 191 9 140 117 38 198 123 28 171 145 105 128 197 21 157 145 253 75 127 76 56 163 132 171 250 153 192 222 202 239 37 163 66 231 51 218 151 70 77 51 60 230 189 106 115 49 106 251 233 100 68 185 203 88 92 66 243 254 171 110 138 198 149 242 88 94 223 148 215 238 151 5 56 42 185 193 174 154 92 103 51 37 78 83 160 116 89 31 128 251 272 139 86 76 169
45 219 164 164 232 207 132 76 14 146 108 182 99 217 206 193 65 160 105 106 108 182 52 127 193 182 235 79 124 185 27 207 257 176 211 106 54 179 283 109 152 202 153 53 177 138 235 231 183 216 130 80 284 175 214 79 108 171 42 150 175 292 185 207 21 120 253 226 281 200 128 263 219 272 273 117 124 133 146 189 182 250 157 55 223 86 150 192 74 51 225 126 96 33 280 205 201 194 201 140
197 31 126 53 29 24 174 145 214 148 176 62 173 25 53 100 150 101 177 124 112 168 192 83 156 187 70 137 116 158 218 25 48 86 102 151 195 146 77 136 146 38 113 174 182 120 59 25 86 122 131 130 75 141 152 147 154 94 179 87 139 83 166 11 213 94 54 78 71 144 92 53 67 70 63 105 175 124 142 41 64 82 57 158 173 156 153 148 142 194 141 97 186 237 73 174 55 134 183 93
108 96 157 89 112 87 174 61 147 163 73 120 155 123 133 156 74 23 162 32 34 82 145 54 196 211 162 60 16 76 135 88 143 38 74 139 103 181 178 126 50 119 139 127 205 134 103 128 140 185 137 76 163 58 204 113 52 33 124 112 173 182 82 107 150 38 157 162 166 191 91 151 151 173 156 25 171 133 158 66 50 176 51 104 223 130 169 190 99 104 203 95 164 170 158 98 130 181 218 11
165 95 214 135 111 96 239 126 211 224 110 163 222 145 167 203 140 46 229 97 102 58 213 115 251 271 190 127 79 46 193 95 140 42 23 205 158 237 179 191 58 151 196 195 266 194 83 142 187 231 200 144 148 37 255 181 98 39 192 166 229 178 54 129 215 104 170 195 158 244 151 150 184 181 147 94 237 194 219 81 60 202 94 172 275 197 230 244 168 160 250 156 232 234 143 56 166 233 275 73
83 250 172 189 261 237 128 113 28 149 146 202 98 242 227 205 101 197 102 143 143 221 53 157 195 176 254 114 161 224 59 238 285 212 248 112 92 182 308 120 191 225 165 66 172 149 268 257 198 226 139 109 313 213 217 95 147 208 59 168 180 318 224 234 25 153 277 243 309 204 150 290 238 295 301 152 121 144 151 221 217 268 188 80 223 95 152 195 96 89 231 147 90 10 310 244 221 200 197 175
53 221 159 164 233 208 125 81 5 140 116 180 92 217 205 189 69 165 98 110 111 190 44 128 187 174 233 82 129 192 36 209 258 180 216 100 63 173 283 105 159 201 149 48 170 134 238 231 180 212 125 81 285 181 208 75 115 176 38 147 170 292 193 207 12 122 253 224 282 195 127 264 217 271 274 121 117 128 140 192 186 247 159 54 217 81 144 186 72 59 220 124 88 28 282 213 199 188 194 143
194 32 180 98 46 39 219 145 227 197 155 119 210 87 115 159 155 71 216 117 112 122 216 102 213 240 132 141 102 111 220 38 74 50 44 190 190 202 113 174 111 99 164 198 235 167 18 80 144 183 176 146 84 97 212 175 136 59 198 135 194 112 119 73 229 102 106 140 92 203 129 84 130 116 81 103 218 169 191 38 38 142 71 177 233 189 203 206 166 191 202 134 222 251 78 122 116 192 239 81
160 108 49 34 110 96 92 116 156 67 169 27 95 73 52 44 113 127 98 113 96 195 124 60 85 109 79 106 117 189 174 97 124 124 157 74 162 72 137 59 163 53 33 110 104 39 135 91 29 73 50 85 153 170 91 81 148 128 118 8 64 148 195 72 153 79 104 69 145 78 31 125 62 122 140 97 94 43 61 94 109 93 71 102 110 83 72 78 83 161 90 32 108 178 152 209 46 68 110 103
64 164 198 148 181 156 196 55 120 194 5 177 168 190 195 208 67 80 176 51 68 76 138 105 236 241 225 64 55 80 91 156 211 100 125 160 55 220 247 152 51 183 180 125 235 170 169 196 193 237 169 91 231 74 249 127 17 92 116 159 213 251 79 174 126 87 225 223 235 235 135 220 212 241 224 70 190 168 191 135 117 240 116 104 266 144 200 231 112 58 252 136 173 138 226 99 191 226 254 78
181 83 213 132 98 86 243 139 225 226 129 159 229 135 160 199 152 56 235 110 112 77 223 119 250 272 181 139 92 65 209 85 125 45 8 211 174 237 164 195 77 144 196 205 267 196 67 130 183 226 202 153 131 57 252 189 114 46 203 166 229 162 73 120 228 110 157 187 141 241 154 135 176 167 131 103 241 197 221 74 56 192 94 182 273 204 232 243 176 176 245 158 239 248 125 72 160 231 275 81
216 97 82 61 90 90 138 168 215 109 214 34 150 43 15 44 168 154 151 158 142 224 183 105 100 135 19 159 157 216 232 91 88 144 166 129 217 94 87 116 197 31 77 169 132 90 124 57 40 58 102 141 115 197 90 140 193 151 177 67 88 99 223 55 213 123 54 14 102 85 88 85 3 69 101 139 142 96 103 101 123 34 98 161 111 141 111 92 142 216 77 90 162 237 116 234 18 77 126 137
237 82 117 79 69 79 173 187 243 144 226 62 183 32 38 80 188 156 185 171 157 224 213 122 135 170 24 178 166 214 255 80 57 141 156 162 237 130 51 148 201 41 111 198 167 124 105 34 75 89 136 164 82 197 122 169 204 150 205 97 124 63 222 49 241 138 19 38 68 119 114 52 34 34 68 152 177 129 139 96 119 29 105 187 142 173 147 127 169 236 107 117 195 265 84 230 43 112 160 144
208 68 101 51 60 61 154 158 216 126 198 39 161 13 19 68 160 131 163 143 128 200 187 93 126 159 35 149 139 191 227 62 62 118 138 139 208 118 72 124 175 13 92 172 155 102 94 29 58 87 114 136 91 173 118 143 176 126 178 73 111 83 199 26 214 109 40 41 81 112 87 62 31 58 77 124 157 107 121 74 97 49 78 160 139 148 130 118 142 207 106 91 173 238 91 208 23 103 152 117
167 129 241 165 145 130 262 137 219 249 106 194 242 178 200 234 151 68 249 111 120 35 227 140 280 297 223 140 94 26 195 129 173 72 55 227 159 265 212 213 55 184 223 210 292 220 115 176 217 262 224 161 180 33 285 200 100 66 205 194 257 211 30 162 224 126 203 228 190 273 177 183 217 215 179 113 259 219 244 114 92 236 124 187 305 217 256 273 185 162 281 181 250 240 174 23 199 262 303 96
67 141 172 121 157 132 175 35 115 171 32 150 149 163 168 181 49 62 157 24 41 83 125 78 211 218 198 42 30 83 95 132 188 81 112 139 61 195 222 129 49 156 155 110 213 146 149 171 166 210 146 69 208 71 224 106 11 74 103 133 188 227 85 148 120 59 199 196 211 210 108 196 185 216 201 43 170 143 167 111 95 213 90 87 240 124 177 206 91 62 226 110 155 136 204 105 164 200 230 54
89 147 201 142 164 140 207 67 142 201 28 173 181 178 188 206 81 60 189 51 67 52 156 102 240 249 217 74 46 55 117 140 195 80 100 170 80 224 231 160 25 174 183 141 243 175 148 183 190 236 176 100 212 48 251 138 23 71 134 159 217 234 55 162 148 83 212 216 217 238 136 204 205 228 206 66 201 173 197 119 99 231 105 119 269 156 207 235 123 83 252 138 187 162 207 75 184 228 260 66
211 60 110 54 52 55 163 160 220 135 198 47 168 5 28 77 163 128 171 144 129 197 193 95 135 168 40 152 138 187 230 55 53 114 132 146 210 127 66 131 173 19 100 177 164 110 86 20 67 96 122 139 82 170 127 149 176 123 183 80 120 76 195 21 219 110 35 48 72 121 93 53 39 53 68 124 165 115 129 70 92 52 77 164 148 154 139 127 147 209 115 96 180 243 82 204 32 112 161 116
186 160 7 88 160 148 58 152 164 29 209 69 80 116 86 40 145 180 78 157 141 246 124 110 32 56 99 142 165 240 192 149 167 179 212 65 191 17 170 61 213 96 25 117 51 35 188 133 46 50 40 116 195 222 46 92 191 182 127 54 9 182 246 121 159 127 137 85 184 32 73 166 85 153 181 144 64 39 26 149 164 108 126 119 61 84 30 26 102 188 56 70 90 181 196 262 81 24 55 154
189 160 9 89 159 148 61 155 167 32 212 69 83 115 84 38 147 181 81 159 143 248 127 111 30 56 97 144 167 242 195 149 165 179 212 68 193 17 168 64 214 95 27 120 52 37 187 132 45 47 43 118 194 223 43 95 193 183 130 55 9 180 248 120 162 129 136 82 183 29 75 164 83 151 180 146 67 42 29 149 164 106 127 122 59 87 33 24 105 191 52 72 93 184 195 263 80 21 55 156
174 46 176 94 62 46 210 126 209 191 133 119 199 96 120 160 136 49 205 97 94 103 201 89 212 236 141 123 81 92 200 46 92 29 32 180 169 199 131 164 89 103 159 182 231 160 40 92 144 186 168 130 105 77 213 162 114 37 182 129 191 131 100 80 211 85 120 147 112 202 120 102 136 132 101 84 209 162 185 34 21 153 60 161 233 176 197 204 151 170 205 125 210 233 100 105 120 192 237 62
11 211 187 168 225 199 164 63 55 173 72 191 132 219 214 210 59 139 139 88 97 148 88 126 220 214 244 70 104 153 19 200 253 158 189 133 18 205 284 132 122 206 173 83 208 159 222 231 198 236 153 85 277 145 239 101 78 151 72 163 200 290 152 207 62 113 256 237 277 225 139 260 229 274 268 105 157 154 172 180 168 259 151 74 251 113 178 218 91 16 247 138 131 68 273 171 209 217 231 125
239 57 145 88 41 60 199 187 253 171 219 83 204 36 62 110 192 141 207 168 155 205 228 125 167 202 59 180 159 195 260 60 22 124 131 182 237 161 34 167 186 55 136 212 198 147 75 20 102 124 158 171 48 179 156 183 197 133 217 116 154 41 203 44 252 137 20 73 36 152 127 18 66 29 34 148 201 151 165 80 102 63 100 197 177 190 174 159 180 237 141 131 217 277 49 208 67 144 193 136
49 180 132 124 192 167 112 45 45 119 94 143 80 177 167 157 31 127 88 73 71 162 47 87 165 161 196 44 91 162 55 168 217 141 178 79 55 150 243 78 128 162 119 33 155 105 197 190 146 182 99 40 244 149 184 47 87 137 25 112 145 251 164 167 47 81 213 188 241 170 89 223 180 232 233 81 105 100 117 150 145 211 117 19 196 60 124 163 37 52 193 87 83 69 240 184 161 162 177 104
231 36 159 90 18 43 209 179 251 183 204 95 211 47 79 128 185 123 215 156 145 183 230 120 185 218 83 172 145 172 254 43 12 104 107 189 228 177 51 173 167 67 148 212 214 156 48 31 117 145 168 167 37 157 177 185 183 113 216 124 170 52 180 45 251 129 47 95 36 171 130 22 87 54 26 138 211 160 177 64 83 89 91 196 198 194 187 177 180 228 163 135 223 275 35 184 82 162 212 122
217 18 167 90 12 31 213 166 242 188 185 102 211 60 91 139 173 102 215 141 132 160 225 111 196 227 101 160 128 149 241 30 35 83 83 189 213 186 75 173 146 77 153 207 222 160 25 47 126 159 170 158 50 134 190 181 165 92 209 126 179 74 157 51 243 117 69 112 55 183 128 45 102 78 44 123 214 163 182 48 64 110 80 188 211 192 193 188 174 214 179 133 223 266 45 160 93 174 222 105
46 162 135 113 175 150 124 23 65 126 77 136 95 165 158 155 9 105 103 51 51 140 67 72 171 171 189 22 70 140 63 151 202 120 156 89 49 156 230 83 107 151 120 52 165 107 178 177 143 182 103 29 228 127 188 55 66 116 45 107 150 238 142 153 67 63 201 182 226 174 83 208 173 220 217 60 118 103 124 132 125 203 100 31 202 71 132 168 41 47 195 82 99 88 224 162 153 165 186 83
278 88 177 127 71 95 232 226 292 204 255 119 240 74 95 139 231 175 243 205 193 235 267 164 193 230 81 219 196 224 299 94 40 157 157 219 276 189 9 204 219 92 170 250 227 182 97 59 134 146 194 210 39 209 179 222 234 166 256 153 184 4 232 83 291 176 42 96 24 178 166 31 94 27 34 187 236 187 198 116 136 78 139 236 198 228 207 186 219 276 162 169 253 316 45 235 101 171 219 172
104 125 84 60 134 111 93 62 106 83 118 79 77 113 102 98 57 102 83 67 52 160 83 34 122 132 132 52 78 156 118 112 157 108 145 59 106 107 180 45 126 97 67 65 126 57 147 128 85 126 58 28 185 139 136 40 100 108 69 50 100 189 161 105 105 43 149 124 180 122 25 162 116 168 173 57 90 55 79 99 102 147 65 50 152 53 90 118 33 104 140 25 87 129 182 178 97 112 141 74
117 150 62 77 157 137 60 86 101 54 145 84 45 128 109 89 77 135 51 98 84 193 67 66 97 101 135 77 110 189 124 138 176 141 178 25 122 82 193 11 158 109 49 54 95 35 174 144 80 113 30 50 205 172 115 25 128 141 63 50 76 204 194 123 98 77 161 125 198 100 38 179 119 179 192 90 57 30 51 128 133 149 95 51 128 27 60 94 33 119 123 33 57 121 203 211 103 92 113 107
217 203 51 132 201 191 63 190 185 50 248 111 95 155 123 74 180 224 90 198 182 289 143 153 17 23 129 180 207 284 219 192 204 223 256 89 223 27 201 93 255 136 69 141 23 74 230 172 86 65 74 153 232 266 36 122 231 226 153 98 35 214 289 162 179 170 171 114 219 33 116 202 118 183 218 186 71 76 53 193 208 134 170 150 33 109 45 25 135 220 56 112 101 198 233 305 120 40 11 198
106 98 113 56 110 85 131 55 127 118 98 85 115 103 103 116 59 64 121 41 25 126 114 12 152 167 133 47 45 121 128 86 137 70 107 97 105 137 167 83 92 93 95 95 161 89 115 114 101 146 93 44 163 103 162 75 76 69 96 69 130 173 126 90 128 7 139 130 161 149 47 144 120 158 152 24 128 89 114 69 66 149 35 74 180 90 125 146 64 104 162 51 125 151 159 142 99 138 174 36
184 81 76 27 79 70 126 135 187 99 180 11 131 38 21 51 135 123 134 124 108 193 158 71 106 136 51 126 123 185 200 71 89 114 141 109 184 96 102 94 165 18 64 143 132 73 108 56 36 76 85 109 118 166 104 113 159 121 149 43 88 113 192 40 185 89 69 47 109 94 58 90 37 88 105 105 128 78 93 75 95 66 65 131 125 118 104 98 113 183 96 61 143 209 118 204 16 84 132 104
246 112 102 90 101 108 159 198 244 130 243 64 175 58 43 63 198 179 175 187 171 249 211 134 111 149 14 189 185 240 261 108 89 167 185 155 247 110 75 143 223 56 101 198 146 116 136 66 65 63 127 171 112 222 96 168 221 175 206 96 105 88 247 74 241 152 49 19 97 95 118 84 27 57 99 168 164 121 125 123 145 6 125 190 114 169 132 104 171 246 78 119 187 265 115 256 47 90 136 164
183 155 4 83 155 143 60 148 163 31 205 64 80 111 81 36 141 175 79 153 136 241 123 105 37 61 96 138 160 235 190 144 162 173 206 64 188 22 166 59 208 91 21 115 56 32 182 128 41 50 38 112 191 217 49 90 187 177 126 49 14 178 241 115 158 122 133 81 180 35 68 161 81 149 177 139 66 36 27 144 158 105 121 117 65 83 33 31 100 185 57 65 91 180 191 257 77 26 61 149
55 167 124 112 179 154 109 38 57 113 92 131 79 164 155 147 24 117 87 64 60 156 53 74 159 157 184 34 82 155 66 155 204 130 167 75 60 143 230 71 122 149 110 36 151 97 184 178 135 173 91 27 231 141 177 41 82 127 31 101 138 239 157 154 59 69 201 176 228 162 77 210 169 219 220 70 103 92 111 138 133 199 105 15 189 56 118 156 28 57 184 76 83 81 228 177 150 154 172 93
242 87 119 84 75 85 175 192 247 146 232 66 186 38 41 80 194 162 188 177 162 230 217 127 134 171 22 183 172 220 260 86 61 147 162 165 242 130 50 151 207 46 113 202 168 126 110 40 77 88 139 169 84 203 121 173 210 156 209 100 125 63 228 55 245 143 21 37 70 119 118 55 35 33 71 158 179 132 140 102 125 24 111 191 140 176 149 127 173 241 105 121 198 269 87 236 47 112 160 150
221 27 180 102 26 40 225 171 249 201 186 116 222 74 105 153 179 102 227 144 137 155 234 119 210 240 115 166 130 144 246 39 44 82 75 200 217 200 83 184 143 91 166 216 236 172 15 61 140 174 183 166 51 130 205 191 166 91 218 139 193 81 151 65 250 123 82 126 60 197 139 54 117 89 49 128 226 175 195 54 65 123 88 196 226 202 206 202 183 218 193 144 234 273 46 153 108 188 236 108
227 28 171 97 16 40 219 176 251 193 195 106 218 61 93 142 183 113 222 151 142 169 233 120 199 231 100 170 138 158 251 39 28 93 91 196 224 190 66 180 155 80 158 215 226 165 31 47 130 161 176 168 40 144 192 189 175 102 218 133 183 65 166 55 252 127 65 112 45 186 136 38 103 72 34 133 220 169 187 58 74 107 89 197 213 199 198 191 183 224 180 140 230 275 35 169 96 177 226 115
156 119 227 151 136 119 247 123 206 235 96 180 227 167 187 220 137 54 235 97 105 33 213 125 265 283 211 126 80 22 184 118 165 59 48 212 148 251 204 199 44 171 208 196 277 205 108 165 203 248 210 147 174 21 271 185 88 52 191 180 243 203 29 150 211 111 193 215 183 259 162 175 204 205 172 98 244 205 230 102 80 224 110 173 291 202 241 259 171 150 267 166 236 227 168 32 186 248 288 81
46 232 180 180 245 220 147 87 24 162 110 198 114 232 222 209 77 169 120 116 120 186 66 142 209 197 251 91 133 190 20 221 272 186 221 122 55 195 299 126 158 217 170 69 192 155 247 246 200 233 146 95 298 181 230 96 114 181 59 166 191 307 189 222 32 133 269 243 296 216 144 278 235 287 287 129 139 149 162 202 194 266 170 72 239 102 166 208 91 52 241 142 110 30 294 209 217 210 216 151
133 190 67 115 195 176 27 116 98 43 174 114 9 161 138 104 104 175 10 134 122 229 56 107 88 76 160 108 148 227 132 177 211 182 219 16 140 76 225 32 194 141 65 55 71 51 214 179 102 121 39 82 241 210 111 44 161 182 66 81 74 236 231 159 92 117 191 147 233 98 77 213 144 209 227 129 20 46 45 168 175 172 136 68 118 27 46 89 59 137 125 72 21 112 239 249 132 94 95 147
85 124 168 110 140 115 177 45 129 170 46 140 153 149 156 173 59 44 161 20 35 76 135 69 207 218 185 49 14 74 112 115 170 63 94 141 78 192 206 129 41 143 150 118 212 143 130 155 157 203 144 72 191 59 218 110 24 56 113 126 185 210 77 133 134 50 183 184 194 205 103 179 173 200 183 33 173 141 166 94 77 200 75 95 236 128 176 202 96 80 219 106 161 151 186 96 152 195 228 37
98 209 112 140 218 196 70 99 53 89 151 148 38 191 173 146 85 174 43 124 117 217 12 117 135 119 198 94 141 216 90 196 238 185 223 52 107 122 257 63 183 173 106 25 115 91 231 208 141 166 80 76 267 202 158 45 142 183 32 113 120 267 219 186 46 120 225 186 261 144 100 242 182 243 255 126 62 85 91 183 184 211 149 48 164 37 92 135 54 103 171 96 33 66 265 238 167 140 139 148
111 89 133 66 103 77 153 59 140 140 89 97 136 105 112 132 68 42 143 36 25 106 132 30 172 188 141 54 30 100 135 78 132 49 87 119 108 157 165 104 74 99 115 113 182 110 102 113 116 161 114 61 155 82 180 95 67 48 113 87 149 170 106 90 142 17 141 140 156 167 67 140 129 158 146 17 150 110 135 58 50 156 32 91 199 111 146 166 83 108 179 71 146 164 151 122 109 157 194 14
187 123 36 57 121 112 92 145 177 63 198 32 105 77 47 14 141 155 106 143 126 224 142 90 64 94 64 135 147 217 199 113 128 150 180 85 190 53 132 74 192 57 31 130 90 46 151 94 7 44 57 112 156 198 64 101 178 155 139 34 46 144 223 82 174 109 99 51 145 53 60 127 49 115 142 126 96 51 57 115 133 76 98 125 84 99 66 56 107 188 61 59 117 197 157 237 42 43 90 131
194 14 142 63 20 8 186 143 216 162 168 78 183 43 71 117 149 89 188 120 109 154 198 85 173 202 88 136 109 144 218 8 48 72 84 162 192 163 84 146 134 56 127 180 198 133 41 39 103 140 144 133 72 127 170 154 147 81 183 100 155 87 151 29 217 93 67 96 72 161 101 57 86 81 62 101 187 136 156 29 50 100 55 162 191 164 167 165 147 192 159 106 196 240 69 158 73 151 199 86
90 148 202 144 164 141 208 68 144 203 29 174 182 179 189 207 82 60 190 53 69 51 158 103 241 250 218 75 47 54 117 141 195 80 100 172 81 226 232 161 24 175 184 142 245 176 148 184 192 237 177 102 212 47 253 140 24 71 135 161 219 235 54 163 149 85 213 217 218 239 137 204 206 228 207 67 203 174 199 120 100 232 107 120 270 157 209 236 125 84 254 140 188 163 207 74 186 229 261 67
222 88 95 64 79 82 151 173 224 122 216 42 162 33 18 58 173 152 163 160 145 221 193 108 114 149 14 163 157 212 238 82 74 139 159 140 222 109 73 127 195 28 89 179 146 102 113 44 53 71 114 147 101 194 103 149 194 147 186 77 102 85 219 47 222 125 40 21 88 99 96 71 13 56 87 141 155 108 117 95 118 29 97 169 124 152 125 106 150 221 89 98 174 246 102 229 23 91 140 136
63 137 149 104 151 126 151 15 101 147 53 132 125 151 152 160 29 69 133 15 24 104 105 60 188 194 182 19 33 103 89 126 180 85 120 115 59 172 213 105 70 141 132 88 189 122 148 160 145 189 122 45 204 89 201 83 35 80 83 112 165 218 106 137 104 43 187 178 204 187 87 188 168 205 195 31 146 120 143 106 94 197 79 65 217 100 153 183 68 60 204 88 132 123 199 126 147 177 206 50
188 39 117 42 39 29 163 136 204 138 170 53 163 25 47 92 141 98 167 117 104 167 181 74 148 177 69 129 110 157 209 30 58 85 104 141 186 137 85 125 143 31 103 164 173 110 66 32 78 115 121 120 86 140 144 137 148 93 168 77 130 92 165 9 203 86 59 74 81 136 81 63 63 77 74 98 164 113 132 40 63 82 50 148 165 145 143 140 132 186 135 86 175 227 84 174 48 126 174 87
243 116 96 89 106 111 153 196 240 124 242 62 169 61 42 57 195 181 170 186 170 250 206 133 104 142 16 187 185 241 258 112 95 169 188 149 245 103 82 138 224 57 96 193 139 110 141 70 60 56 122 168 119 223 88 164 221 176 202 92 98 95 249 77 237 151 55 16 104 88 115 90 25 64 106 167 158 116 119 125 147 13 125 186 107 164 125 97 167 243 71 116 181 261 121 259 46 83 128 164
272 78 181 124 61 86 235 220 289 207 246 120 241 73 98 144 226 165 244 198 187 223 265 159 200 236 88 213 188 212 294 86 30 146 144 219 270 195 20 204 209 93 173 249 232 183 84 56 138 154 195 206 25 198 187 220 225 155 253 153 189 12 220 79 289 170 46 103 9 184 164 23 99 36 20 180 238 188 201 107 126 87 132 233 206 227 210 192 217 270 170 168 254 313 30 222 103 177 225 164
217 66 110 60 56 61 164 166 225 136 205 49 170 12 27 76 169 135 173 150 136 204 197 102 133 167 34 158 145 194 236 62 54 121 138 149 216 126 62 134 180 23 101 182 163 112 91 22 67 92 124 145 82 177 124 153 183 130 188 83 119 73 202 28 224 117 30 44 71 119 97 53 35 48 68 131 167 117 130 77 99 46 84 169 145 158 139 125 151 216 111 100 183 248 83 210 32 110 160 123
125 104 190 118 121 99 208 86 171 196 74 148 188 143 158 186 100 19 195 58 66 51 175 87 228 244 185 88 40 44 153 99 152 35 55 173 118 214 190 159 27 143 171 157 239 167 102 144 169 215 171 107 167 25 236 145 58 26 153 144 206 192 50 126 175 72 173 187 173 223 124 161 176 188 162 58 204 166 191 79 57 199 77 134 255 163 203 222 131 120 233 128 196 193 162 65 156 213 251 43
215 84 92 57 76 77 147 166 218 118 209 36 157 29 11 56 166 145 159 153 138 215 187 101 113 148 21 156 150 206 232 78 74 133 154 135 215 107 76 122 189 21 85 173 144 97 110 43 49 72 110 140 102 188 104 143 187 141 180 71 100 88 213 43 216 118 43 25 90 99 89 72 14 60 88 134 151 103 113 90 112 36 90 162 124 146 122 105 144 214 91 92 169 240 103 223 17 90 139 129
227 45 142 79 30 47 194 176 243 167 206 78 197 30 60 109 181 128 201 155 143 192 219 113 167 200 63 168 146 182 249 47 21 111 119 175 226 159 46 160 173 50 131 203 196 141 64 12 99 125 153 160 51 166 158 175 184 120 208 109 152 52 190 33 243 125 30 75 43 152 119 24 67 42 37 136 196 145 161 67 89 70 88 187 178 182 171 158 171 225 144 123 210 267 50 195 64 144 193 123
150 72 180 101 89 69 207 105 190 191 105 130 192 116 135 170 117 22 198 75 76 77 187 83 218 238 160 104 58 67 177 69 120 8 31 174 144 204 158 159 60 120 162 168 233 161 69 115 153 198 167 116 134 50 222 151 87 10 167 133 196 159 75 99 193 73 144 164 140 210 118 129 153 157 129 67 205 161 186 51 28 173 61 146 242 167 197 211 139 146 217 123 202 213 128 83 134 199 242 44
179 117 39 48 116 105 92 136 171 63 188 26 101 74 46 24 132 145 103 133 116 214 136 80 71 99 67 126 137 207 191 106 125 141 172 81 181 59 132 69 183 53 29 123 95 42 144 91 10 53 54 103 154 189 73 94 168 146 132 25 51 144 214 77 167 99 99 55 144 61 50 125 51 116 140 116 95 47 58 107 124 80 88 118 93 94 67 63 99 179 70 50 114 191 154 228 40 51 97 122
160 107 50 32 110 95 93 115 156 68 167 27 96 73 52 45 112 126 99 112 95 194 124 59 87 110 79 105 116 187 173 96 123 123 155 74 162 73 137 59 162 53 34 110 105 40 134 90 30 75 51 84 152 169 92 80 147 127 117 8 65 148 193 72 153 78 104 70 144 80 30 125 63 122 139 95 95 44 62 93 107 93 70 101 112 83 73 80 82 160 91 31 108 177 152 208 46 69 112 101
141 58 136 57 73 48 166 90 169 148 114 87 154 82 96 126 98 43 160 65 56 114 157 44 173 195 123 85 55 105 165 48 103 36 70 135 138 160 137 119 87 81 118 139 189 118 73 87 110 154 125 87 125 87 178 117 93 41 139 89 152 142 112 66 170 43 116 124 127 166 76 111 113 132 117 48 165 119 143 28 24 137 17 118 198 131 154 166 107 138 173 81 165 193 121 124 94 155 198 31
148 111 215 139 127 109 235 113 197 222 91 169 216 157 176 208 127 41 223 86 94 38 202 113 253 270 201 116 68 27 176 109 157 47 44 200 140 239 196 187 38 160 196 185 265 193 102 155 192 236 197 135 168 16 259 173 80 41 181 168 231 196 35 140 201 99 184 204 176 247 150 167 193 197 165 86 232 193 217 92 69 214 98 162 279 190 229 246 159 143 255 154 224 219 162 43 174 236 276 69
180 140 16 68 139 128 72 142 165 42 198 49 87 96 67 26 136 163 87 144 127 230 127 94 50 76 84 132 150 224 189 129 147 160 192 68 184 37 152 60 197 76 15 117 71 30 167 114 27 48 41 107 176 205 57 89 178 164 127 36 29 165 230 100 160 112 120 70 165 44 59 147 68 136 162 129 76 36 37 129 144 94 107 115 75 85 46 43 97 182 60 56 98 183 176 245 62 33 75 137
103 96 137 74 111 85 154 52 135 142 81 104 136 114 120 138 62 41 143 28 19 102 129 35 176 191 149 48 23 97 128 86 140 51 89 119 100 161 173 106 69 107 119 110 185 113 108 121 122 168 117 58 163 79 185 94 59 49 109 93 154 178 102 99 137 18 149 148 164 172 71 148 137 166 154 10 151 113 138 65 55 164 40 88 204 111 149 170 81 100 185 75 145 158 159 118 116 162 198 14
158 65 94 12 71 52 134 108 170 111 149 39 130 50 51 79 110 90 135 93 78 160 147 43 129 154 81 99 91 152 178 53 92 83 113 109 158 117 116 93 131 39 78 130 149 81 91 63 63 107 91 88 120 134 131 103 127 88 135 49 109 124 159 40 170 59 87 80 115 120 48 96 69 105 108 74 134 84 105 49 65 96 32 115 152 112 117 122 98 157 126 53 142 194 118 171 48 110 155 71
139 89 80 20 96 76 113 90 146 93 138 45 106 73 66 77 90 93 111 81 65 161 122 28 119 139 96 80 84 155 156 77 117 92 126 85 139 104 140 69 129 58 62 105 133 62 114 88 61 106 70 65 145 136 125 77 116 95 110 33 96 148 161 65 145 47 109 91 140 113 23 122 82 128 133 64 112 64 87 68 78 111 39 90 144 87 99 112 73 138 124 28 118 169 143 175 61 102 142 69
138 200 73 124 205 186 24 124 99 47 181 123 10 171 146 111 111 185 3 142 131 238 57 117 90 74 168 116 157 236 134 187 221 191 229 26 145 78 233 42 203 150 73 59 69 60 224 188 110 126 48 91 250 219 113 52 168 191 70 90 77 244 239 169 92 126 200 154 242 101 87 223 152 217 237 138 16 55 50 178 185 179 146 74 119 35 48 91 67 142 128 82 15 111 249 258 141 98 93 157
57 218 153 160 230 205 119 81 6 134 118 175 86 213 200 183 68 164 92 110 110 191 38 125 181 168 228 81 128 193 42 206 255 179 215 94 66 167 279 99 160 196 143 42 164 128 236 227 175 206 119 78 282 182 202 70 116 175 32 142 164 288 194 204 9 120 248 219 279 189 122 260 212 267 271 119 111 123 134 189 184 242 156 50 211 75 138 180 68 63 214 120 82 30 279 214 195 183 188 142
154 45 134 53 60 34 169 103 180 149 128 80 159 70 86 120 110 54 165 79 69 124 166 51 170 194 112 97 69 115 178 34 89 43 71 139 151 157 123 123 99 70 117 147 189 118 62 73 104 148 126 97 112 97 173 124 107 50 149 87 149 128 122 53 181 54 102 114 113 162 78 97 103 118 103 61 168 120 143 15 24 125 19 127 193 137 155 163 115 151 167 83 171 204 108 133 84 151 196 45
100 202 104 132 211 189 65 96 58 82 150 140 32 184 165 139 82 169 38 120 113 214 16 111 128 114 190 91 137 213 94 190 231 180 218 45 108 115 249 55 180 165 98 22 110 83 224 200 133 158 72 71 260 198 151 38 140 178 32 105 113 260 216 178 52 114 217 179 254 137 92 235 174 235 247 121 57 77 83 177 178 203 143 45 158 30 85 128 48 104 164 88 29 72 258 235 159 132 134 143
239 56 147 89 40 59 200 188 254 172 218 85 205 37 64 112 192 140 208 167 155 204 229 125 169 204 61 180 159 193 260 59 20 123 130 183 238 163 34 168 185 57 138 213 200 148 73 21 104 126 160 171 46 177 159 184 197 132 218 117 156 40 201 44 253 137 22 75 35 154 128 16 68 30 32 148 203 153 166 80 101 66 100 198 179 191 176 161 181 237 144 132 218 277 47 207 69 146 195 135
196 173 21 102 172 161 57 164 171 32 221 81 83 127 96 48 156 194 80 170 154 260 130 123 19 44 107 154 178 254 200 162 177 192 225 71 201 4 178 70 226 107 39 124 40 47 200 144 57 50 49 127 206 236 37 101 203 196 135 67 4 191 260 132 165 140 146 91 194 24 86 176 93 160 192 157 64 50 31 162 177 114 140 129 49 91 30 15 112 198 51 83 92 186 206 275 92 21 42 168
253 94 127 95 80 93 184 203 258 155 242 77 196 48 52 89 205 171 198 188 173 239 228 138 141 178 29 194 183 228 271 93 62 156 169 175 253 138 44 162 216 57 123 213 175 136 115 47 86 93 149 180 82 211 126 184 220 165 220 111 133 57 236 64 256 154 21 44 67 125 130 55 44 26 70 168 188 142 150 111 134 25 121 203 145 187 157 133 184 252 109 132 208 280 85 244 58 119 166 160
125 105 190 119 122 100 208 86 171 197 73 149 188 144 159 187 100 20 196 58 66 51 175 88 229 245 186 88 41 43 153 100 153 36 55 173 118 214 191 160 26 144 172 157 239 167 103 145 170 216 171 107 168 25 236 146 57 27 153 144 207 193 50 127 175 72 174 188 174 224 125 162 177 189 163 59 205 167 192 80 58 200 77 134 256 163 203 223 132 120 234 129 197 193 163 64 157 213 252 43
84 145 195 137 161 137 200 61 137 195 27 167 174 174 183 201 75 58 182 45 61 58 150 97 234 243 212 68 41 60 112 137 192 78 101 164 76 218 229 153 28 170 177 135 237 169 147 179 185 230 170 94 210 51 245 132 17 69 128 153 211 232 61 158 143 78 208 211 215 232 130 201 200 224 204 60 195 167 191 116 97 227 101 113 263 149 201 229 117 79 247 132 181 157 205 81 180 222 253 62
198 193 38 120 192 181 46 171 167 31 229 102 77 148 117 69 161 208 72 180 165 272 125 137 22 23 127 161 190 267 200 182 198 208 242 70 204 19 199 74 238 128 55 122 19 57 220 165 78 68 56 134 227 249 46 103 212 211 134 84 25 212 273 153 161 153 167 112 215 37 100 197 115 181 213 169 54 59 34 181 195 134 156 131 49 90 26 26 116 201 64 96 84 181 227 289 113 39 28 182
242 115 95 88 105 110 153 195 239 123 241 61 169 61 41 56 194 180 169 185 169 249 205 132 104 141 16 186 184 240 257 111 95 168 188 149 244 102 82 138 223 56 95 192 139 110 140 70 59 56 121 167 119 222 88 163 220 175 201 91 98 95 248 76 236 150 55 15 104 88 114 89 24 64 105 166 158 115 119 124 146 14 124 185 107 163 125 97 166 242 71 115 180 260 121 258 45 82 128 163
199 101 64 48 97 91 119 152 196 91 201 18 130 50 19 31 151 146 132 144 128 217 163 91 88 121 39 142 145 208 213 92 100 138 164 109 200 80 104 96 187 32 57 150 117 70 128 67 21 53 83 123 129 190 82 120 179 144 158 47 73 116 215 58 193 109 71 29 117 75 70 99 23 88 115 126 123 76 85 98 118 53 89 142 103 122 94 80 123 199 73 71 142 217 129 227 15 65 114 126
126 169 59 95 175 156 41 101 99 42 160 97 26 143 121 93 90 155 31 116 103 212 60 86 89 85 145 93 129 208 128 157 192 161 198 5 131 74 207 11 177 123 52 52 80 37 193 160 87 113 26 66 221 191 109 31 145 161 63 62 70 218 213 139 95 97 174 133 214 95 57 195 129 192 208 110 37 31 41 147 154 158 115 58 120 19 47 87 45 128 120 52 39 117 220 231 115 89 100 127
271 79 177 122 62 86 231 219 287 203 247 116 238 70 94 140 224 166 241 198 186 225 262 157 195 231 83 212 188 214 293 86 31 147 147 216 269 190 15 201 210 89 169 246 228 180 87 54 133 149 192 204 30 199 182 218 225 156 251 150 184 9 222 77 286 169 42 98 14 180 161 22 94 31 23 179 234 185 197 107 126 82 131 231 201 224 206 187 214 269 165 165 250 310 35 225 99 172 221 164
126 84 101 35 95 71 128 75 142 110 118 64 116 82 82 98 78 72 122 62 46 140 124 11 139 158 112 67 63 133 146 72 120 72 109 96 125 125 147 81 108 71 83 106 152 80 105 94 82 128 86 58 146 115 147 81 97 75 108 54 117 154 139 70 142 27 119 109 144 134 38 125 99 137 135 44 126 81 105 58 63 127 24 87 166 94 117 133 73 125 145 42 127 166 143 154 78 123 163 47
45 160 140 114 173 148 130 17 69 131 70 137 101 165 159 158 4 100 109 46 47 134 74 72 176 177 190 18 64 134 64 148 201 116 151 95 46 160 229 89 100 152 124 59 171 112 174 176 145 186 108 32 226 121 192 61 60 111 52 110 154 237 136 153 73 61 201 183 225 178 85 207 175 220 216 56 124 108 129 130 122 205 98 37 207 77 137 172 47 44 199 85 106 92 222 156 155 169 191 79
146 108 211 136 125 107 232 110 194 219 89 165 212 154 173 204 124 38 219 82 90 40 199 110 249 267 198 112 65 29 174 106 155 44 43 197 138 235 194 183 36 157 193 182 261 189 100 153 188 233 194 132 166 16 255 170 77 37 177 164 227 194 37 137 199 95 181 201 175 243 146 165 190 194 164 83 228 189 214 89 66 211 94 158 275 187 225 243 156 140 252 151 221 216 160 46 171 233 273 65
144 139 234 162 155 137 250 118 197 239 81 192 227 183 201 231 132 63 235 94 106 10 208 132 273 288 227 122 79 1 171 136 185 74 71 214 135 258 224 201 34 186 216 192 282 211 130 183 214 260 214 145 195 19 280 184 77 66 186 188 250 224 7 167 202 115 212 230 204 268 168 195 219 225 193 100 245 210 235 119 96 240 121 169 300 202 246 267 170 138 278 172 235 217 190 22 199 257 295 87
72 143 180 127 159 134 184 44 122 179 27 156 158 167 173 188 58 60 165 31 48 74 133 84 219 227 203 51 33 75 100 134 189 80 108 147 64 203 225 137 42 161 162 118 221 154 148 174 172 217 154 77 209 64 231 115 5 72 111 140 196 229 77 152 127 66 202 201 213 217 116 198 191 219 202 49 178 151 175 113 96 218 94 96 248 132 185 214 100 66 233 118 164 143 205 97 170 208 238 56
164 139 247 172 155 139 265 136 217 254 101 201 244 188 208 241 151 74 252 112 122 26 227 145 285 302 232 141 96 20 192 139 184 80 66 230 155 271 223 217 53 192 228 210 296 224 126 185 224 269 229 163 191 34 291 201 97 73 205 200 263 222 22 171 222 130 213 236 201 279 182 194 225 225 190 115 262 224 249 123 101 245 130 187 311 219 260 279 187 158 288 186 252 237 185 12 207 269 308 100
208 154 30 89 151 144 84 170 189 55 225 64 106 105 73 24 164 187 104 171 154 255 150 120 34 70 79 160 177 249 215 145 153 183 213 90 211 30 151 85 223 86 42 141 67 56 182 121 38 24 64 135 181 230 31 115 206 187 152 62 26 164 255 112 184 138 120 64 168 21 86 151 67 133 167 156 90 61 52 148 165 86 130 142 51 109 55 26 124 209 32 84 116 207 182 269 70 11 60 163
72 131 126 87 144 119 128 22 95 123 76 112 104 136 134 138 25 78 112 29 21 125 90 43 164 171 164 13 45 123 93 120 171 91 128 92 71 148 201 81 90 125 108 72 165 98 146 148 124 167 98 22 197 107 178 61 59 88 69 89 141 208 126 124 97 32 173 159 196 163 64 178 149 191 187 31 123 96 119 101 94 179 69 49 194 79 129 159 47 71 181 65 112 119 193 145 129 154 182 53
177 26 134 52 37 13 175 125 199 152 152 73 170 50 72 114 132 75 175 102 91 142 182 68 168 195 94 118 92 133 200 13 66 60 79 148 174 156 100 132 120 56 118 164 190 122 50 51 98 139 132 115 90 115 167 138 130 68 166 90 148 104 140 34 200 75 80 100 90 157 87 74 89 96 80 84 175 125 146 15 38 107 37 145 187 150 158 160 131 174 158 92 182 223 86 149 72 147 193 69
269 77 174 120 60 84 229 217 285 201 245 114 236 67 92 138 223 165 238 196 184 224 260 155 193 229 81 210 186 213 291 84 29 146 146 214 267 188 14 199 209 87 166 244 226 178 86 52 131 147 190 202 30 198 180 215 224 155 249 147 182 10 221 75 284 167 39 96 14 177 159 20 92 29 23 177 232 182 195 105 125 80 129 229 199 222 204 185 212 267 163 163 248 308 35 224 97 170 219 162
184 15 150 69 32 10 191 133 211 168 154 89 185 60 86 129 141 73 190 108 99 136 195 81 183 211 105 127 96 126 209 10 62 55 67 164 181 172 100 148 118 70 135 177 206 139 34 56 114 153 148 127 82 110 182 152 133 64 179 106 164 102 134 45 211 85 85 112 85 173 103 72 101 98 75 91 191 141 162 16 33 117 49 157 203 164 174 176 144 181 173 108 197 234 78 140 86 162 210 73
241 194 63 132 189 184 96 208 215 76 265 105 126 141 110 64 200 229 122 211 195 298 174 161 29 59 108 198 218 291 246 185 187 225 255 116 246 43 178 116 265 125 80 169 60 90 221 156 80 42 95 171 213 272 11 147 246 230 180 104 48 191 297 151 209 180 150 93 199 25 126 183 100 160 199 197 104 94 76 189 208 109 173 174 11 136 72 30 157 243 25 124 134 230 215 312 108 35 38 205
41 165 142 118 178 153 130 21 65 133 71 141 100 169 164 161 9 105 108 50 52 137 71 76 177 177 194 23 69 137 59 153 205 120 156 95 43 162 234 90 104 156 126 56 172 114 179 181 148 188 110 35 231 124 194 61 62 115 49 113 156 241 139 157 68 66 206 187 230 180 89 212 179 224 221 61 124 110 130 135 127 209 103 36 208 77 138 174 47 41 201 88 104 88 227 159 159 171 192 84
83 120 121 76 133 108 129 32 106 121 82 103 107 125 123 130 36 71 114 29 15 124 98 33 160 169 154 24 42 120 105 108 160 83 120 93 82 144 190 81 89 114 103 79 163 95 136 137 116 160 96 27 185 104 172 65 63 80 78 82 137 196 125 113 107 21 162 149 184 158 57 167 140 180 175 23 125 92 117 90 84 169 58 57 189 82 127 155 51 82 175 59 116 129 182 143 119 148 179 45
86 165 215 159 182 158 217 76 143 214 22 189 190 196 205 222 89 77 198 66 82 55 161 118 254 261 234 84 63 61 113 158 212 97 115 181 77 238 249 172 38 192 197 147 255 189 165 201 207 252 189 111 229 59 266 148 32 88 140 175 231 252 59 180 149 99 230 233 235 252 151 222 223 246 224 82 212 186 210 137 117 249 123 126 283 165 220 249 133 80 268 153 195 161 224 78 202 242 273 84
104 102 159 93 118 93 175 58 143 164 68 124 155 128 138 159 71 26 162 28 33 80 143 57 198 212 166 58 11 75 131 93 148 43 77 140 99 183 184 126 47 124 141 125 207 135 108 134 143 189 139 74 168 57 207 112 47 37 122 114 176 188 80 112 147 40 162 166 171 194 93 157 155 179 161 25 171 134 159 72 55 181 55 102 226 129 170 192 98 100 206 97 163 166 164 97 135 184 220 16
237 179 57 120 174 170 99 201 214 76 257 92 127 127 95 51 194 218 124 203 186 287 173 152 33 68 92 191 208 280 243 171 172 213 242 115 241 43 163 112 255 110 73 167 68 85 207 141 67 27 91 165 198 261 9 143 237 218 178 94 45 176 286 137 209 170 135 78 184 20 118 168 85 145 184 188 107 90 75 176 195 94 161 170 26 134 73 30 153 239 11 116 136 230 200 300 93 27 50 194
124 81 110 42 93 68 136 72 144 119 112 72 123 85 88 107 77 63 129 56 41 131 128 13 149 167 118 65 55 124 146 69 119 64 100 104 123 134 149 88 99 76 92 110 161 89 100 96 91 136 95 60 145 105 156 86 90 66 111 64 126 155 130 72 144 22 122 116 143 143 47 126 105 140 134 37 134 89 114 53 55 133 19 90 175 100 126 142 77 122 154 51 134 167 142 145 84 133 172 38
221 130 59 79 124 122 116 177 211 87 229 49 134 77 46 21 174 178 134 172 156 248 174 119 68 105 44 167 175 240 232 122 122 170 196 116 223 65 116 107 218 62 62 163 102 77 157 91 32 23 88 145 148 222 56 135 208 176 172 67 61 129 247 88 207 138 86 29 135 52 92 119 35 98 135 155 122 83 83 130 150 51 120 159 76 132 88 60 140 221 42 92 146 230 150 259 45 46 93 157
218 206 54 136 204 195 62 191 185 51 249 115 94 159 127 78 181 227 89 200 184 291 142 155 21 19 134 181 209 286 218 196 208 226 259 89 223 30 206 94 257 140 72 141 20 76 234 175 90 70 75 154 236 268 40 123 232 229 152 101 38 218 291 165 178 172 175 118 223 37 118 206 122 188 222 188 70 78 54 196 211 138 173 150 35 109 45 29 136 221 60 115 100 197 237 308 124 44 9 200
14 186 168 144 201 175 151 38 60 157 61 168 120 195 190 188 34 117 127 65 72 135 82 102 202 199 220 46 82 138 38 175 229 135 168 118 16 187 259 114 105 182 153 72 194 140 198 206 175 215 135 62 253 128 220 84 61 129 62 140 181 266 138 182 66 89 231 214 253 206 116 236 205 250 243 81 144 135 155 156 145 236 126 57 233 98 162 199 72 14 227 115 121 79 249 158 185 197 215 101
162 128 237 162 144 128 258 132 214 245 101 191 237 176 197 230 146 64 245 106 115 31 222 136 276 293 221 135 89 21 190 127 172 69 55 222 154 261 212 209 50 181 219 205 288 216 115 174 214 259 220 156 180 28 281 195 95 63 200 191 254 210 27 160 219 121 202 225 190 269 173 183 214 214 179 108 254 215 240 112 90 234 120 182 301 212 252 269 181 157 277 177 246 235 174 23 196 259 299 91
96 192 99 123 201 179 65 88 60 79 143 132 32 175 156 132 74 160 39 111 103 205 20 101 126 115 182 82 128 204 93 180 221 170 208 40 103 112 240 48 171 156 92 17 110 76 214 191 126 153 66 61 250 189 148 28 132 168 28 97 109 251 207 169 55 104 208 171 244 134 83 225 166 226 238 112 58 71 80 166 168 196 132 36 156 22 83 125 38 100 160 79 33 77 248 226 151 128 133 133
101 114 177 112 131 107 190 62 147 180 55 142 167 145 156 178 76 29 175 35 46 63 151 75 216 228 184 65 19 60 129 107 162 49 78 154 95 200 198 141 29 142 158 134 223 152 118 150 161 207 155 86 180 43 225 125 36 41 130 132 193 202 64 129 151 57 178 184 185 212 111 171 173 194 174 40 185 151 176 86 67 199 73 111 243 142 187 210 110 96 224 114 175 169 175 82 153 201 237 34
122 160 59 86 167 147 49 95 100 46 154 90 35 135 115 90 85 147 40 108 95 204 63 77 91 91 140 86 121 200 127 148 184 152 189 14 127 76 200 4 169 116 49 53 86 34 185 152 83 112 25 59 213 183 110 27 138 152 63 56 71 211 204 132 96 88 167 128 206 96 48 187 123 185 200 101 45 28 44 138 145 153 106 55 122 21 51 89 39 125 120 43 47 119 212 222 109 89 105 119
60 150 176 128 166 140 176 35 110 173 26 157 149 171 175 186 48 70 157 31 47 86 123 84 214 220 205 43 39 87 88 141 196 90 119 140 53 199 230 131 54 163 159 108 215 149 157 179 171 216 148 70 217 77 228 107 10 82 101 138 192 235 88 156 115 66 207 202 220 214 113 204 192 224 209 50 171 146 170 120 104 220 98 86 244 124 179 210 92 55 231 115 154 131 212 108 171 204 232 62
124 76 124 53 90 64 150 72 149 134 104 83 136 90 97 120 79 49 142 51 38 117 137 25 163 181 126 66 45 110 147 65 118 50 87 117 121 149 150 102 86 84 106 118 176 103 93 98 104 149 109 67 143 92 170 97 82 51 119 78 141 156 116 75 150 23 126 126 143 157 61 126 115 143 133 31 147 104 128 46 43 141 17 97 189 112 140 156 87 121 167 65 146 173 139 131 94 147 186 25
238 108 96 82 97 102 153 190 236 124 235 56 168 53 35 57 189 172 168 179 163 242 203 126 107 144 8 180 177 233 253 103 88 160 180 147 239 105 77 136 216 49 94 190 142 108 132 62 57 60 120 162 112 215 93 160 213 168 198 88 100 90 240 68 233 144 49 12 98 91 109 83 18 59 99 160 158 114 119 116 139 13 117 182 112 161 126 100 163 237 76 111 180 257 115 250 39 85 132 156
51 171 129 116 183 158 113 38 54 117 90 136 82 169 160 152 23 118 90 65 63 155 53 78 163 161 189 35 83 155 61 159 209 132 169 79 56 148 235 75 121 154 115 38 155 101 188 182 140 178 96 31 235 141 181 45 81 128 31 106 143 243 157 159 56 72 205 182 233 167 83 215 174 224 224 72 106 97 116 141 136 204 108 18 194 60 123 160 33 53 189 81 86 78 232 177 155 159 176 95
284 89 189 135 72 98 244 232 301 216 258 130 251 83 107 152 237 176 254 210 198 234 276 171 207 243 95 225 199 222 306 97 42 157 154 229 281 203 23 215 220 103 182 260 240 193 94 67 146 160 205 217 31 208 193 231 237 166 265 163 197 10 230 91 300 181 54 110 19 191 175 34 107 41 30 191 248 198 210 118 137 92 144 245 212 238 219 199 228 281 176 179 264 324 37 232 112 184 232 176
227 187 49 122 183 177 83 194 201 62 251 97 112 136 105 56 187 219 109 199 182 286 160 150 16 50 106 184 206 280 232 178 184 215 246 102 232 29 178 102 253 119 67 155 49 77 214 152 71 40 81 158 211 261 9 133 233 219 166 92 34 191 286 145 196 168 148 91 197 13 114 181 97 160 197 185 91 81 62 181 198 109 162 160 19 122 58 16 144 230 29 111 121 216 212 301 102 23 33 194
243 194 64 132 188 184 98 209 217 78 266 105 128 141 110 64 202 230 124 213 196 298 176 163 31 61 107 199 219 292 248 185 186 226 255 118 248 45 177 117 266 125 81 171 62 92 221 156 80 41 97 173 212 273 12 148 247 231 182 105 50 190 298 151 212 181 149 92 198 26 128 182 99 159 199 198 106 96 78 190 208 108 173 176 12 138 74 32 159 245 24 125 136 232 214 312 108 36 40 206
163 96 212 134 112 96 238 124 209 223 108 162 220 145 167 202 138 44 228 95 100 56 211 114 250 270 190 125 77 45 191 96 141 41 25 204 156 236 180 189 56 151 194 193 265 192 84 142 186 230 198 142 150 35 254 179 95 38 190 165 228 179 53 129 213 102 170 195 159 243 150 151 184 182 148 92 235 193 217 81 59 202 93 170 274 196 229 243 166 158 249 154 230 231 144 55 166 232 274 71
86 115 150 93 131 105 160 38 123 151 61 122 137 134 139 155 50 46 145 9 16 93 123 51 189 200 169 37 11 89 112 105 160 62 98 124 81 173 194 112 58 127 131 106 194 124 125 142 139 184 126 56 182 73 199 95 39 57 102 107 166 199 93 119 126 32 170 167 184 186 84 168 156 187 174 14 156 122 147 85 71 184 61 82 217 112 158 183 80 82 200 87 145 146 178 112 135 176 209 28
161 139 22 64 141 127 62 124 146 36 181 53 71 102 76 44 118 152 73 128 112 217 109 81 61 79 97 114 136 211 170 128 153 151 185 51 165 46 162 41 184 81 4 98 74 12 166 119 39 67 24 89 182 193 73 70 162 154 108 27 38 174 217 103 142 98 129 84 173 59 44 154 81 146 168 115 65 18 30 124 137 109 99 96 90 67 41 55 78 163 79 41 84 165 182 233 70 50 83 125
176 193 42 118 195 181 21 153 142 18 211 106 52 154 125 81 142 198 47 165 151 259 100 127 46 34 140 144 177 255 176 182 205 201 236 48 182 37 210 56 225 134 53 99 28 49 220 171 85 88 42 116 234 237 70 82 195 203 110 81 39 223 260 156 136 141 178 126 224 59 90 205 126 193 220 156 29 48 24 178 189 149 150 109 74 68 13 49 96 179 87 86 59 155 234 277 120 58 50 171
88 135 189 129 152 128 196 59 139 190 35 159 171 165 174 193 73 49 179 40 55 59 149 89 228 238 203 65 33 59 116 128 183 69 94 160 81 212 219 149 25 161 171 133 232 163 138 170 177 223 164 90 201 47 239 128 20 61 127 146 205 223 60 149 144 70 199 203 206 225 123 192 192 215 195 53 191 161 185 107 88 218 92 111 256 146 196 222 114 83 239 126 178 160 196 80 171 215 248 53
176 39 172 90 56 40 207 127 210 187 137 114 197 89 114 155 137 53 203 99 94 109 200 87 207 232 135 124 83 98 202 39 86 33 38 177 171 195 125 161 94 98 155 182 227 157 36 85 139 180 165 130 100 83 207 160 117 42 182 126 187 125 106 74 212 85 113 141 107 197 117 96 130 126 96 85 206 158 181 29 20 146 57 160 228 174 193 200 150 172 200 122 208 233 95 112 114 187 233 63
152 180 44 104 184 167 19 128 121 19 187 98 33 146 120 83 117 177 31 141 127 236 79 106 65 59 140 119 154 232 153 168 197 181 217 24 158 52 207 32 201 126 46 76 53 35 206 164 82 97 24 92 227 215 87 58 171 182 87 68 50 219 237 146 115 119 174 127 217 74 72 198 125 191 213 133 20 31 21 162 171 151 132 85 95 44 22 65 72 155 101 67 43 136 226 255 115 70 74 149
79 153 101 91 163 139 92 50 75 92 108 108 66 144 132 123 39 115 74 68 58 163 56 59 136 137 162 41 84 161 90 140 187 125 163 56 83 121 211 49 128 128 86 38 132 73 172 158 111 149 69 16 214 145 153 23 94 123 40 77 115 219 165 135 74 60 180 153 210 139 55 192 146 198 203 66 86 69 89 125 124 176 91 19 167 40 98 133 8 81 161 53 73 98 211 184 127 131 151 88
195 110 53 51 107 100 109 150 189 80 200 21 120 61 30 21 147 150 122 144 127 220 155 90 77 110 48 140 146 212 208 101 111 143 171 100 197 69 115 88 190 42 47 142 106 61 137 78 10 47 73 119 140 194 73 113 179 149 151 41 62 127 219 68 186 109 82 36 128 65 65 110 32 98 126 127 113 66 74 105 124 61 92 136 94 113 83 69 117 195 66 66 133 210 140 232 26 55 104 129
146 54 141 61 69 44 172 95 175 153 117 89 160 82 97 129 104 42 166 69 61 112 163 50 178 200 123 90 58 103 171 44 99 33 65 141 142 164 135 125 87 82 123 145 194 123 67 85 113 157 130 93 121 85 181 123 96 39 145 94 156 139 111 65 176 49 114 126 123 170 81 108 115 130 113 52 170 124 148 23 18 137 22 124 202 137 160 171 113 143 176 86 171 198 117 122 95 159 202 34
