150 30
251 188 180 58 202 263 379 94 98 239 98 87 366 200 111 162 229 217 375 198 274 255 281 111 73 128 168 168 129 146
42 42 42 17 15 26 33 42 13 33 23 20 11 34 36 29 31 34 29 29 29 46 22 22 48 42 25 17 42 28 46 48 12 28 42 48 34 13 28 42 42 38 21 45 37 16 23 48 43 16 35 25 46 29 25 36 24 47 46 27 40 46 49 14 39 14 38 25 35 13 36 16 38 36 14 37 26 17 26 48 32 27 49 49 11 22 50 39 36 10 11 19 15 15 20 31 19 42 21 29 31 19 30 21 43 13 10 12 29 16 41 12 17 40 14 21 27 36 25 37 46 47 18 30 17 46 48 15 10 14 25 29 46 17 24 23 38 13 38 19 43 28 13 10 33 40 28 32 13 36
283 347 306 101 326 386 442 173 127 312 185 132 408 220 133 227 400 383 492 373 280 463 342 174 116 211 234 193 159 233
62 38 129 37 24 106 126 110 16 68 88 17 26 99 87 16 46 90 84 32 8 85 98 73 130 65 75 103 109 43
72 165 67 163 145 131 26 85 142 69 98 130 153 73 47 112 114 51 67 99 133 43 29 111 59 86 52 116 27 117
80 122 47 114 112 48 102 23 96 31 126 79 105 116 82 81 48 35 99 57 96 69 68 30 51 23 52 33 57 109
27 117 77 116 97 110 49 77 95 35 67 84 105 52 18 64 74 34 37 53 85 7 19 81 73 53 12 97 37 72
40 64 106 63 47 97 101 90 41 44 77 32 52 81 63 14 39 64 64 12 33 59 72 62 106 45 49 90 83 43
20 101 83 100 81 103 65 77 79 29 66 68 89 58 29 48 61 38 40 38 70 22 35 71 80 44 15 91 49 60
40 135 83 136 115 128 27 90 115 56 66 105 125 44 14 83 96 47 34 75 105 15 15 101 77 74 32 114 37 84
72 39 127 33 33 96 134 105 13 69 102 4 22 111 96 27 37 91 95 33 19 92 103 64 128 61 80 94 112 57
46 134 64 133 115 110 40 70 112 41 82 99 122 62 28 82 85 28 50 68 103 17 5 86 58 59 22 96 19 91
85 129 41 121 119 47 103 16 102 37 132 86 112 120 86 88 55 37 104 64 103 73 70 35 46 30 57 31 57 116
48 98 149 106 76 164 91 145 92 96 15 94 98 41 62 66 109 105 41 81 77 72 86 130 145 107 80 155 108 36
70 73 95 64 66 64 121 72 47 44 111 30 56 112 87 43 4 65 95 25 50 79 87 30 98 30 63 60 89 77
54 48 143 55 25 133 119 129 42 82 64 47 47 81 81 27 73 100 70 51 27 83 98 99 142 84 79 128 114 15
51 61 147 70 39 144 112 136 57 87 51 62 62 71 76 38 85 103 62 60 42 80 96 110 145 92 80 138 114 6
114 127 74 115 124 7 143 45 102 68 160 87 109 153 121 100 55 76 136 78 108 109 108 29 81 52 91 11 97 133
37 75 94 72 59 90 94 79 51 33 79 39 62 80 57 25 36 53 62 9 45 52 63 55 94 35 39 81 72 52
56 116 52 110 101 72 79 40 90 10 103 75 100 91 57 68 51 15 75 46 86 45 44 46 51 21 28 58 40 91
74 23 146 27 9 120 139 127 16 85 92 29 19 107 100 30 61 106 94 49 9 99 113 88 147 82 91 118 125 43
82 176 76 176 156 144 26 96 154 83 104 143 165 77 57 124 127 64 74 112 145 55 41 124 67 100 65 128 40 127
81 24 142 19 23 109 145 120 3 83 105 19 8 118 106 35 52 105 103 47 16 103 116 78 144 76 93 108 126 57
47 50 125 52 30 113 111 109 33 63 71 32 42 82 73 6 53 82 67 30 20 72 86 78 124 64 64 107 99 28
64 47 119 42 38 91 125 98 21 60 97 7 31 104 88 22 31 81 88 24 22 83 94 58 120 53 70 88 103 55
79 175 82 175 154 148 19 101 153 84 98 142 164 71 53 122 128 67 69 111 144 53 41 127 74 102 65 132 44 124
35 111 67 109 93 93 63 62 87 18 80 74 98 69 35 59 60 22 52 43 80 23 29 64 64 36 5 80 36 75
60 122 46 116 107 72 78 37 96 16 106 80 106 93 58 74 56 11 77 52 92 45 43 49 46 26 29 58 36 96
49 113 147 121 91 170 80 145 105 98 3 105 112 28 57 77 117 104 34 89 91 68 81 136 142 111 79 159 103 51
41 128 125 133 105 160 52 129 114 85 27 110 123 1 35 83 114 85 17 87 101 48 58 128 120 101 63 147 80 66
43 126 130 132 104 163 57 133 114 88 22 111 122 5 39 83 116 90 20 89 100 52 62 131 124 104 67 151 85 65
4 93 101 95 72 118 68 95 75 47 49 67 85 46 30 42 69 56 29 42 63 31 46 85 98 59 32 107 65 44
85 134 35 126 123 51 100 12 107 38 132 91 116 119 84 91 60 34 103 67 107 71 67 41 40 34 56 36 53 118
37 132 82 133 112 126 30 88 112 53 65 102 122 44 12 80 93 45 33 72 102 12 14 98 76 71 29 112 37 82
108 144 45 134 136 34 123 17 118 60 155 101 126 143 108 108 68 58 127 84 120 95 91 43 52 50 80 20 76 137
69 160 59 158 141 123 33 76 137 62 99 124 147 75 47 107 107 43 68 93 129 40 25 103 52 79 47 107 19 115
76 159 40 156 142 106 52 58 134 55 112 120 145 91 58 108 98 33 80 90 128 48 34 90 32 69 47 90 13 121
99 158 10 151 146 69 96 20 132 56 143 116 142 126 91 114 86 42 112 91 131 78 69 67 17 58 67 54 49 137
44 67 101 64 52 89 102 83 42 39 84 30 53 86 66 20 31 60 69 4 37 60 72 54 101 38 48 82 81 51
54 62 104 57 50 84 112 85 36 45 92 21 46 96 76 22 24 67 79 10 34 70 81 50 105 39 56 79 88 56
58 65 101 59 54 78 114 80 38 43 97 23 49 100 78 28 19 65 83 12 38 72 81 44 102 35 57 74 87 62
15 82 110 84 60 119 80 101 65 52 49 59 74 52 41 32 66 65 36 38 52 43 58 85 107 62 42 110 76 33
101 158 12 151 146 67 99 17 132 57 145 115 141 129 93 114 85 44 114 91 131 80 72 65 20 58 69 51 52 138
39 99 71 95 83 82 78 60 74 10 86 60 85 78 47 49 44 29 61 30 69 37 44 51 70 24 20 71 49 71
92 123 54 114 115 33 117 25 97 44 138 80 105 130 96 87 47 50 112 63 99 84 82 23 60 31 66 19 72 117
101 183 39 179 166 117 66 66 158 78 135 144 169 112 81 132 119 56 103 114 153 73 58 107 31 89 72 101 38 146
28 79 128 84 56 136 88 120 67 70 37 66 75 50 52 38 80 83 38 52 53 57 72 101 125 80 59 127 92 19
81 16 156 25 6 129 146 136 22 95 95 37 21 112 107 38 70 116 100 59 18 107 121 97 156 91 99 127 134 46
59 82 85 75 71 67 106 64 55 30 102 39 65 101 74 42 16 51 83 18 55 65 72 32 86 19 48 59 75 73
40 121 131 127 98 161 61 132 109 87 17 106 117 10 40 78 113 90 19 85 95 52 64 128 126 102 66 149 86 59
38 132 110 136 110 149 37 115 116 74 42 109 125 17 21 84 108 72 17 83 103 34 42 119 103 92 51 136 64 74
92 137 36 128 127 46 106 8 110 44 138 94 119 126 91 96 62 41 110 72 111 78 74 40 42 38 63 30 59 124
44 55 133 60 33 126 108 119 44 71 60 45 51 74 70 20 67 89 61 42 29 72 87 91 131 75 68 120 103 14
54 130 48 127 114 90 60 49 105 26 97 91 116 80 45 79 71 7 66 61 100 32 26 67 44 42 22 75 19 96
115 147 50 137 140 30 130 24 121 66 161 104 129 150 115 112 71 65 134 88 124 103 98 45 58 56 86 18 83 142
45 140 108 143 118 152 30 115 123 77 49 116 133 22 24 91 113 72 24 89 111 36 41 123 102 95 54 138 62 82
43 54 123 56 33 113 108 108 36 61 69 34 45 79 69 7 54 80 64 30 23 69 83 78 122 63 62 107 97 27
105 193 56 190 175 134 60 83 168 89 134 154 179 109 83 141 132 67 103 124 162 76 61 122 48 103 80 118 45 151
112 118 83 106 116 13 146 53 94 68 158 79 100 153 122 95 48 79 135 74 101 110 111 25 89 51 92 21 102 128
80 37 131 28 36 94 141 108 13 74 109 9 19 119 104 35 39 96 103 40 24 99 110 65 133 65 86 94 118 64
52 149 99 151 127 149 16 110 131 77 63 122 141 36 27 98 116 68 36 94 119 35 35 122 92 95 53 135 53 93
58 154 101 157 133 153 13 112 136 81 66 128 146 39 33 104 121 71 41 99 124 40 38 127 94 99 58 139 55 98
38 131 113 135 108 151 40 118 115 77 39 109 124 13 24 83 109 75 15 84 102 37 45 121 107 94 53 138 67 72
45 130 128 136 108 163 52 131 117 88 27 113 126 2 37 86 117 88 20 91 104 50 60 131 122 104 66 150 82 69
125 135 80 123 133 4 153 52 111 79 171 96 117 165 132 111 65 86 147 89 118 120 119 39 88 63 102 18 107 144
56 46 121 44 32 101 119 102 23 60 86 17 33 95 81 11 40 82 79 24 16 78 90 67 122 57 67 97 101 43
120 147 58 136 141 24 138 32 121 71 166 105 129 156 122 115 72 72 140 91 125 109 105 45 66 60 93 15 90 146
43 109 62 105 93 83 72 54 84 8 89 70 95 79 45 59 52 19 62 40 79 34 37 54 61 26 16 70 39 79
87 117 58 108 109 35 115 30 91 40 134 74 99 126 93 81 41 48 108 57 93 81 80 18 63 26 63 23 71 112
50 112 57 108 97 77 76 47 87 6 96 72 97 85 51 63 51 16 68 42 82 39 40 50 56 23 21 64 39 85
41 71 140 78 48 143 101 130 63 81 41 65 70 60 65 39 85 95 50 58 49 70 86 108 137 88 72 135 105 8
48 118 55 114 102 84 68 50 93 14 93 79 103 80 45 68 59 10 64 48 87 33 33 57 53 31 17 70 31 86
88 103 75 93 97 34 125 47 77 46 134 61 85 129 99 73 28 60 112 51 81 88 90 1 80 28 70 29 84 106
35 87 137 94 64 148 88 130 78 81 25 78 85 43 54 51 93 92 36 65 64 62 77 114 133 91 67 139 98 25
18 102 116 107 80 139 65 114 88 66 29 83 97 28 30 56 89 72 14 61 74 39 53 105 112 80 48 128 75 43
93 164 14 158 149 89 79 38 138 58 134 123 148 114 80 116 95 38 102 94 135 68 56 81 6 66 61 73 34 135
86 165 29 160 148 101 64 51 139 59 124 125 150 103 69 114 100 37 92 95 134 59 45 89 21 70 56 85 23 130
56 111 56 105 97 69 84 42 85 8 103 69 95 93 59 64 45 21 76 41 82 47 49 41 56 16 30 55 45 88
21 112 81 112 92 111 52 80 90 36 63 80 101 50 18 59 72 38 34 50 81 10 24 81 77 53 14 98 42 66
58 39 134 42 19 116 122 117 24 72 79 28 32 92 84 15 56 93 78 37 10 83 97 82 134 71 75 112 110 32
82 146 20 140 133 73 82 24 120 41 126 104 130 110 74 99 76 25 95 77 117 62 53 62 21 47 50 57 35 121
75 112 57 104 102 47 104 33 85 28 122 69 95 114 81 72 38 38 96 48 86 69 69 23 60 15 51 35 62 101
90 102 78 91 97 34 128 50 76 49 135 60 84 131 101 73 27 63 114 51 81 90 93 3 83 30 72 30 87 106
76 22 145 23 13 117 141 125 11 85 96 25 14 110 102 31 58 106 97 48 9 100 114 85 146 80 91 115 125 48
25 72 114 74 51 116 90 102 54 53 55 49 64 62 51 22 60 69 46 32 42 52 66 81 112 60 48 107 82 28
50 144 114 148 122 159 31 122 128 84 49 122 138 21 31 96 120 79 28 95 116 43 47 129 107 102 60 145 67 85
62 107 59 101 95 60 93 40 81 14 109 65 91 100 68 63 38 29 83 40 79 56 58 32 60 8 38 48 54 90
87 137 32 129 126 53 99 9 110 40 133 94 120 120 85 94 63 35 104 71 110 72 67 44 37 37 57 37 52 121
56 153 101 155 131 153 14 112 135 80 65 126 145 38 32 103 120 71 40 98 123 39 38 126 94 98 57 138 55 97
52 146 74 146 126 127 23 85 125 58 79 114 135 56 27 94 101 45 48 83 115 24 13 103 67 76 37 112 28 97
51 114 148 122 92 171 81 147 107 99 4 107 114 29 58 79 119 105 36 91 92 69 82 137 143 113 81 161 104 52
53 139 130 145 117 169 49 135 126 94 35 122 135 11 42 95 125 92 28 99 113 54 62 138 123 111 71 156 84 78
9 94 111 98 72 129 69 106 78 57 38 73 88 38 31 46 78 66 22 51 66 37 52 95 107 70 41 118 72 39
64 109 57 102 97 59 93 38 83 16 110 67 93 102 69 65 39 28 84 42 81 57 58 32 59 9 39 47 53 92
74 43 124 35 39 90 135 102 17 67 106 3 26 114 98 31 33 89 98 33 25 93 104 59 126 58 80 89 111 62
78 120 49 112 109 48 102 25 93 30 125 77 103 115 81 79 46 35 98 55 94 69 68 29 53 21 52 33 58 107
5 93 100 95 72 117 69 94 74 45 50 66 84 47 30 42 68 55 30 41 63 31 46 83 97 58 31 106 64 44
5 99 105 102 77 126 63 101 81 53 42 75 91 38 25 49 78 61 20 51 69 30 46 93 101 67 36 115 66 45
60 157 95 158 135 150 6 108 138 79 72 128 148 46 34 106 120 67 46 99 127 39 34 124 87 97 56 135 50 102
49 60 145 68 38 141 111 133 55 84 51 59 60 70 74 35 82 100 61 57 40 78 93 106 143 89 78 135 112 4
60 88 78 81 77 63 104 57 61 25 105 45 71 102 73 47 19 46 84 24 61 63 69 28 80 13 46 55 70 78
78 65 106 55 62 67 131 81 40 55 117 25 48 120 97 45 12 77 103 32 46 89 98 36 109 42 74 66 101 79
42 139 88 140 118 135 23 96 119 62 63 110 129 39 16 87 102 54 33 80 108 21 21 108 82 80 39 121 42 86
35 129 109 133 107 147 39 114 113 72 41 106 122 17 20 81 106 70 14 80 100 33 41 117 103 89 49 134 64 71
23 75 117 79 53 122 87 107 59 58 48 56 68 56 49 28 67 72 41 39 46 51 66 88 115 66 49 114 84 25
126 139 77 127 136 8 151 49 115 79 172 99 121 165 131 113 68 85 147 91 121 119 118 42 84 64 102 17 105 146
75 53 116 43 49 80 133 93 27 61 110 12 35 116 97 36 23 83 100 31 34 91 101 49 118 51 76 79 106 69
53 147 112 151 125 159 28 121 131 85 52 124 140 25 32 98 121 78 31 97 118 43 46 130 105 103 61 145 66 88
80 115 56 106 106 43 108 30 88 33 127 72 97 119 85 76 40 41 101 52 90 73 73 21 60 19 56 30 65 106
32 128 102 131 106 141 36 106 110 66 46 103 120 24 13 78 101 63 16 76 98 25 34 111 96 83 42 127 57 72
103 137 48 127 129 31 122 19 110 55 150 94 119 139 105 101 61 56 123 77 113 92 89 35 55 44 76 15 75 131
83 95 80 85 89 42 123 53 69 43 128 53 77 124 95 65 20 60 107 43 73 84 88 7 84 25 66 37 85 98
36 99 73 96 83 86 75 62 75 13 82 62 86 75 44 49 47 29 57 31 69 34 41 55 71 27 17 74 48 69
99 156 13 149 144 66 98 17 130 55 143 114 140 127 91 112 83 42 112 89 129 79 70 64 20 56 67 51 50 136
105 196 69 194 177 145 52 95 172 95 130 159 183 103 80 144 140 74 100 128 165 76 61 132 61 110 83 129 50 150
54 106 154 115 84 172 91 150 100 102 12 102 107 39 65 75 117 110 43 89 86 76 89 137 149 114 85 162 111 45
87 131 40 123 121 47 104 14 104 38 133 88 114 122 87 90 56 38 105 66 105 74 71 36 45 32 58 31 58 118
49 48 133 52 26 122 114 118 36 71 68 38 43 81 76 16 62 90 68 39 21 76 91 87 132 73 71 116 106 21
14 111 96 113 90 125 50 95 92 50 48 84 102 36 12 60 82 53 18 57 81 18 33 94 91 67 29 113 54 59
99 137 42 128 129 38 115 13 111 50 145 94 120 134 99 99 62 49 117 75 113 86 82 38 49 41 70 22 68 128
54 114 152 122 92 174 84 150 107 103 8 108 114 33 62 80 121 109 39 93 93 73 86 140 147 116 84 164 108 52
90 41 134 29 46 90 150 109 22 80 121 19 24 130 113 47 40 102 114 48 35 108 119 63 136 69 94 92 125 76
80 17 154 25 6 127 145 134 20 93 95 35 19 112 106 37 68 114 99 57 17 106 120 95 154 89 98 125 132 46
100 170 10 164 155 89 84 39 144 64 141 128 154 121 87 122 100 45 109 100 140 75 63 83 3 71 68 73 41 142
39 132 73 131 112 118 35 79 110 46 72 99 120 52 18 79 87 36 40 68 101 10 6 91 68 64 23 103 28 85
40 69 138 76 46 140 101 128 61 79 43 63 67 61 65 36 82 93 51 55 46 69 85 105 136 86 70 132 103 7
84 166 38 163 149 109 56 60 142 62 119 127 152 97 65 115 105 40 87 97 136 56 41 95 29 75 55 93 20 128
49 143 74 142 122 125 25 84 121 55 77 110 132 54 24 90 98 43 45 79 112 21 10 100 67 73 34 110 27 94
122 138 72 126 134 9 146 44 113 74 168 98 120 160 127 111 66 80 143 88 119 115 113 39 79 60 97 12 100 143
61 155 71 154 135 130 21 85 133 64 88 122 144 63 37 103 107 48 57 91 124 33 20 107 63 81 44 114 26 107
17 99 86 99 80 106 65 80 78 32 63 68 88 55 28 47 62 41 37 38 68 23 36 74 83 47 17 94 51 57
20 116 89 117 95 122 46 90 96 47 55 87 106 40 8 64 82 47 24 58 85 11 26 91 85 64 24 109 47 65
54 68 98 62 56 79 110 78 41 40 94 26 52 97 74 28 21 62 79 8 40 67 77 44 99 33 53 73 84 61
81 174 70 173 154 138 28 91 151 78 104 139 162 79 56 121 123 60 74 108 143 52 38 120 62 95 62 122 35 126
42 137 109 140 115 151 32 115 121 76 46 114 130 20 23 88 112 72 22 87 108 35 41 121 102 94 53 138 63 79
93 5 161 12 20 126 157 139 21 101 109 38 13 125 119 48 70 122 112 65 26 117 131 97 162 95 108 126 142 60
30 88 85 85 70 91 81 73 64 24 76 52 75 72 46 36 44 42 54 21 57 39 50 58 84 33 26 81 60 57
9 104 104 107 82 128 58 102 87 55 41 80 96 34 21 55 82 60 16 55 75 27 42 96 100 70 35 117 63 50
45 130 128 135 107 163 53 132 117 89 27 113 126 3 38 86 118 89 21 91 104 51 61 132 123 105 66 151 83 68
38 133 109 136 110 149 36 114 116 74 43 110 126 18 21 84 108 71 17 83 104 33 41 119 103 91 50 135 63 74
65 127 40 122 113 71 78 32 101 22 110 86 112 97 62 80 60 12 81 58 98 49 45 51 40 30 34 56 34 102
66 32 147 39 9 128 131 130 28 85 80 38 32 97 93 28 68 105 84 51 15 93 108 95 147 84 87 124 122 31
27 122 83 123 102 121 40 86 102 46 61 92 112 43 8 70 84 43 29 62 91 5 18 91 78 64 22 107 40 73
36 122 124 127 99 156 55 126 108 81 24 104 117 7 33 77 109 83 13 82 95 46 57 123 119 97 60 144 79 60
55 131 47 127 114 89 60 49 106 27 98 92 117 81 46 80 71 7 67 62 100 33 27 67 43 42 23 74 18 97
123 130 83 118 129 4 153 54 106 78 169 91 112 163 131 107 61 86 146 86 113 119 119 36 90 61 101 20 108 141
49 57 142 64 34 137 112 129 50 81 55 54 56 73 74 31 77 98 62 53 35 78 93 102 140 86 76 131 110 6
13 110 98 112 89 126 52 97 92 52 46 84 102 34 13 59 82 55 17 57 80 20 35 95 93 68 31 114 56 57
39 133 110 137 111 150 36 115 117 75 43 110 126 17 22 85 109 72 17 84 104 35 42 120 104 93 52 137 64 75
108 140 49 130 133 30 125 21 114 59 154 98 122 144 109 105 65 60 127 81 117 96 93 39 57 48 80 15 78 135
94 178 43 175 161 118 58 68 154 74 127 139 164 103 74 127 117 52 95 109 147 65 50 106 34 87 66 102 31 139
116 151 47 141 144 35 129 23 125 68 163 109 133 151 116 116 76 66 135 92 128 103 98 49 55 59 88 23 82 146
44 52 125 55 32 115 109 110 36 63 68 35 45 79 70 9 55 82 65 32 23 70 84 80 124 65 64 109 98 25
