150 45
147 257 91 305 178 391 347 319 174 114 91 125 268 253 94 233 102 214 203 232 255 368 105 168 309 230 358 302 305 256 119 95 248 86 446 222 158 288 167 344 310 268 111 154 212
28 34 11 47 37 45 36 16 17 10 48 48 18 19 41 38 23 29 33 14 39 35 22 37 36 36 11 39 48 23 45 28 34 25 15 26 50 22 41 42 50 28 27 45 39 38 16 15 44 36 23 49 34 17 49 19 24 14 38 14 21 34 18 41 16 15 16 28 36 45 45 44 50 15 42 18 27 21 23 41 32 49 38 26 10 42 29 23 38 21 10 49 38 15 26 50 33 10 15 49 45 44 19 33 22 49 41 20 42 33 14 21 40 41 48 18 32 29 19 36 14 10 11 25 47 26 49 39 46 47 50 39 29 26 16 11 46 47 28 11 12 25 35 48 19 21 20 38 46 12
154 470 172 445 273 492 410 410 219 139 102 127 499 270 102 269 175 339 317 297 462 392 201 185 351 237 486 358 366 368 194 149 295 131 460 236 267 312 176 351 394 277 129 290 391
91 83 34 90 43 49 97 61 35 29 48 38 27 44 34 7 74 50 63 64 30 40 52 37 35 102 62 40 98 61 72 55 55 68 83 74 70 46 19 100 90 78 49 88 89
75 73 140 115 130 137 49 65 141 87 138 146 86 129 141 115 102 137 47 172 119 146 58 120 73 143 46 115 17 136 123 148 146 40 71 73 92 116 120 38 114 30 125 92 86
69 107 57 122 21 28 113 48 59 25 81 58 52 19 51 33 104 27 73 77 64 47 65 11 45 68 66 8 96 95 38 86 36 73 106 98 42 13 51 90 122 83 83 60 115
121 66 39 58 78 83 89 88 38 61 21 46 34 79 48 40 44 85 70 71 10 61 60 73 54 139 75 77 112 25 109 32 87 79 67 58 104 84 24 120 59 87 12 121 66
61 119 72 137 25 30 123 48 74 36 97 72 67 22 65 50 120 28 82 88 80 58 75 19 56 51 74 12 98 111 21 102 38 80 119 111 32 6 68 88 137 89 100 49 129
60 132 84 151 32 35 134 55 86 49 110 83 80 30 76 63 133 32 93 96 93 67 87 30 69 38 83 24 104 124 8 114 41 90 131 123 31 18 81 92 151 98 113 45 141
43 122 89 145 43 48 121 39 91 42 112 90 74 41 83 64 127 46 80 107 93 77 76 38 59 44 70 30 88 124 19 118 55 76 121 114 14 25 82 75 145 84 112 31 133
134 118 16 109 58 58 138 107 16 75 41 10 70 60 16 42 97 61 110 18 44 23 98 61 83 123 109 68 146 60 97 37 57 115 118 110 109 74 36 147 109 125 57 127 119
57 119 75 138 28 33 122 46 77 36 99 75 67 26 68 52 120 31 81 91 82 61 74 23 56 50 72 15 96 113 20 105 41 79 118 110 28 10 70 85 138 87 102 46 129
69 97 53 112 28 35 105 45 55 17 74 55 42 27 49 27 95 35 65 77 56 47 56 18 36 76 59 17 91 87 46 80 43 66 97 88 45 22 45 86 112 76 75 64 106
159 43 111 14 146 152 69 128 109 114 82 117 82 146 119 108 29 153 87 140 82 133 85 139 96 199 98 141 122 66 169 90 157 97 45 47 154 146 95 140 13 98 66 167 30
92 40 69 60 84 90 54 59 69 45 62 76 17 83 74 51 42 91 30 103 44 83 20 75 26 129 36 75 72 61 100 72 97 39 39 31 84 79 49 83 60 47 49 98 48
99 79 29 83 51 56 96 68 30 37 39 35 26 52 32 12 67 58 65 62 20 41 54 45 39 111 65 49 103 51 81 46 61 71 79 70 79 56 11 106 83 80 40 97 84
42 127 94 150 47 51 125 42 96 47 117 95 79 45 88 70 132 49 84 111 99 81 80 42 64 40 74 35 90 130 17 123 58 80 125 118 14 29 87 76 150 87 118 28 137
146 99 30 81 83 85 124 115 27 84 14 33 65 84 39 52 73 87 104 47 32 52 93 82 83 148 107 88 145 29 120 5 86 112 100 92 124 95 36 151 82 120 32 142 97
85 65 140 107 134 141 39 71 140 89 135 145 85 133 142 115 96 140 45 172 117 147 57 124 74 150 48 120 26 132 129 145 149 41 63 66 100 121 119 48 106 31 121 101 78
85 119 49 128 5 11 128 66 52 42 78 48 62 6 41 34 112 12 89 62 65 33 80 8 60 70 83 15 114 94 42 81 19 90 118 109 57 19 51 108 129 100 85 75 126
122 54 52 46 88 93 78 88 51 64 31 59 33 89 60 49 32 95 64 84 22 73 54 82 53 146 70 85 106 27 116 42 98 73 55 47 108 91 35 117 47 81 16 124 53
43 109 81 132 42 48 109 29 83 29 101 83 61 40 76 55 114 47 67 102 82 72 62 34 46 58 58 27 79 113 31 108 57 64 107 100 17 24 72 68 131 72 101 36 119
60 77 132 118 117 124 56 51 132 75 132 137 79 116 132 105 104 123 42 163 113 135 52 107 64 127 38 102 1 133 108 143 133 33 75 75 77 102 113 24 117 25 121 77 91
104 20 86 49 103 110 38 72 85 63 72 93 36 103 91 70 33 110 33 120 58 101 29 94 44 147 43 94 72 67 118 83 117 42 20 11 100 98 66 87 48 46 57 112 30
70 61 69 85 66 73 66 36 69 22 72 74 19 65 70 43 67 73 28 100 52 75 18 56 2 106 26 55 63 78 77 82 81 32 60 52 60 58 50 68 84 42 64 74 71
84 68 48 81 55 62 80 52 49 24 54 54 12 55 50 24 64 63 47 80 34 56 35 47 20 107 46 48 83 62 77 63 69 52 68 59 68 53 29 87 81 62 49 84 75
78 66 55 83 57 64 76 45 56 20 61 60 12 57 56 30 65 65 40 87 40 62 29 48 13 105 39 48 76 68 75 70 72 45 65 57 63 53 37 80 83 55 55 79 74
79 55 64 76 69 76 64 46 65 29 65 70 11 69 67 41 58 76 30 97 45 73 18 60 11 113 31 59 69 69 84 75 83 36 54 46 69 64 45 75 76 45 56 83 64
73 141 83 157 29 29 145 68 85 58 111 81 87 28 74 65 140 26 104 90 97 63 97 32 78 37 95 28 118 127 15 115 33 102 140 132 45 23 83 105 157 111 116 58 150
26 109 135 147 105 111 93 41 136 73 145 138 92 103 132 107 130 109 65 161 124 132 71 96 72 96 55 89 38 150 84 154 119 55 108 105 52 87 119 15 146 54 137 44 123
131 56 56 41 96 100 82 98 54 73 30 63 43 96 65 57 29 102 72 86 27 78 63 90 62 154 79 93 114 21 124 40 105 81 57 50 117 99 41 125 41 88 12 133 53
110 68 36 66 68 73 88 78 35 49 29 42 25 69 42 29 51 75 64 69 9 54 53 62 44 127 67 66 105 36 97 38 78 72 68 59 93 72 16 111 67 80 24 110 70
119 9 95 37 117 123 36 88 94 78 76 102 50 117 101 82 25 124 46 128 65 112 44 108 59 163 57 109 82 67 134 86 130 56 10 6 115 113 75 99 36 58 59 127 14
28 97 123 134 97 104 83 30 125 62 132 127 79 95 122 95 117 102 52 151 112 122 58 88 59 97 42 82 30 137 80 141 112 43 95 92 49 80 107 13 133 43 124 45 110
58 85 138 126 121 128 64 54 139 80 140 143 87 120 138 111 112 127 49 169 120 141 59 111 70 127 45 106 7 141 109 150 137 40 83 83 78 106 119 20 125 33 128 76 99
49 115 79 136 36 42 116 37 81 33 102 80 65 34 73 54 118 40 74 98 83 68 69 29 51 52 65 21 87 114 24 107 50 72 113 106 21 18 72 76 136 80 102 39 125
92 60 49 71 65 71 75 59 49 34 48 55 6 65 53 30 53 72 45 83 28 62 34 57 25 117 47 58 85 54 87 58 77 52 59 50 77 64 29 92 71 62 41 94 66
106 57 46 60 73 79 77 73 46 48 37 53 18 74 52 35 43 80 54 80 19 63 44 67 38 130 59 69 96 40 99 47 85 63 57 49 91 75 26 104 60 71 27 108 61
83 132 64 144 11 10 139 70 66 51 94 62 76 10 55 49 127 7 99 72 80 44 91 17 71 56 92 19 120 110 31 96 16 99 131 123 54 18 66 110 144 108 100 70 140
98 33 119 75 125 132 10 74 119 80 108 125 65 124 123 98 64 132 33 152 92 131 41 115 61 156 42 113 49 103 130 119 140 36 31 34 105 116 98 70 74 31 93 111 45
106 126 38 129 22 20 139 85 40 58 70 34 70 24 28 36 114 23 103 42 61 15 93 29 73 85 99 36 132 88 61 70 19 106 126 117 78 40 47 127 129 115 80 96 131
18 111 104 141 67 73 105 22 106 45 121 107 74 65 100 77 123 71 66 127 101 97 65 59 55 63 54 52 63 130 45 129 81 59 110 104 13 49 93 48 140 64 118 17 123
114 116 21 115 36 36 132 89 23 59 53 17 62 38 11 29 100 39 99 32 47 4 88 39 70 101 97 46 132 71 75 53 36 103 116 107 88 52 34 131 115 113 64 106 120
35 84 107 119 85 91 74 17 108 45 114 111 61 83 105 79 102 90 38 135 94 106 42 75 42 95 27 69 33 120 74 124 100 29 82 78 44 69 90 27 118 33 107 47 97
96 68 39 75 59 64 84 64 40 35 42 46 15 59 43 22 58 66 55 73 21 52 43 52 31 115 56 54 94 50 85 51 70 62 68 59 79 60 19 99 75 71 38 96 73
109 81 22 80 57 61 100 78 22 48 29 29 33 58 28 19 65 63 72 56 13 40 61 52 48 119 74 57 111 43 89 36 65 79 81 73 89 64 2 115 80 88 33 107 84
50 88 74 112 50 57 89 21 75 12 88 77 42 48 71 46 94 56 48 100 68 71 42 40 25 78 39 35 67 98 51 96 65 46 87 80 33 36 60 62 112 55 85 49 98
36 103 87 128 52 58 101 19 88 28 104 89 59 50 82 59 110 57 60 110 84 80 56 43 42 64 49 36 69 114 40 111 67 55 101 95 16 34 75 58 128 63 101 32 114
127 24 85 25 114 120 52 94 84 80 63 92 48 114 92 77 9 121 57 117 55 105 52 106 62 165 67 108 95 52 135 73 126 66 25 21 120 113 67 111 25 70 46 133 20
101 109 27 112 27 29 123 76 29 45 56 26 53 28 19 19 96 32 88 45 45 16 77 27 58 92 85 34 120 73 64 59 33 91 108 99 75 40 31 117 112 101 64 93 114
81 49 120 90 118 125 28 60 120 73 114 126 65 117 122 96 77 124 26 153 96 128 37 108 55 142 31 104 30 112 118 125 133 24 47 48 90 106 99 51 89 16 100 95 62
67 59 75 86 71 78 62 34 76 26 78 80 24 70 76 49 68 78 22 107 58 81 14 61 8 107 19 59 57 82 79 88 86 26 58 51 60 62 56 62 85 35 69 72 70
74 46 101 84 99 106 37 47 101 54 97 107 46 98 103 77 68 106 7 134 79 109 18 89 36 128 14 86 37 97 102 108 114 9 44 41 77 88 81 52 83 11 85 85 59
148 96 34 76 87 89 121 116 32 86 12 38 65 89 44 55 69 92 103 53 32 58 92 86 84 153 107 92 145 24 124 2 91 112 97 89 127 98 38 151 77 120 28 145 94
98 56 49 64 70 76 73 65 49 41 44 56 10 70 54 34 47 77 48 83 25 64 36 63 30 124 51 65 89 48 94 54 82 55 56 47 84 70 29 96 64 64 35 100 61
48 127 90 149 42 46 127 46 92 46 114 90 78 40 83 66 131 43 86 106 96 76 81 37 65 39 76 30 94 127 13 119 52 82 126 119 19 24 84 80 149 90 115 33 138
123 85 20 77 66 69 107 91 18 61 17 26 43 67 29 31 64 72 83 51 12 43 71 63 60 130 85 69 123 33 101 23 72 90 86 77 102 75 13 128 78 99 26 120 86
91 130 55 139 7 0 139 75 57 52 86 52 73 9 46 44 122 3 100 62 74 34 91 17 71 65 94 22 124 102 41 88 9 101 129 121 62 24 59 116 139 110 93 78 137
109 64 40 63 70 75 84 76 39 49 31 47 22 71 46 32 48 77 60 73 12 58 49 64 42 129 64 68 102 37 98 41 81 69 64 55 93 74 20 109 64 77 24 109 66
125 118 15 112 48 48 136 99 17 68 47 9 67 50 9 36 99 51 105 22 45 13 94 51 77 113 104 58 141 65 87 45 47 110 118 109 99 64 34 140 113 120 60 118 120
42 143 112 168 62 65 139 55 114 65 136 112 98 60 105 88 150 62 99 126 118 97 96 59 82 28 88 52 98 149 25 141 71 93 142 135 25 46 106 80 168 99 137 24 154
56 78 71 102 55 62 81 24 72 10 82 75 33 53 70 43 84 61 39 100 62 71 33 45 16 88 32 41 64 90 60 90 70 39 77 70 43 43 55 63 102 49 77 58 89
83 41 78 69 85 92 48 51 78 43 73 84 23 84 81 57 51 92 18 111 54 89 9 76 22 125 25 74 60 73 97 83 99 28 40 33 78 78 57 72 68 35 61 90 52
115 34 70 39 98 103 58 82 69 65 52 77 33 98 77 60 21 105 49 103 40 89 42 90 48 149 58 91 91 45 120 62 109 59 34 26 106 97 51 104 38 65 36 120 35
17 126 114 155 72 77 118 36 116 57 133 116 88 70 109 87 137 74 80 134 113 104 80 65 69 53 69 58 73 143 42 140 84 73 124 119 16 53 104 55 155 78 131 3 138
134 135 32 128 52 49 153 111 33 81 61 25 83 54 25 51 116 52 121 13 62 20 110 57 92 113 119 65 155 80 90 57 45 125 135 126 107 69 51 153 129 135 76 125 137
66 81 59 100 45 52 88 35 60 4 72 62 29 44 57 31 82 52 48 87 52 59 39 35 19 88 43 33 77 82 58 80 60 50 81 72 48 37 44 75 100 59 69 64 90
83 70 47 83 53 59 82 51 48 23 55 53 14 53 49 22 66 60 48 79 34 55 37 45 21 105 47 46 84 63 75 63 66 53 70 61 66 51 29 87 83 63 51 83 77
120 96 7 90 56 58 116 91 6 59 28 14 49 57 16 26 77 61 88 41 23 30 77 55 63 121 89 61 127 45 92 30 60 95 97 88 98 67 14 130 91 104 39 116 98
55 71 119 110 105 112 54 40 120 62 120 124 67 104 119 92 95 111 31 150 101 123 40 95 51 119 25 90 13 122 98 131 121 21 69 68 68 91 100 26 109 16 109 70 85
110 23 118 64 130 137 6 84 118 86 104 125 66 129 123 100 55 137 41 152 90 132 47 120 66 165 51 119 61 97 138 115 144 46 21 27 114 122 98 82 63 43 88 122 34
73 58 68 81 68 75 64 40 69 25 70 74 17 68 70 43 63 76 27 100 50 75 16 59 6 109 26 57 64 75 80 80 83 32 57 49 64 61 49 70 81 42 62 77 68
154 138 37 124 74 71 159 128 37 97 56 32 92 76 37 64 114 74 131 10 64 39 120 78 105 136 131 86 168 73 112 49 68 137 138 130 127 91 58 169 125 147 73 146 138
61 80 135 121 120 127 59 53 136 78 136 140 83 119 135 109 107 126 45 166 116 139 56 110 67 129 41 105 4 137 110 146 136 36 78 78 79 105 116 24 120 29 124 78 93
129 84 25 72 74 77 107 98 23 67 9 31 47 75 35 38 61 79 86 54 14 49 75 71 65 138 89 76 127 26 108 17 79 94 85 77 109 83 20 133 73 102 21 127 84
78 55 124 96 120 127 33 59 124 75 119 130 69 118 126 100 83 126 30 157 101 132 41 109 58 140 33 105 25 117 118 130 135 26 53 54 89 107 104 46 95 16 106 93 68
129 111 8 102 56 56 131 101 8 69 36 4 63 58 11 35 90 59 102 26 37 23 91 57 76 121 102 64 139 55 94 34 56 108 111 102 104 70 29 141 103 118 51 122 112
77 49 75 76 78 85 54 44 76 35 74 81 21 78 78 52 58 86 19 108 54 84 7 69 15 118 22 67 59 76 89 84 93 26 48 40 70 71 55 68 75 35 63 83 59
99 22 105 63 115 122 18 71 105 71 93 111 52 114 109 86 50 122 27 139 78 118 32 105 51 151 38 104 56 88 124 104 129 34 20 21 101 107 84 75 62 33 78 110 36
88 48 125 89 125 133 23 68 126 80 118 132 71 124 128 103 77 132 33 159 101 135 44 115 63 150 39 112 35 114 126 129 141 32 46 48 98 114 105 57 88 24 104 103 60
41 81 90 111 70 77 76 9 92 29 100 94 48 68 89 62 93 76 36 119 79 90 35 60 28 89 25 54 47 106 65 109 85 30 79 74 38 55 74 43 111 38 93 48 93
111 72 31 69 66 70 92 79 31 50 27 38 28 66 38 27 54 72 67 65 6 50 56 61 46 126 70 65 108 36 96 36 75 75 72 63 93 71 12 114 70 84 25 110 74
127 125 24 120 47 45 143 103 25 72 55 17 74 49 16 41 107 48 111 18 53 12 100 51 83 110 110 59 146 73 85 52 43 116 126 117 100 64 42 144 121 126 69 118 128
51 103 73 124 38 44 105 30 75 21 92 75 53 36 68 46 106 43 63 95 73 65 57 28 39 64 55 22 80 104 36 99 53 61 102 94 26 22 63 72 124 70 92 44 113
22 132 117 161 73 77 125 43 119 62 137 118 93 71 112 91 143 75 86 136 118 106 86 67 75 48 75 59 79 148 40 144 84 79 130 125 19 55 108 60 161 84 135 4 144
77 44 85 75 87 94 45 46 85 43 81 91 30 86 87 62 58 94 10 118 62 94 3 77 23 123 17 75 52 82 96 92 102 19 42 36 74 79 64 63 75 27 69 85 56
130 25 87 22 117 123 54 98 86 83 64 94 52 117 95 80 7 124 60 119 57 107 55 110 66 168 70 111 98 52 139 74 129 70 27 23 124 116 69 114 21 73 47 137 19
40 101 138 140 113 120 82 46 139 77 144 142 91 112 136 110 124 118 59 166 124 137 67 104 72 110 51 98 24 148 96 154 128 49 99 97 64 96 121 4 139 46 135 58 114
138 105 17 91 70 72 127 108 15 77 23 19 64 72 26 43 81 74 103 35 32 39 92 70 80 136 105 77 143 41 108 19 72 110 106 97 115 83 30 147 92 120 40 133 105
118 127 30 126 35 33 143 95 32 66 63 25 73 37 21 39 112 36 109 29 58 7 98 41 79 98 106 48 140 81 74 62 31 112 127 118 90 53 45 137 126 122 75 108 131
61 98 151 139 132 138 75 64 152 92 154 156 100 130 151 124 125 137 63 181 134 153 73 122 83 131 58 116 21 155 116 164 147 54 96 96 85 115 133 23 138 47 142 79 111
147 100 30 81 84 85 124 116 28 85 15 34 66 85 40 53 73 88 105 47 32 53 94 83 84 149 108 89 146 29 121 5 86 113 101 93 125 96 37 152 82 121 32 143 98
76 115 55 128 11 18 123 57 57 35 82 55 59 9 48 36 111 17 83 71 67 41 74 2 54 65 76 6 106 97 36 86 26 83 114 106 48 11 53 99 128 93 87 66 123
80 129 64 142 10 12 137 67 66 48 93 62 74 9 55 48 125 9 96 73 79 45 88 15 68 55 89 16 116 109 29 96 18 96 129 120 51 15 65 107 142 105 99 67 137
100 47 58 57 79 85 65 67 57 46 48 64 14 79 63 43 40 86 43 91 31 73 33 71 32 130 48 72 85 49 100 59 91 52 47 38 89 77 37 95 57 60 36 104 52
106 120 31 122 25 25 134 83 33 54 63 28 64 27 21 30 107 28 98 40 54 10 88 29 69 90 95 37 129 81 64 64 25 101 119 110 79 42 40 125 122 111 73 97 124
61 60 85 91 77 84 58 29 86 32 88 90 34 76 86 59 73 84 17 116 68 90 14 67 17 108 10 64 47 91 81 97 93 17 59 53 58 66 66 52 90 27 78 69 72
97 104 28 108 27 31 118 71 30 40 55 29 48 29 22 14 93 33 82 50 42 21 72 25 53 92 79 32 114 72 63 59 36 86 104 95 71 38 28 112 109 96 62 90 109
70 161 111 181 58 57 161 78 113 79 139 109 110 56 103 93 163 54 119 118 124 92 115 59 98 8 109 54 124 154 23 143 60 115 160 152 48 48 110 107 181 122 143 52 171
107 102 16 102 38 41 118 80 18 49 45 17 49 40 11 16 87 44 86 42 34 18 75 37 58 104 84 44 121 62 75 47 44 91 102 93 83 50 21 121 103 100 53 101 106
38 81 100 114 79 86 72 13 101 39 108 104 55 78 99 72 97 85 34 129 87 100 37 69 35 94 23 64 38 113 71 117 95 27 79 74 43 64 83 34 113 32 100 49 93
137 85 31 69 81 84 110 105 29 75 1 37 53 83 41 46 60 87 91 57 20 55 80 79 72 146 95 84 132 20 116 11 87 99 86 78 117 91 28 139 70 108 18 135 84
125 92 13 83 64 66 114 95 12 63 20 20 49 65 23 31 71 69 88 44 19 37 77 62 65 128 90 68 128 38 99 23 68 96 93 84 103 74 16 132 84 105 32 121 93
75 97 48 111 26 33 106 50 50 21 70 50 42 26 43 22 93 34 67 72 52 42 58 17 38 79 62 18 95 83 49 75 41 69 97 88 50 24 40 91 111 79 72 69 105
129 127 24 121 49 47 145 105 25 74 55 17 75 51 17 43 108 50 113 16 54 14 102 53 85 112 112 61 148 73 88 51 45 118 127 118 103 66 43 146 121 128 69 121 129
107 30 123 71 132 139 1 83 123 88 110 130 70 132 128 104 62 140 41 157 96 136 48 123 68 165 51 121 57 103 139 121 147 45 28 33 114 124 102 78 70 40 94 120 41
139 46 73 23 112 117 74 106 72 85 46 80 53 112 82 73 14 118 73 103 45 96 66 105 71 168 82 108 114 32 138 55 121 83 48 42 128 114 59 128 24 88 29 143 40
139 69 51 48 96 100 95 106 49 80 20 57 51 97 60 58 40 102 83 78 27 74 74 92 71 158 90 96 126 8 127 28 103 93 70 62 123 102 40 136 49 100 7 140 65
91 34 80 61 91 98 44 59 80 50 72 86 26 90 84 60 44 98 22 113 54 92 16 82 30 133 31 81 64 70 105 82 105 32 33 25 86 85 59 77 61 38 58 98 44
122 16 89 31 115 121 44 90 88 78 69 96 48 115 96 79 17 122 50 122 59 108 47 106 59 163 61 107 88 59 134 79 127 60 18 13 117 112 70 105 30 63 52 129 16
74 47 106 86 103 110 35 49 106 58 102 112 51 102 108 82 71 110 12 139 83 114 23 93 41 130 17 90 34 101 105 112 119 11 46 43 79 92 86 50 85 8 89 86 61
46 120 85 142 40 45 120 39 87 38 108 86 71 38 79 61 124 43 78 103 90 73 74 34 57 47 69 26 88 121 20 114 52 75 118 111 17 21 78 76 141 83 109 34 130
129 29 82 23 113 119 57 97 81 81 59 89 49 114 90 76 5 120 60 114 52 102 55 106 64 166 70 108 100 48 136 69 125 70 30 25 122 113 65 115 22 74 41 136 24
68 115 62 130 17 23 121 51 64 33 88 62 60 15 55 40 113 22 80 79 71 48 73 9 53 60 73 2 101 102 30 92 32 80 114 106 40 4 58 93 130 89 91 58 124
95 55 51 66 70 76 72 62 51 38 47 58 7 70 56 34 48 77 45 85 28 65 33 62 27 122 48 63 85 51 92 57 82 52 55 46 82 69 31 93 66 61 38 98 61
139 80 39 61 88 91 105 107 37 78 7 45 53 89 49 52 52 94 89 65 22 63 79 85 73 152 94 90 131 11 122 16 94 98 81 73 121 96 34 139 62 106 12 138 77
133 36 78 22 112 117 64 100 77 82 53 85 49 112 86 73 6 119 65 109 48 99 59 105 66 166 74 107 105 41 136 62 123 75 38 32 124 112 61 120 22 80 36 138 31
81 43 110 83 110 117 28 56 110 65 104 116 55 109 113 87 69 117 17 143 86 119 28 100 47 138 25 97 36 102 113 115 125 18 41 40 87 99 90 55 82 14 90 93 56
107 38 65 48 89 95 59 74 65 55 51 72 23 89 71 53 30 96 44 99 36 82 35 81 39 140 51 82 86 48 110 62 101 54 38 29 97 88 45 98 48 60 36 112 42
100 30 117 72 124 131 9 75 116 80 105 123 63 123 121 97 60 131 33 150 90 129 40 114 60 156 42 112 51 100 130 116 139 37 28 31 105 115 96 72 70 33 90 112 42
150 109 30 90 83 84 133 120 28 89 24 32 73 85 38 56 82 87 112 40 40 51 101 83 90 149 115 90 152 38 121 14 84 120 110 102 128 96 41 157 91 128 41 146 107
107 30 73 45 95 102 51 74 73 59 59 80 29 95 79 60 27 103 40 107 45 90 33 87 42 144 49 88 82 54 115 69 108 50 30 21 100 93 53 95 45 56 43 113 35
19 118 107 147 66 72 112 29 108 49 125 109 79 64 102 80 129 69 73 128 105 98 72 59 61 56 62 52 70 135 40 132 79 66 117 111 10 48 96 53 147 72 122 11 130
41 79 95 111 76 83 72 12 97 35 103 100 51 74 94 68 93 82 33 124 83 96 34 66 31 94 21 61 41 109 70 113 91 26 77 72 42 61 79 38 110 33 96 50 91
145 136 34 126 64 62 157 121 34 90 58 27 88 66 31 58 115 65 127 0 63 30 116 69 99 126 126 77 163 75 103 52 58 132 137 128 119 82 54 162 127 142 74 137 138
90 69 43 79 56 62 83 58 43 29 48 49 13 56 45 21 61 63 51 76 27 53 40 48 26 110 52 50 89 56 80 57 68 57 69 60 73 56 23 93 79 67 44 90 75
116 124 28 123 35 33 140 93 30 64 60 23 70 37 18 36 109 36 106 30 55 4 95 39 77 98 103 47 138 79 73 60 31 110 124 115 89 52 42 135 123 119 72 107 128
88 56 134 98 131 138 30 71 134 86 127 140 79 130 136 111 87 138 40 167 110 143 51 121 70 152 45 117 31 124 130 138 147 37 54 57 101 119 113 54 97 28 113 103 69
94 25 95 62 105 112 28 64 95 62 85 102 42 104 99 76 47 112 21 129 69 108 23 96 42 143 32 94 57 81 115 96 120 30 24 20 94 98 74 74 61 32 70 104 38
10 114 126 149 92 98 101 33 127 64 139 129 88 90 123 98 131 96 68 151 119 120 72 84 68 80 57 76 50 146 68 148 106 59 112 108 37 74 112 29 148 61 133 28 127
145 88 38 68 89 92 114 113 35 83 7 43 60 90 47 54 60 94 97 59 27 62 86 87 79 154 102 92 139 16 124 8 94 106 89 82 125 99 36 147 69 114 20 143 85
149 89 41 67 93 96 115 116 39 87 11 46 64 94 51 58 61 98 100 62 31 65 89 91 83 158 105 96 142 15 128 10 97 109 90 83 129 103 41 150 68 117 22 147 86
62 138 88 157 36 38 140 60 91 55 116 87 86 34 81 68 139 35 99 99 99 71 93 35 75 32 89 30 109 130 4 120 43 96 137 130 34 24 86 96 157 104 119 46 148
81 77 46 90 46 53 88 50 47 19 57 50 21 46 45 19 72 54 52 76 37 50 41 38 23 99 50 39 86 67 68 65 60 56 76 68 62 45 29 88 90 66 55 79 84
43 137 104 161 55 58 134 51 106 58 128 104 90 53 97 80 143 55 93 119 110 89 90 51 75 31 83 44 96 141 18 133 64 89 136 129 20 38 98 79 161 95 129 25 148
94 118 40 125 13 15 130 73 43 46 71 39 62 15 32 30 109 17 92 52 59 22 82 17 63 79 88 25 120 87 52 73 19 95 118 109 67 29 45 115 125 104 78 85 124
98 34 120 76 126 133 10 75 120 81 109 126 66 125 124 100 65 133 34 154 94 132 42 116 62 156 43 114 48 104 131 120 141 37 32 35 105 116 99 69 75 31 94 111 46
21 100 104 131 73 79 92 12 105 42 117 107 67 71 101 76 114 77 54 129 97 99 55 64 47 76 43 57 51 125 56 126 87 47 98 93 25 55 90 38 131 52 112 29 112
125 51 58 40 94 99 76 92 56 69 35 64 37 94 66 55 26 101 65 89 28 79 56 88 57 151 72 91 107 27 121 45 104 75 51 44 112 97 41 119 41 81 17 128 49
56 131 86 151 36 39 132 52 88 48 112 86 80 34 79 65 133 36 91 100 95 71 85 33 68 37 81 26 101 126 7 117 45 88 130 122 27 20 83 88 151 96 114 41 141
24 97 118 132 91 97 84 24 119 56 128 121 75 89 116 90 116 96 51 145 107 115 56 81 55 91 41 75 35 133 74 137 105 42 95 92 42 73 102 19 132 43 120 40 110
34 133 107 159 60 64 129 45 109 57 129 108 89 58 101 82 141 61 89 124 111 94 86 55 72 38 78 48 88 141 26 135 70 83 132 125 15 42 100 71 159 89 129 17 144
32 102 91 129 57 63 98 15 92 31 107 93 61 55 87 63 111 62 58 115 87 84 55 48 42 67 47 41 64 117 43 115 72 53 100 94 16 39 79 53 129 60 104 30 113
119 102 3 96 51 53 121 91 5 59 34 9 52 52 9 25 83 55 92 36 29 23 80 50 65 116 91 57 129 52 88 35 54 97 102 93 95 63 19 130 97 107 46 114 104
75 76 143 118 132 139 51 66 143 89 141 148 89 131 144 117 106 138 50 175 122 148 61 122 75 143 49 117 17 139 124 151 148 43 74 76 93 118 123 38 117 33 128 92 89
98 105 27 109 28 31 119 72 29 42 55 27 49 29 21 15 93 33 83 48 43 19 73 26 54 93 80 33 116 71 64 58 35 87 104 96 73 39 28 114 109 97 62 91 110
33 102 89 129 56 62 99 16 91 30 106 92 60 54 85 62 111 60 58 113 86 83 55 47 42 66 47 40 65 116 42 114 70 53 100 94 16 38 78 55 128 60 103 31 113
72 52 112 92 108 115 36 50 113 63 109 118 58 107 114 88 77 115 18 145 91 120 30 98 47 131 21 94 27 108 108 120 123 14 50 49 80 96 92 45 91 5 96 85 66
97 24 103 64 113 120 20 69 103 69 92 110 50 112 108 84 51 120 25 137 77 116 29 103 49 149 36 101 55 87 122 103 127 32 22 21 99 105 83 73 63 32 77 107 37
123 8 111 44 131 138 26 95 110 90 92 118 64 131 117 98 37 138 51 144 82 128 53 122 70 173 62 122 80 82 145 102 145 59 8 17 124 126 91 100 43 58 75 134 14
129 41 70 29 104 109 68 95 68 75 46 77 43 104 78 66 14 111 64 101 40 91 56 97 61 159 72 100 105 35 129 55 115 73 42 35 118 105 53 118 30 79 28 133 38
111 115 22 115 33 34 131 86 24 56 54 19 61 35 13 27 100 36 97 35 47 5 86 36 68 99 94 43 130 72 72 55 34 101 115 106 85 49 34 128 115 111 65 103 119
86 90 37 99 34 40 102 57 38 26 56 40 34 35 34 9 82 42 66 64 38 37 56 28 37 93 63 31 99 69 63 62 47 70 90 81 63 37 26 98 99 80 58 81 96
