200 40
194 273 66 224 134 379 192 307 111 312 126 104 198 159 108 64 90 105 87 149 173 190 258 262 143 238 104 163 219 95 330 431 261 127 128 423 262 270 146 158
25 26 27 34 47 15 22 38 28 37 13 43 23 21 19 13 15 28 29 40 48 33 40 28 21 16 33 30 20 41 23 35 30 31 37 42 24 32 32 41 40 13 30 20 49 46 10 41 21 50 47 38 28 28 24 31 10 11 40 46 34 32 32 29 15 20 12 27 16 47 50 40 41 39 47 41 31 19 13 28 22 17 37 30 22 40 30 39 38 39 30 48 41 36 26 47 21 47 23 42 43 11 14 23 21 39 49 33 42 40 18 34 14 36 45 23 37 14 42 33 39 38 24 50 47 43 48 19 28 40 46 25 22 40 39 18 45 30 17 36 48 13 35 43 14 30 25 30 10 38 33 41 35 20 22 14 14 33 28 44 13 42 25 41 12 20 30 33 12 12 10 29 19 17 23 31 13 15 16 29 31 16 28 46 26 15 19 25 12 24 16 15 14 25 16 10 21 23 43 30
272 438 102 439 147 487 201 325 119 328 222 104 328 270 128 114 144 105 173 270 181 249 313 423 156 477 109 321 308 131 473 455 427 248 218 423 466 393 166 292
138 115 121 89 146 128 59 137 59 115 113 154 53 42 79 89 120 36 101 40 85 74 66 24 7 115 97 97 89 64 87 85 48 86 93 142 138 51 81 135
18 35 76 37 33 87 82 38 133 13 35 55 75 150 105 172 57 108 144 157 57 174 97 147 128 35 154 147 187 177 41 164 163 40 189 29 21 119 77 111
10 42 82 47 31 93 91 34 140 19 42 49 83 158 114 179 63 116 152 166 63 182 103 156 137 42 163 156 196 185 49 170 172 48 197 28 19 128 82 117
154 150 169 120 175 177 108 143 13 133 148 156 73 27 136 32 162 40 160 42 90 30 51 57 53 150 156 156 138 43 104 27 93 106 45 171 164 109 74 188
100 49 9 69 70 4 69 122 169 92 50 138 109 168 58 208 27 136 82 167 117 199 145 148 135 49 97 89 148 192 97 201 145 93 218 70 75 90 134 27
113 129 159 100 144 170 112 96 47 97 127 105 62 82 146 73 147 55 180 96 54 87 27 103 90 129 181 179 180 102 74 64 138 78 95 139 131 131 35 187
59 15 34 45 31 44 72 83 155 55 17 98 92 163 80 195 16 125 113 166 90 192 124 151 134 15 127 119 170 189 69 188 156 66 209 30 34 104 109 68
103 56 24 81 69 19 87 127 185 99 58 142 124 185 76 224 35 153 96 185 129 216 159 166 152 56 112 103 164 209 109 218 162 105 235 70 77 108 147 33
92 87 111 57 110 121 60 86 54 70 85 102 11 70 94 94 101 27 129 79 32 93 26 75 56 87 131 128 139 97 40 86 102 41 109 106 99 82 29 137
118 68 28 88 86 16 83 140 184 111 69 157 125 180 64 222 46 151 78 178 136 213 162 159 146 68 94 86 149 203 116 216 151 112 231 87 93 97 153 13
80 28 13 48 54 25 57 101 152 70 28 118 90 154 58 191 8 120 90 155 96 185 125 138 122 28 103 96 149 179 76 184 139 72 203 54 57 85 114 48
191 147 127 136 181 125 91 200 146 170 146 219 127 118 72 168 138 123 50 106 159 147 152 86 91 147 35 42 23 126 151 167 53 148 164 179 178 55 162 115
68 117 157 107 106 169 147 44 140 75 116 30 111 171 177 169 139 132 217 183 78 182 104 183 165 117 224 219 245 195 85 160 210 88 191 103 95 180 83 192
174 132 114 119 165 113 74 183 131 153 130 202 110 105 58 156 123 107 46 95 141 136 135 74 77 132 33 38 33 117 133 154 45 130 154 163 162 38 144 107
184 150 142 130 184 144 88 188 107 162 148 206 106 76 87 124 147 92 85 62 139 102 122 45 56 150 73 77 36 81 137 124 9 135 119 181 178 56 137 141
104 83 97 55 113 105 37 104 65 81 81 122 23 66 69 103 92 33 102 70 55 96 51 58 39 83 103 100 112 92 53 97 78 52 114 109 104 53 57 117
165 144 149 117 175 155 86 162 60 142 142 179 79 27 103 77 148 53 117 16 109 57 82 6 23 144 109 111 84 40 114 76 40 113 75 171 166 70 101 159
169 145 147 119 176 152 85 167 69 146 143 184 83 37 99 86 148 60 111 24 115 65 90 8 27 145 102 104 75 46 118 86 30 117 82 173 168 66 108 155
159 120 108 104 154 110 59 166 111 137 118 185 90 88 53 138 115 87 55 78 122 119 115 57 57 120 47 49 46 102 116 136 35 113 137 151 149 23 125 107
189 173 182 145 203 188 119 182 59 166 171 197 102 27 136 56 180 70 150 21 128 32 93 40 53 173 141 144 107 8 137 60 66 137 46 199 193 104 116 193
174 142 136 121 175 139 80 177 97 152 140 195 95 66 82 116 140 80 85 54 128 95 111 35 45 142 75 78 46 74 126 116 5 125 112 172 169 50 125 138
83 42 28 70 48 32 87 108 179 82 43 122 116 183 84 219 26 147 110 184 117 213 150 167 152 42 125 117 175 208 96 211 168 93 231 50 57 114 136 52
26 32 72 29 39 84 73 42 126 11 31 60 66 142 98 165 54 99 137 148 51 166 90 138 119 32 147 140 178 168 33 157 154 31 182 35 27 110 71 107
12 50 91 46 45 102 91 23 130 12 50 40 75 150 117 168 72 107 156 158 52 172 92 150 131 50 165 159 196 176 40 159 169 40 186 41 32 127 70 126
201 154 127 147 186 123 104 213 170 182 153 232 145 143 78 193 141 146 44 132 176 172 173 111 115 154 30 37 43 152 165 192 78 162 189 185 185 71 181 109
174 132 115 119 166 115 74 183 130 153 131 202 109 104 59 155 124 107 47 94 141 135 135 73 76 132 34 39 32 115 133 153 43 131 152 164 163 38 144 108
148 142 159 112 167 168 98 138 13 126 140 152 65 23 126 41 153 32 151 37 85 36 47 50 44 142 147 147 130 44 97 36 86 98 53 163 156 100 70 178
51 100 140 91 89 152 132 27 136 58 99 15 100 165 162 168 122 124 202 177 68 179 99 174 155 100 210 204 233 190 72 159 200 74 189 86 78 167 76 175
106 82 93 55 112 101 31 108 71 83 80 126 29 69 62 108 89 39 95 71 61 100 58 57 39 82 96 93 106 94 57 103 74 55 118 109 104 46 64 112
88 57 69 34 89 78 16 95 93 66 55 114 35 94 50 131 64 60 88 96 58 124 72 81 64 57 94 89 117 119 46 125 92 43 142 86 82 50 68 91
128 81 44 104 93 34 102 152 204 124 82 167 144 200 83 242 59 171 93 198 153 232 180 178 166 81 109 101 165 223 132 236 170 128 251 95 102 117 170 28
178 156 159 130 187 164 97 176 69 155 154 192 92 34 111 80 160 65 122 19 122 57 94 17 36 156 112 115 80 36 127 81 37 126 74 184 179 78 114 168
91 59 68 36 91 76 13 98 94 69 57 117 38 94 47 132 64 61 85 96 62 125 74 80 63 59 90 85 114 119 50 126 90 47 143 88 84 46 72 89
146 111 106 91 144 109 49 151 94 124 109 170 73 73 54 122 109 69 68 66 105 105 97 44 40 111 62 63 62 90 100 120 36 98 124 142 139 21 107 111
73 57 80 26 83 91 38 76 84 50 54 94 21 94 72 124 70 54 111 100 36 121 56 89 70 57 116 111 136 121 25 117 107 23 138 79 74 71 48 107
161 129 125 108 162 128 67 164 89 138 127 182 82 62 73 113 128 70 81 52 115 93 100 31 35 129 73 75 55 75 113 111 18 111 111 159 156 39 113 129
95 49 41 44 83 48 22 109 123 77 48 128 67 120 28 161 43 91 67 120 85 152 103 102 87 49 77 71 115 144 68 155 102 64 171 81 80 49 98 60
55 5 38 28 39 50 57 75 138 45 4 93 74 145 71 177 21 107 108 149 74 174 107 134 117 5 120 113 159 171 53 170 142 50 191 37 36 92 93 73
129 78 46 82 107 42 55 146 155 114 77 165 104 145 24 191 61 123 37 141 125 178 140 120 110 78 52 44 105 165 108 186 108 104 196 107 109 56 137 35
119 122 146 91 143 156 92 106 24 98 120 119 46 55 124 61 136 27 156 69 55 67 15 74 61 122 155 153 151 78 71 53 108 73 80 138 131 105 37 171
109 66 57 55 100 62 15 121 115 90 65 140 65 108 19 151 61 83 58 106 89 140 100 86 74 66 65 59 98 130 75 146 84 72 159 98 97 31 99 69
84 43 48 30 77 57 19 96 113 65 41 115 54 114 41 152 44 81 80 115 71 145 90 98 82 43 89 83 122 139 54 146 104 50 163 74 72 54 84 72
213 168 146 158 201 143 113 222 163 192 167 241 149 133 93 183 158 143 65 120 181 160 172 102 110 168 49 57 23 138 173 182 66 170 176 200 199 77 183 131
129 79 51 80 110 49 48 145 147 113 78 163 98 136 15 182 64 115 34 132 120 169 133 110 101 79 47 39 97 156 104 177 98 100 188 109 110 47 132 44
118 118 140 87 140 150 85 107 24 97 115 121 40 50 117 64 131 19 148 63 54 66 16 67 53 118 147 145 143 75 68 56 101 70 80 136 128 97 39 164
123 93 96 69 125 102 33 126 79 100 91 145 48 67 54 113 95 49 81 66 80 100 74 47 33 93 80 78 87 90 75 108 57 73 119 122 118 30 82 109
138 126 140 96 153 148 78 131 30 115 123 147 51 25 105 62 135 19 130 34 77 53 47 36 25 126 126 126 114 51 86 58 71 86 71 149 143 79 67 158
61 97 136 79 98 148 114 37 103 55 96 42 74 133 146 135 119 93 186 145 41 146 66 144 126 97 192 187 208 157 53 126 172 57 156 94 85 145 45 170
86 35 6 54 59 18 60 108 156 77 35 124 95 157 56 196 14 124 86 158 103 188 131 140 125 35 100 92 147 182 82 189 139 78 207 59 63 85 120 41
6 56 95 61 39 107 106 27 147 29 56 37 93 168 129 185 76 125 167 176 69 190 109 168 148 56 178 171 211 194 58 176 185 58 204 36 29 142 87 130
49 69 106 47 79 118 82 38 94 32 68 54 47 117 114 131 90 74 153 127 16 136 55 122 103 69 160 155 179 143 21 122 146 24 150 75 66 115 33 139
51 67 103 43 78 114 76 43 91 32 65 59 42 113 109 129 87 70 148 122 13 133 53 117 98 67 154 149 174 139 16 120 141 19 147 74 66 109 32 135
57 106 146 97 95 158 138 33 138 64 105 20 104 167 168 168 128 127 207 179 71 180 101 177 159 106 215 209 237 192 76 159 204 79 190 92 84 172 79 181
144 97 72 92 129 70 53 158 143 127 95 177 101 127 21 175 84 112 19 120 127 159 134 98 92 97 28 21 76 145 114 171 81 110 178 128 128 35 136 63
205 160 135 151 192 132 107 216 165 186 158 235 146 137 84 187 148 143 53 125 177 165 171 105 111 160 37 46 32 144 168 186 71 165 182 191 191 72 180 119
129 115 129 86 143 137 67 124 38 106 113 141 42 35 94 73 124 15 121 41 71 64 45 37 21 115 118 117 111 61 77 68 69 77 82 139 133 69 63 147
99 86 105 56 113 115 49 96 56 76 84 113 12 65 82 95 98 24 116 71 44 91 37 64 44 86 117 115 125 91 47 89 88 47 108 109 103 68 43 128
73 21 21 40 50 33 54 93 146 62 21 110 83 149 60 185 8 114 94 151 88 180 118 135 119 21 107 99 150 175 68 178 138 64 197 49 51 85 106 56
78 59 80 30 87 90 34 81 83 56 57 100 21 91 68 122 71 51 106 96 41 119 57 84 65 59 111 106 131 117 31 115 101 29 136 83 78 65 51 106
68 64 92 34 85 103 54 66 79 45 62 84 19 94 88 118 80 52 126 102 21 118 45 94 75 64 131 127 149 121 16 110 116 16 134 81 74 85 34 121
79 41 34 71 42 39 91 104 180 80 43 118 117 186 90 220 29 149 117 188 116 216 150 171 155 41 132 124 181 211 96 213 173 92 233 45 52 119 135 60
145 121 125 95 152 131 63 145 64 122 119 162 61 42 80 91 125 44 99 37 93 74 74 18 9 121 94 94 81 62 95 88 40 94 93 149 144 50 89 136
126 80 45 105 91 35 105 150 206 123 82 165 145 203 87 244 59 173 98 201 153 235 181 182 169 80 114 106 170 226 132 238 174 129 253 93 100 120 170 32
153 159 183 129 179 192 126 138 25 134 157 148 83 55 156 29 174 56 184 70 90 47 51 85 79 159 181 181 166 67 108 20 121 110 51 175 167 133 71 206
43 25 62 12 47 74 57 56 118 24 24 75 56 131 81 158 46 89 121 136 50 157 85 124 106 25 130 124 162 157 29 150 138 26 173 43 37 93 69 96
58 87 125 66 92 137 100 38 94 47 86 49 60 122 133 128 109 81 172 133 27 137 56 132 113 87 178 173 194 147 40 119 159 43 149 88 79 131 33 158
77 42 56 22 74 66 23 87 106 56 40 106 45 109 51 145 48 74 91 112 59 139 81 97 80 42 99 93 128 135 43 138 106 39 157 71 68 60 73 82
146 96 64 97 126 60 64 162 159 130 95 181 113 144 29 192 80 128 19 138 137 177 148 117 110 96 35 27 90 163 121 188 99 118 196 125 127 53 148 48
87 99 130 71 115 141 88 73 58 68 97 85 38 87 122 94 117 48 159 99 25 101 20 99 82 99 161 158 168 111 45 85 130 48 113 110 102 112 5 159
55 64 97 37 79 109 68 50 87 34 62 67 34 107 101 126 83 64 140 116 12 129 50 110 91 64 146 141 165 134 9 117 133 13 143 75 67 101 31 129
152 101 68 105 130 61 72 169 168 137 101 188 122 153 38 201 84 137 21 147 145 186 157 125 119 101 37 29 94 171 129 197 106 126 204 130 132 62 156 46
85 50 60 30 83 69 14 95 102 65 48 114 43 103 45 141 55 69 85 105 63 133 80 89 72 50 91 86 119 128 48 134 97 45 151 80 77 51 75 83
108 70 69 53 104 75 8 117 101 87 68 136 53 94 32 137 69 69 68 93 80 126 87 74 60 70 72 68 97 117 68 132 77 65 145 101 98 29 88 83
142 112 112 90 145 117 51 145 79 120 110 163 64 59 64 108 114 55 82 53 97 91 84 32 25 112 77 77 72 77 94 105 37 92 110 142 138 33 96 121
195 154 136 140 188 135 96 203 140 174 152 222 127 111 81 160 146 120 62 98 160 138 150 79 87 154 47 54 11 117 153 160 44 151 155 186 184 59 161 127
152 121 119 99 154 123 60 155 84 129 119 173 73 60 68 110 121 62 82 51 106 91 92 30 29 121 75 76 63 75 104 107 27 102 110 151 147 35 105 125
156 109 85 103 142 83 62 169 144 138 108 188 108 125 33 174 97 115 16 117 136 157 139 95 91 109 16 12 64 140 123 171 74 120 175 140 141 36 143 74
55 60 94 33 76 105 65 51 89 33 58 69 33 108 97 128 79 64 136 116 15 130 52 109 90 60 143 138 163 134 5 119 131 9 145 72 64 98 34 125
133 144 172 115 161 183 120 116 35 115 142 124 72 71 153 54 161 55 185 86 71 70 36 97 86 144 184 182 176 88 91 45 133 94 76 157 149 134 52 198
71 35 36 65 34 43 88 96 175 72 37 110 112 182 91 215 26 144 120 184 109 211 144 168 152 35 134 126 182 208 89 207 172 85 228 37 44 118 128 65
104 65 44 94 66 41 107 129 202 105 67 142 139 204 98 241 48 170 117 205 140 235 173 187 172 65 133 125 187 229 120 234 184 116 253 69 77 130 159 53
140 94 73 87 127 73 46 153 133 122 93 172 93 118 18 166 83 103 27 112 120 150 126 90 83 94 33 27 74 136 107 162 75 104 169 125 125 26 128 68
157 154 172 123 178 181 112 146 15 136 152 158 76 29 139 28 166 44 164 44 93 28 54 60 57 154 159 159 140 43 107 23 96 109 42 174 167 113 77 192
31 82 123 79 68 134 123 15 144 45 82 8 99 169 150 178 104 127 189 179 68 187 105 174 155 82 199 192 226 195 66 169 197 68 199 65 58 159 82 158
126 84 71 72 117 73 28 137 117 107 82 156 74 104 18 150 77 86 46 99 102 137 107 78 69 84 50 45 81 124 90 146 71 87 155 115 114 16 110 75
105 80 91 54 111 98 29 108 73 82 78 126 30 71 60 111 87 41 93 73 62 102 60 59 41 80 94 91 106 96 57 105 74 55 120 108 103 45 65 109
63 30 41 60 27 49 87 88 171 65 32 101 108 179 93 211 27 140 124 182 103 208 139 167 150 30 138 130 184 205 83 203 172 80 225 29 36 119 122 72
139 149 176 120 167 187 123 122 32 121 147 131 76 68 155 47 166 56 186 83 77 64 40 95 85 149 184 183 175 83 96 38 131 99 70 163 155 135 58 202
75 41 40 71 37 45 94 100 181 77 43 113 118 188 95 221 32 151 123 191 115 217 150 174 158 41 138 130 187 214 95 214 177 92 235 40 48 124 135 66
186 151 141 132 184 142 89 191 113 164 149 209 110 81 85 130 147 96 81 68 143 108 127 50 61 151 68 73 30 87 140 130 14 138 125 182 179 55 141 139
166 122 104 111 156 103 66 175 131 145 121 194 105 108 48 158 114 106 37 98 136 139 133 77 77 122 27 30 43 121 127 156 51 124 157 154 153 31 140 97
190 147 127 135 180 125 90 199 144 169 145 218 126 116 72 166 137 122 51 104 157 145 150 84 89 147 35 42 22 124 149 165 51 147 162 178 177 54 160 116
98 49 32 50 81 38 33 115 134 83 48 133 78 131 28 172 38 102 64 130 94 163 114 111 97 49 75 68 118 154 76 166 109 73 181 80 81 55 108 48
53 95 135 81 91 147 120 28 117 52 95 29 83 146 151 149 118 106 191 158 50 160 80 156 138 95 198 192 217 171 58 140 183 61 170 88 79 153 58 170
150 104 83 96 137 82 54 162 135 131 103 181 99 116 28 166 94 106 25 109 127 149 130 87 83 104 25 21 64 133 115 162 68 112 167 136 136 27 134 76
70 38 57 15 69 67 30 81 106 50 36 100 44 112 57 146 47 74 97 115 55 141 79 101 83 38 105 99 135 138 37 139 112 34 158 66 62 66 70 85
17 63 103 57 55 115 101 10 130 23 62 28 80 153 128 167 85 110 168 162 52 173 92 156 136 63 177 171 205 179 46 158 176 47 186 51 43 137 69 138
183 144 129 128 178 129 84 190 126 162 142 209 113 97 73 147 137 106 62 85 146 126 135 65 72 144 49 54 22 105 140 146 32 138 143 175 174 47 146 123
136 96 86 81 129 88 36 144 108 115 94 163 74 92 32 140 91 79 51 86 104 124 104 65 57 96 50 48 69 111 95 136 55 92 143 127 125 1 109 89
69 60 87 30 84 98 48 69 81 46 58 87 19 95 82 121 75 53 120 101 27 120 50 93 73 60 125 121 144 121 18 113 113 17 136 80 73 79 39 116
55 48 79 19 69 91 52 59 95 32 46 77 34 109 83 135 65 67 123 116 29 134 62 106 87 48 130 124 153 136 10 127 125 7 150 65 59 87 47 110
120 131 159 102 148 170 109 103 36 102 129 113 60 72 142 64 148 47 175 86 58 76 24 94 81 131 175 173 171 91 77 54 129 80 85 144 135 125 38 186
94 48 39 43 81 46 24 109 125 77 46 128 68 122 29 163 41 92 68 122 86 154 105 104 89 48 78 72 117 146 68 157 104 65 173 79 79 51 99 58
49 10 43 39 24 55 72 72 149 45 12 87 86 159 85 189 25 119 120 163 81 187 117 149 131 10 133 125 174 185 61 181 157 58 204 23 25 106 100 78
176 144 138 123 177 141 82 179 97 153 142 197 96 66 85 115 143 81 87 53 129 93 111 34 46 144 77 80 46 73 128 115 3 126 110 174 171 52 126 140
61 81 116 56 91 128 85 47 83 45 79 61 44 109 119 119 101 67 158 119 11 126 45 117 98 81 163 158 178 134 28 110 143 32 139 87 79 116 22 148
180 139 124 125 173 124 80 187 127 159 138 206 111 99 68 149 133 105 57 87 144 128 134 67 73 139 44 49 25 108 137 148 35 135 146 171 169 43 145 118
161 160 180 130 183 189 120 148 19 140 158 160 82 37 148 21 173 51 173 52 97 28 57 69 66 160 168 168 149 47 112 14 104 114 38 179 172 122 79 200
168 119 88 118 149 83 79 183 166 152 118 202 128 147 47 196 103 137 7 139 154 179 160 117 114 119 17 12 74 162 140 193 93 136 197 148 150 58 163 68
150 116 111 96 149 115 54 154 91 127 114 172 74 69 60 118 115 67 72 61 107 101 96 39 37 116 66 67 60 85 103 116 31 101 119 146 143 26 107 116
140 90 62 90 121 58 56 156 151 124 89 174 105 137 21 185 76 120 22 132 129 170 140 110 103 90 36 28 89 156 114 181 95 110 189 120 122 46 140 49
179 178 197 148 202 205 136 166 38 159 176 178 101 45 162 6 190 69 185 56 116 19 75 76 77 178 179 180 154 42 131 12 110 132 20 198 191 134 98 216
100 61 40 90 62 38 103 125 197 101 63 138 135 200 95 237 44 165 116 201 136 231 169 183 168 61 132 123 184 225 115 230 181 112 249 65 73 127 155 52
74 95 130 70 106 142 95 57 75 59 94 68 49 104 129 109 115 64 167 116 22 118 37 116 98 95 171 167 183 128 42 100 145 46 129 102 93 123 16 161
22 32 73 34 34 85 78 41 131 13 32 58 72 148 101 171 54 105 140 154 56 172 95 144 125 32 150 144 183 174 39 162 159 37 188 30 21 115 76 108
158 108 79 107 139 75 69 173 158 141 107 191 117 140 36 189 94 128 4 133 143 173 151 111 107 108 20 12 76 157 129 186 90 126 191 138 140 50 153 62
197 157 140 142 190 139 98 204 138 176 155 223 127 107 84 156 149 119 68 94 160 134 148 76 85 157 52 59 8 112 154 156 40 152 150 188 187 61 160 131
103 54 18 77 70 11 80 126 179 97 55 141 118 179 68 218 32 147 89 178 125 210 154 159 145 54 105 97 157 202 105 212 155 101 228 71 77 101 143 28
83 78 104 48 101 115 57 77 63 60 76 94 9 80 92 103 93 36 128 88 25 103 32 82 63 78 131 128 143 106 31 95 107 32 119 97 90 83 27 131
36 18 56 38 19 67 77 59 146 34 19 75 84 158 94 185 37 117 130 163 74 185 111 150 132 18 142 135 181 185 54 177 162 52 201 16 14 113 94 91
123 86 62 115 85 56 125 149 222 126 88 161 160 223 112 261 69 190 126 223 161 254 194 204 190 86 142 135 198 247 141 254 199 137 272 88 97 145 180 60
66 66 96 36 86 107 58 63 78 44 64 80 21 96 92 118 83 53 131 104 16 119 44 97 78 66 136 131 153 122 15 110 120 16 134 82 74 89 30 125
94 113 146 86 125 157 105 76 61 79 111 85 55 94 139 92 132 59 176 107 38 103 29 111 95 113 178 175 183 116 59 83 143 62 113 121 113 129 21 176
10 50 89 59 31 100 103 35 151 30 51 45 95 170 124 189 70 127 162 178 73 193 113 168 149 50 173 166 208 197 60 180 184 59 207 28 21 140 92 123
197 156 139 142 190 138 98 205 139 176 155 224 128 109 83 158 149 120 66 96 161 136 150 77 86 156 51 57 8 115 154 158 42 152 152 188 187 61 161 130
56 8 39 25 42 51 54 75 135 44 6 93 72 142 69 174 23 104 106 146 72 171 104 131 114 8 118 111 157 168 51 167 139 48 188 39 38 89 90 74
12 41 82 43 35 93 88 32 135 14 41 48 78 153 111 174 63 110 150 161 58 176 98 151 132 41 160 154 193 180 43 165 168 42 191 31 22 124 77 117
63 62 93 33 82 104 58 60 82 41 60 78 24 99 91 121 80 56 130 107 17 122 47 100 80 62 135 131 154 126 11 113 122 13 138 78 71 89 33 123
200 160 145 145 194 145 100 206 134 178 159 225 127 103 89 152 154 117 74 90 160 129 147 72 82 160 59 66 8 107 155 152 36 153 145 192 190 64 160 138
86 101 133 73 115 145 92 71 61 69 99 82 43 91 126 95 120 52 163 103 26 104 24 104 87 101 166 163 173 115 47 86 134 50 116 111 103 117 8 163
130 136 161 106 156 171 106 116 20 111 134 127 61 56 138 50 151 39 169 71 67 61 27 80 69 136 168 166 159 75 84 41 116 87 70 152 144 118 48 185
106 103 125 72 126 135 71 98 38 84 101 113 25 57 104 78 116 15 136 68 44 78 17 67 50 103 137 134 138 83 55 70 98 57 93 122 115 87 33 149
157 142 152 114 171 159 89 152 40 135 140 167 70 10 111 60 149 39 131 13 98 43 66 23 25 142 125 126 104 34 105 58 59 106 61 167 161 81 87 167
150 98 62 104 125 54 76 168 174 136 97 186 126 161 43 208 79 143 31 155 147 194 161 134 127 98 47 40 104 180 130 204 116 126 213 125 128 70 159 36
161 111 81 111 142 76 74 177 163 145 111 195 122 145 40 194 96 133 5 137 148 177 156 115 111 111 21 13 78 161 134 191 94 130 196 141 143 55 157 62
24 29 68 42 21 79 84 48 144 26 30 63 84 160 104 184 49 118 141 166 70 185 109 154 136 29 153 146 189 186 52 175 168 50 200 16 8 121 89 103
130 126 145 95 150 154 86 121 16 109 124 135 48 36 116 55 138 17 144 49 67 54 31 55 43 126 142 141 133 60 80 48 90 81 69 146 139 93 53 166
154 155 176 124 177 185 117 140 14 133 152 152 77 41 146 26 168 47 172 56 90 36 49 71 66 155 168 168 152 54 105 18 107 107 46 173 165 121 72 197
95 55 35 83 58 34 97 120 191 95 56 134 128 194 90 231 38 159 113 195 130 225 162 177 162 55 128 120 180 219 109 224 176 106 243 61 68 121 149 50
127 80 43 103 93 32 100 151 202 123 81 166 142 198 81 240 58 169 91 196 151 230 178 176 164 80 107 99 163 221 131 234 167 127 249 95 101 114 168 25
112 100 117 70 127 126 58 108 44 89 98 124 25 51 89 83 111 12 120 58 54 78 35 53 34 100 120 118 120 77 60 77 81 60 95 123 117 70 48 138
67 27 46 16 60 57 36 81 118 49 25 100 56 124 57 158 35 86 96 126 63 153 90 112 94 27 105 99 140 149 44 151 120 40 170 57 55 71 80 76
169 167 185 136 191 193 124 158 28 149 165 170 89 34 150 17 178 57 173 47 106 18 66 66 66 167 168 168 145 38 120 16 101 122 29 187 180 123 89 204
75 29 22 57 43 30 75 99 165 71 31 114 103 170 75 205 13 134 105 172 104 200 136 155 139 29 120 112 167 195 83 198 157 80 218 44 49 103 123 54
186 143 123 131 176 122 86 195 140 165 141 214 121 113 68 163 134 118 49 101 153 142 146 81 86 143 34 41 24 122 145 162 49 143 159 174 173 50 156 113
165 145 152 118 176 158 89 161 55 142 143 178 78 21 107 71 151 50 123 10 108 51 79 12 24 145 115 117 90 35 113 70 46 113 69 172 167 75 99 163
179 131 106 125 164 102 83 191 156 160 130 210 126 133 55 183 119 130 24 123 156 164 156 101 102 131 8 16 50 145 144 181 73 141 182 162 163 52 162 90
40 47 84 27 60 96 67 42 105 17 46 61 47 122 97 144 68 80 136 130 30 146 69 122 102 47 144 139 170 149 12 135 141 12 161 56 48 103 50 117
82 101 135 75 113 147 98 64 69 66 100 75 50 99 132 102 121 61 169 112 27 112 33 113 96 101 173 169 182 123 47 93 143 51 123 109 100 124 14 166
125 137 165 107 154 176 114 108 36 107 135 117 66 72 148 60 154 51 180 87 64 74 29 96 84 137 180 178 174 91 83 51 131 86 82 149 141 130 44 192
195 154 136 140 187 135 95 203 139 174 152 222 127 110 81 159 146 119 63 97 159 137 149 78 86 154 47 54 11 116 153 159 43 150 154 185 184 59 160 127
129 101 105 77 133 111 42 132 74 106 99 150 50 59 62 106 104 46 86 57 83 92 73 38 25 101 83 82 84 81 81 102 50 79 111 130 126 34 83 117
185 182 199 152 207 208 138 173 43 164 180 184 105 43 163 13 194 72 184 53 121 13 81 74 77 182 178 179 150 37 136 20 107 137 13 203 195 134 104 217
101 50 22 58 79 25 45 119 147 88 49 137 89 144 34 185 34 114 64 142 104 176 126 123 110 50 78 70 125 167 85 179 119 81 194 79 81 65 119 36
114 62 30 70 91 28 51 132 153 101 62 150 98 147 30 190 45 121 53 144 115 179 135 124 113 62 68 60 118 169 97 185 116 93 198 91 93 63 129 29
179 173 189 143 199 197 127 168 38 158 171 181 97 30 151 23 184 63 171 40 116 5 77 61 65 173 164 166 137 26 129 26 94 130 22 195 188 122 100 206
203 157 133 149 190 129 105 215 166 184 156 234 145 138 81 188 146 143 50 126 176 167 171 106 111 157 35 43 35 146 166 187 72 163 183 189 189 71 180 116
213 169 147 158 203 145 114 222 162 193 168 241 148 132 94 181 159 142 67 119 180 158 172 100 109 169 51 59 21 136 173 181 65 170 174 201 200 78 182 133
40 12 52 31 27 64 69 62 140 33 12 78 77 151 86 179 33 110 124 156 70 178 106 143 125 12 135 128 173 177 50 171 153 47 194 24 22 105 89 87
137 125 139 95 152 147 78 130 30 114 123 146 50 25 104 63 134 18 130 35 76 53 46 37 25 125 126 126 115 52 85 58 71 85 71 148 142 78 66 157
100 49 26 55 80 30 40 117 142 85 48 135 85 139 31 180 35 109 64 137 100 171 121 118 105 49 77 69 123 162 82 174 115 78 189 79 80 61 115 41
42 22 53 48 12 64 84 67 157 44 24 81 94 168 97 196 35 128 132 173 85 195 123 160 142 22 145 138 186 195 66 188 169 63 212 11 16 119 105 87
116 73 62 62 107 65 21 128 117 97 71 147 70 107 15 152 67 85 52 104 95 140 104 84 72 73 58 52 91 129 82 147 79 78 158 105 104 25 104 69
54 26 46 55 18 55 86 79 165 56 28 93 102 175 95 205 30 135 128 179 96 203 132 164 147 26 141 134 186 201 76 197 171 73 220 20 27 119 115 79
184 149 139 130 182 140 87 189 112 162 147 207 108 81 83 130 145 95 79 68 141 108 125 50 60 149 67 71 31 87 138 130 14 136 125 180 177 53 139 137
117 81 59 110 78 54 121 142 217 119 82 154 155 219 111 257 64 185 127 220 156 250 189 201 187 81 143 135 198 244 135 250 197 132 268 81 90 143 175 61
194 148 124 139 181 121 96 205 158 174 147 224 135 131 72 181 137 134 43 120 166 160 162 99 103 148 27 35 34 140 156 180 67 153 178 179 179 61 170 109
181 159 161 133 190 166 100 179 72 158 157 195 95 36 112 81 162 69 122 21 125 58 97 20 39 159 113 116 79 36 130 83 37 129 74 187 182 79 117 169
148 128 136 101 158 142 73 145 52 125 126 162 62 28 93 77 134 37 113 26 92 61 67 15 7 128 107 108 91 50 96 75 48 96 80 155 149 63 85 149
184 178 193 148 204 201 131 174 43 163 176 186 102 34 154 24 188 68 174 42 121 1 82 63 68 178 167 168 138 25 134 29 95 135 18 200 193 125 105 209
56 14 37 45 27 48 73 80 155 53 16 95 92 163 83 195 19 125 117 167 88 192 123 152 134 14 130 122 173 189 68 187 158 65 209 27 31 106 108 72
100 58 32 85 64 29 95 125 191 99 59 139 129 193 86 231 39 159 107 193 132 224 164 175 161 58 123 115 175 218 112 224 172 108 242 66 74 118 151 43
98 57 56 43 91 63 7 109 109 78 56 128 55 105 31 147 56 76 70 105 77 137 91 87 72 57 77 71 108 129 63 141 90 60 156 89 87 40 88 73
71 21 22 48 43 33 66 93 156 64 22 109 93 160 70 195 4 124 102 162 95 190 126 146 130 21 116 108 161 186 74 188 149 70 208 42 46 96 113 56
86 50 58 31 83 67 13 96 103 66 48 115 45 104 43 142 54 71 83 106 65 135 82 89 73 50 90 84 119 129 50 136 97 47 153 80 77 50 77 81
94 54 55 40 88 62 9 105 109 75 52 124 53 106 34 147 54 76 73 107 75 138 90 89 74 54 80 75 111 131 60 141 93 56 156 85 83 43 86 74
17 69 109 71 52 120 115 19 148 37 69 24 98 171 140 184 90 128 179 180 70 191 110 173 154 69 189 183 220 197 63 176 193 64 204 49 42 152 87 144
124 82 72 69 116 75 25 134 112 104 81 153 70 100 21 146 77 81 51 96 98 132 102 75 65 82 54 50 82 120 86 142 69 83 151 114 112 15 105 78
187 175 185 146 203 192 122 179 53 165 172 193 101 25 142 46 182 68 157 25 125 21 89 47 57 175 149 151 117 3 135 50 75 136 36 199 193 110 111 198
96 77 94 48 106 103 38 96 67 72 75 114 15 72 71 106 87 35 106 77 47 101 48 66 47 77 108 105 120 98 45 100 86 44 118 102 97 59 51 116
45 34 69 12 54 81 56 54 110 23 32 73 48 124 83 150 54 82 123 130 41 149 76 119 100 34 132 126 161 150 21 142 135 17 166 50 44 92 60 102
196 190 205 160 216 212 142 184 54 174 188 197 113 44 165 27 200 80 183 50 132 12 92 72 79 190 176 177 144 29 145 34 102 147 9 212 205 135 115 220
43 84 125 72 81 137 112 18 118 41 84 25 79 145 142 152 107 104 182 156 46 161 80 153 134 84 189 184 211 171 50 143 178 53 173 77 68 146 57 159
154 153 173 123 177 182 113 142 13 134 151 154 75 34 141 28 165 44 167 49 90 32 50 65 60 153 163 163 145 48 105 21 101 107 44 172 165 116 73 193
91 110 143 83 122 155 103 72 64 75 108 82 54 96 138 95 129 60 174 109 35 106 30 112 96 110 177 174 183 119 56 86 144 59 116 118 109 128 19 174
180 151 149 128 184 153 90 181 88 157 149 198 97 54 97 103 152 77 102 41 129 80 107 26 42 151 91 95 57 59 130 103 15 129 97 181 177 64 124 153
129 80 40 100 96 28 93 152 196 123 80 168 137 191 72 233 57 163 81 188 148 223 173 168 156 80 97 89 153 213 128 227 158 124 242 97 103 105 165 16
175 155 160 128 185 166 97 171 62 152 153 188 88 26 113 73 159 60 126 11 118 50 88 17 34 155 118 120 87 30 123 73 44 123 67 182 177 81 108 170
102 51 13 73 70 5 74 124 173 95 52 140 113 172 62 212 29 141 84 171 121 204 148 153 139 51 99 91 151 196 101 206 148 97 222 71 76 94 138 26
160 124 116 106 158 119 63 165 101 138 123 184 86 76 62 126 121 79 68 66 119 107 108 44 47 124 59 61 48 89 114 124 25 112 125 155 153 30 119 118
148 129 138 102 159 145 75 145 48 125 127 161 61 25 96 73 136 35 117 24 91 57 65 17 10 129 111 112 95 47 96 71 51 96 76 156 150 67 83 152
101 112 142 83 129 153 95 86 46 83 110 98 45 78 129 80 130 43 164 91 39 89 13 94 79 112 165 163 168 101 58 71 127 61 100 125 116 116 19 170
94 107 137 78 122 148 92 80 52 76 105 91 42 82 126 86 124 45 162 95 33 95 16 97 81 107 164 161 169 106 52 77 129 55 107 118 110 114 13 166
186 159 157 135 191 161 98 186 87 163 157 203 102 52 105 99 160 79 110 38 134 75 109 27 46 159 99 103 62 53 136 100 22 135 91 188 184 72 127 162
42 82 122 69 79 134 109 18 116 39 81 27 76 143 139 150 104 101 179 154 44 159 78 151 132 82 186 181 208 168 47 141 175 50 171 76 67 143 55 157
45 90 131 79 84 143 120 19 125 48 90 19 87 153 150 158 113 112 190 164 55 168 87 161 143 90 197 192 220 178 59 149 187 62 179 80 72 154 64 166
71 119 160 108 109 171 148 47 139 77 119 34 111 170 179 167 141 131 218 183 78 181 103 182 164 119 226 220 245 194 86 158 210 89 189 106 98 181 83 195
39 22 60 18 40 72 61 55 124 23 20 73 62 137 84 164 43 96 123 142 54 163 91 130 112 22 133 127 167 164 34 156 144 31 179 37 31 98 74 95
138 97 85 83 130 87 38 147 113 117 95 166 78 96 30 145 91 84 46 90 108 129 108 69 62 97 45 43 68 115 98 141 57 95 148 128 127 5 114 86
32 31 70 23 43 82 68 45 121 13 30 64 60 136 93 160 53 94 132 143 48 161 86 132 113 31 141 135 173 163 29 152 148 26 177 39 32 104 67 105
