250 50
196 242 190 187 307 208 187 84 293 147 252 200 200 209 60 65 181 224 296 150 335 76 237 338 134 240 338 342 247 304 194 171 152 253 367 102 411 223 308 462 93 261 134 214 134 119 195 455 162 247
32 34 40 34 18 48 25 46 23 16 26 28 32 14 22 35 16 24 14 15 19 38 45 32 36 15 25 31 21 43 13 14 26 14 22 14 34 38 24 46 40 19 22 17 11 18 41 34 28 27 14 15 21 26 20 45 11 17 26 37 13 44 23 40 33 15 50 27 32 17 38 29 11 18 34 29 45 10 19 33 22 24 30 25 16 33 49 19 45 36 49 30 45 46 13 50 34 14 25 17 44 25 10 49 11 27 38 40 20 25 30 13 50 30 16 15 36 22 41 28 37 34 40 37 18 21 34 43 43 21 18 28 28 38 14 15 41 10 29 36 17 20 13 36 34 25 11 16 26 19 33 26 26 23 37 41 37 36 19 48 23 17 23 44 22 29 34 29 25 48 10 48 23 10 48 20 38 28 32 38 26 40 17 10 40 29 31 28 47 50 15 25 41 28 32 31 11 36 26 24 41 39 34 16 10 22 43 28 42 10 20 20 48 13 41 11 16 49 37 29 36 26 48 31 23 41 10 38 34 41 14 45 20 43 35 10 40 37 28 12 48 10 18 10 29 31 32 28 26 31
201 290 365 313 424 222 345 144 437 231 387 348 277 307 106 106 346 372 369 185 394 123 326 468 134 321 353 367 472 475 371 229 190 474 464 131 485 373 411 498 158 385 204 225 165 161 332 466 249 269
198 183 156 206 114 173 139 148 144 48 160 115 149 71 157 139 205 210 168 40 161 40 78 143 175 59 41 106 99 160 140 13 226 184 46 38 67 150 153 32 198 202 42 69 189 172 153 100 155 48
223 185 192 174 151 142 96 179 187 86 155 128 195 119 203 154 177 210 201 93 122 88 98 135 160 95 26 122 152 199 168 44 215 181 75 43 25 183 178 57 227 193 86 113 206 200 133 128 194 54
135 45 154 83 138 66 107 131 177 139 19 75 193 167 198 76 65 61 147 186 93 159 104 25 15 133 140 85 207 166 115 157 59 31 130 191 134 137 111 137 149 35 150 151 100 131 35 113 165 120
68 106 30 207 23 181 189 15 50 85 109 60 65 78 70 52 192 127 36 120 193 97 68 112 143 74 139 56 102 41 16 132 165 118 92 171 157 17 29 110 65 145 92 69 72 40 144 37 38 112
28 110 34 228 69 207 225 33 67 133 126 95 79 123 79 75 211 122 16 166 225 144 114 136 160 122 186 95 139 41 45 180 167 126 140 219 202 32 38 158 18 152 140 116 55 15 170 84 44 159
254 205 227 170 186 142 87 213 223 123 174 156 232 156 240 182 178 229 235 129 115 125 131 152 172 131 61 152 188 234 200 81 227 199 111 68 43 216 210 94 259 206 123 149 234 232 142 162 230 87
56 44 82 162 85 143 170 61 113 123 61 54 128 133 131 29 144 62 71 168 165 141 90 74 94 113 157 62 164 95 49 162 103 59 122 201 166 67 39 138 69 85 133 120 25 53 107 74 95 130
161 93 158 93 128 61 64 137 171 102 61 68 185 137 192 87 88 116 157 143 65 119 74 40 61 99 84 73 178 169 121 106 116 85 89 135 76 142 124 90 171 94 111 122 133 147 35 98 166 70
207 135 201 86 168 55 18 181 211 127 102 113 224 165 231 133 92 155 202 160 34 141 110 82 90 129 86 115 206 212 165 113 145 125 113 131 64 186 169 106 217 126 135 152 179 193 60 138 208 86
102 103 71 181 34 151 151 56 78 50 93 35 91 61 98 48 169 128 77 93 158 66 27 88 123 38 98 25 98 80 44 93 158 111 52 133 116 59 57 70 103 136 59 46 93 77 117 5 76 71
102 40 149 140 154 136 182 129 181 184 70 110 196 200 199 92 119 15 134 231 166 203 148 91 82 175 204 121 233 161 119 215 50 45 180 253 204 134 107 192 119 50 195 186 70 115 110 140 161 179
164 201 103 275 81 243 227 112 72 83 194 136 67 46 73 144 266 225 121 67 242 72 109 187 222 84 139 125 6 99 117 114 258 210 98 136 165 110 131 108 155 236 77 61 174 136 212 98 95 125
162 215 101 299 93 269 257 116 67 114 212 155 55 76 58 158 289 236 119 101 270 104 134 208 243 112 171 145 40 93 126 147 273 226 128 170 198 112 138 140 150 252 109 88 179 137 235 117 90 156
180 85 204 44 189 50 107 182 228 184 70 125 244 215 249 127 22 87 196 229 83 203 150 72 37 179 171 135 255 217 166 193 53 69 173 222 159 188 161 177 195 48 195 199 144 179 53 163 215 157
80 16 117 140 119 128 165 97 148 149 48 75 163 164 167 56 120 26 105 195 154 167 113 68 73 139 173 85 198 130 85 182 69 32 145 220 176 102 74 158 96 55 160 150 45 86 95 104 130 147
212 130 215 53 186 26 31 194 229 154 98 126 243 191 250 142 62 144 214 190 8 170 131 82 76 154 118 131 233 227 177 145 125 116 140 164 97 199 179 136 224 110 163 177 180 202 51 156 224 116
75 20 112 145 115 131 167 92 143 147 50 73 159 161 162 53 124 31 100 193 157 165 111 70 77 137 172 83 194 125 80 181 74 36 143 219 176 97 69 157 91 60 158 147 40 81 98 101 125 146
65 64 67 168 59 144 162 44 92 96 68 33 108 105 112 11 152 86 61 140 161 113 64 73 102 85 135 38 137 80 28 136 123 76 96 176 146 50 26 112 73 103 106 92 47 49 107 46 78 107
172 149 138 175 96 142 115 126 133 33 125 83 142 70 150 107 172 175 147 60 134 42 47 108 141 41 29 75 108 145 115 26 191 149 21 65 54 129 127 6 174 167 36 60 159 148 119 75 140 15
180 87 211 59 199 71 128 189 237 200 79 137 252 229 257 135 38 82 201 246 103 219 165 86 50 194 191 147 269 224 173 212 40 71 190 242 179 194 167 195 196 46 211 213 145 183 72 175 222 176
130 65 131 106 107 79 95 110 149 98 35 42 163 127 170 57 95 90 129 144 92 117 63 17 52 92 100 50 168 143 93 116 100 61 88 151 99 115 94 95 140 76 109 112 101 117 42 78 141 79
215 198 172 213 130 181 142 164 158 64 173 131 163 85 171 154 213 224 184 48 165 55 94 156 187 76 46 122 109 176 156 23 239 198 62 22 69 166 170 46 214 215 58 84 205 188 163 116 171 60
171 121 153 127 117 93 72 136 159 73 91 72 171 110 179 97 124 146 157 109 86 88 57 71 99 74 46 71 151 163 121 68 152 117 58 97 43 140 128 54 178 129 81 97 148 152 73 88 159 34
132 128 94 186 52 155 143 83 91 19 112 57 101 43 109 76 178 154 104 64 155 36 22 101 137 8 73 46 84 101 74 63 179 133 23 103 94 86 87 42 133 156 29 28 124 106 124 34 96 48
77 154 30 264 64 239 247 52 32 129 164 119 36 105 33 107 248 169 39 149 252 133 123 169 198 119 189 114 106 17 68 176 212 168 139 211 210 46 72 157 62 195 132 105 103 59 202 92 21 164
60 104 26 208 30 183 193 7 51 93 109 63 67 86 71 52 193 123 29 128 196 104 75 113 143 82 146 60 108 38 13 139 163 117 99 178 164 11 24 117 57 144 100 77 66 32 146 44 36 119
107 169 48 268 55 240 240 66 14 107 173 120 2 77 10 116 254 189 65 118 248 107 112 173 206 100 169 112 70 38 79 152 229 182 120 184 193 61 88 136 95 209 108 81 127 83 204 85 36 147
175 89 185 52 162 25 66 163 204 144 59 98 219 178 225 109 44 103 181 187 49 162 114 47 35 141 125 105 219 198 147 148 87 75 132 175 111 169 146 133 188 70 154 163 142 167 13 133 195 113
108 133 59 214 18 185 180 55 51 51 127 69 62 38 70 76 203 157 72 80 190 58 53 122 157 42 112 59 67 63 53 98 190 142 62 135 134 55 68 80 104 168 55 30 110 80 150 31 58 88
57 105 118 226 147 216 253 111 151 203 136 141 163 202 162 115 205 97 100 243 243 218 174 155 161 192 244 147 222 125 112 246 139 120 205 285 253 112 98 222 68 136 212 192 63 85 184 151 128 216
103 27 121 115 109 96 127 99 146 122 14 50 162 144 167 45 98 53 114 169 119 141 85 30 47 114 136 61 182 134 83 149 74 27 115 186 137 105 79 126 117 51 133 129 70 98 60 86 133 113
67 48 118 168 130 158 197 101 151 171 80 100 166 181 168 77 147 40 102 216 185 189 137 100 103 161 201 109 210 129 93 208 85 62 169 247 206 105 80 184 83 78 182 168 38 82 127 122 130 175
150 194 89 275 72 244 232 100 57 89 190 132 50 51 55 137 265 217 107 81 246 81 110 184 220 87 148 122 22 83 107 125 252 204 104 150 174 97 120 116 140 230 84 64 163 123 211 94 79 132
185 104 189 60 161 27 47 168 205 136 72 100 219 171 225 115 59 121 187 175 35 152 109 55 54 134 109 105 213 201 151 134 108 92 122 158 93 173 152 121 197 90 145 156 154 175 26 132 198 101
90 11 127 132 127 121 161 106 157 154 44 80 173 171 176 63 111 18 115 201 148 173 117 65 66 144 174 90 205 139 93 185 59 24 149 222 175 111 83 162 106 45 165 156 55 96 90 111 139 149
111 43 157 134 161 131 179 137 189 189 70 114 204 206 207 98 112 17 143 235 162 207 152 91 78 179 205 125 240 169 126 218 41 45 183 255 204 142 115 195 128 44 199 191 79 123 107 146 169 182
78 151 25 259 57 234 241 47 25 121 159 113 32 98 30 103 244 167 38 141 245 126 116 164 193 112 181 108 100 12 64 168 210 165 132 203 203 42 69 149 64 192 124 97 102 57 197 85 15 157
18 113 58 235 93 217 240 57 89 157 134 112 100 148 99 89 216 120 40 191 237 169 135 147 167 146 208 114 163 63 66 203 165 129 162 242 223 56 56 181 7 153 164 141 54 34 180 106 66 180
248 216 212 204 170 173 124 201 202 103 187 156 208 129 216 181 209 242 222 94 151 99 123 167 193 113 53 149 155 217 191 55 248 213 95 26 57 204 203 77 250 225 99 127 234 224 165 151 212 80
110 112 74 185 35 155 151 61 77 41 101 43 90 52 98 57 174 137 83 84 160 57 24 94 129 30 92 32 90 83 52 86 166 119 45 125 111 64 65 63 110 143 50 37 102 84 121 11 78 66
60 88 43 191 38 167 179 21 67 90 92 48 83 91 88 35 176 108 41 130 181 104 66 96 126 79 139 47 118 55 4 135 147 100 94 175 154 27 15 112 62 127 99 79 57 35 129 38 54 111
28 110 83 234 117 219 248 80 116 178 136 125 126 172 125 100 214 111 65 214 242 191 153 152 166 166 225 129 188 89 86 223 156 126 182 262 238 80 73 200 32 147 186 164 53 55 184 126 93 197
236 185 211 154 171 124 72 196 210 110 154 138 219 145 227 163 161 209 218 123 100 115 114 132 152 117 48 134 180 219 183 72 208 179 97 71 25 200 192 81 241 186 112 137 214 215 123 146 215 71
181 120 169 106 135 73 51 150 178 95 87 83 190 132 198 106 106 142 171 130 64 110 76 66 87 95 62 84 173 180 134 87 142 112 80 112 49 155 140 76 189 120 103 119 155 164 59 105 176 56
167 138 136 162 96 129 105 123 135 39 112 74 145 77 153 99 159 164 144 73 122 52 41 95 128 43 31 66 117 144 111 37 178 137 24 75 50 126 121 18 170 154 45 66 151 143 106 72 140 4
122 187 64 285 72 257 255 83 32 119 190 137 16 86 14 134 272 206 80 124 264 117 127 190 223 113 181 129 69 53 96 162 246 200 133 192 206 78 105 148 108 227 118 92 144 99 221 102 51 160
70 67 67 167 55 143 158 45 91 90 68 28 106 100 111 11 152 90 63 134 158 107 58 72 102 79 129 32 133 80 28 130 126 78 90 170 141 51 29 106 77 105 100 86 53 52 106 40 78 101
156 159 110 211 69 178 158 104 97 16 142 88 103 26 111 107 204 185 123 34 174 7 52 130 166 23 71 77 64 114 99 51 210 164 30 85 97 105 113 39 154 186 8 22 152 129 150 61 109 56
80 70 137 182 154 177 219 122 171 198 103 127 185 206 186 103 161 53 120 242 205 215 164 124 122 187 228 136 234 148 117 235 91 81 196 274 232 126 103 211 96 92 208 194 60 101 148 148 149 202
154 168 102 228 64 196 177 100 84 34 154 98 88 9 96 113 221 193 117 35 193 23 65 144 180 36 90 86 45 104 98 68 221 174 49 98 117 100 113 59 150 198 27 19 154 126 166 65 99 76
152 114 130 143 92 111 96 113 134 52 88 55 147 88 154 80 138 140 135 93 108 69 33 71 104 51 50 50 130 139 99 62 154 113 38 98 59 117 108 41 157 130 61 74 132 131 84 64 135 25
109 91 88 160 55 130 132 70 98 54 76 20 112 76 119 42 149 117 92 101 138 73 19 68 104 45 89 9 115 98 55 90 143 96 51 130 102 74 64 67 114 119 65 60 93 87 96 25 95 61
97 69 89 148 65 121 132 68 107 77 57 2 121 96 128 23 135 95 88 123 134 95 40 53 87 67 105 13 134 101 51 110 122 75 72 150 115 73 56 87 104 99 87 81 76 79 85 39 98 78
164 174 113 228 74 196 174 111 95 34 159 103 99 21 107 120 222 200 128 23 191 17 68 147 183 39 83 92 49 115 108 59 226 180 47 87 110 111 122 53 161 202 24 28 163 136 167 73 110 72
147 205 87 295 85 266 258 103 53 116 205 148 39 79 40 150 284 225 104 111 270 110 132 202 236 113 177 139 51 77 114 154 264 217 131 180 203 99 126 144 134 243 113 90 166 123 231 111 75 159
163 102 155 104 122 72 64 135 166 91 70 67 179 127 186 89 100 125 156 131 71 108 66 49 74 89 71 69 168 166 119 93 128 95 77 122 64 140 124 77 172 106 100 112 137 147 48 93 162 57
76 110 35 206 15 179 185 23 49 77 110 58 64 70 70 54 192 131 44 111 190 88 62 111 143 66 132 52 95 45 22 124 169 121 84 162 151 25 36 102 74 148 83 61 79 48 143 30 41 105
39 118 24 234 62 211 227 30 56 128 132 96 68 116 68 79 217 132 8 159 228 138 112 140 166 117 183 95 129 30 44 175 176 133 135 214 200 26 41 154 28 160 134 110 65 21 174 81 33 156
70 88 50 186 35 160 170 29 70 81 88 40 86 84 91 32 171 110 50 122 173 96 56 90 122 70 128 37 114 62 14 125 146 99 84 165 144 34 25 102 73 126 90 72 64 46 123 29 59 101
209 115 233 26 216 52 107 211 256 206 98 151 271 238 277 155 17 115 226 248 80 224 174 98 65 201 185 161 279 246 194 209 76 99 193 234 169 216 190 195 225 77 216 223 174 209 72 189 244 175
163 70 194 68 184 74 129 172 221 188 64 122 236 215 241 119 47 66 184 234 106 207 152 73 39 182 183 133 255 207 157 203 28 54 178 235 174 178 150 184 179 29 199 200 128 166 66 160 206 166
80 142 19 245 39 219 224 37 15 103 147 98 30 81 33 90 230 160 37 125 229 108 98 150 181 93 163 92 88 14 52 150 201 155 113 186 184 32 60 131 69 182 106 79 98 55 182 68 9 138
126 170 65 255 47 225 218 75 36 79 166 109 35 45 43 113 244 192 83 85 229 76 92 163 197 73 140 100 40 61 82 121 228 180 93 151 165 72 95 107 116 207 77 51 138 98 191 72 57 121
128 114 97 171 57 140 131 82 99 31 97 44 111 58 118 65 163 141 104 78 142 50 6 86 121 23 71 33 100 105 71 68 164 118 28 108 89 86 82 45 130 140 42 43 115 103 108 31 101 44
169 148 133 178 91 145 119 122 128 28 124 80 137 65 145 105 174 174 143 57 137 37 44 108 141 36 34 72 103 140 111 28 191 148 16 67 59 124 123 4 170 167 32 55 156 144 121 71 135 18
72 86 53 183 36 157 167 32 72 79 86 37 88 84 93 30 169 109 53 121 170 94 54 88 119 68 126 34 115 65 16 123 145 97 82 163 141 37 27 100 75 124 88 71 65 48 120 27 62 98
142 152 93 214 52 182 166 89 80 24 138 81 87 16 95 97 206 177 107 46 181 24 49 128 164 22 85 70 57 97 85 67 205 158 38 102 110 89 99 52 139 181 23 5 139 114 151 49 92 66
218 145 212 86 178 58 8 192 221 136 112 124 234 174 241 144 95 164 213 167 32 149 120 93 98 138 91 126 214 223 176 119 152 134 121 133 67 197 180 114 228 134 143 161 189 204 69 149 219 94
202 168 170 171 128 138 99 157 165 64 140 108 173 99 182 133 172 193 178 78 123 68 76 120 149 73 4 101 133 177 145 27 203 165 53 47 28 160 156 35 205 179 65 91 185 178 123 106 172 32
163 113 146 126 110 93 76 128 153 71 84 64 165 108 173 89 122 138 150 110 89 87 51 64 93 70 52 63 149 156 113 72 146 109 57 103 52 133 120 56 169 123 79 94 140 143 69 81 152 36
198 129 191 91 157 59 29 171 200 117 96 103 213 154 220 124 95 150 192 150 43 131 99 76 88 118 77 105 195 201 155 104 143 120 102 124 58 176 160 96 208 123 124 141 171 183 57 127 198 76
219 129 230 23 205 21 61 208 248 181 102 142 262 216 269 153 38 139 226 219 33 197 154 91 72 179 149 149 258 242 191 175 110 114 167 195 129 214 191 164 232 101 190 202 185 212 58 176 240 144
137 61 145 90 123 65 91 123 164 115 28 58 179 145 185 68 78 82 141 160 83 134 81 7 35 109 112 67 186 157 106 130 86 52 104 163 108 129 106 110 149 63 126 129 106 128 28 95 155 93
134 197 75 293 80 264 260 94 43 121 199 145 27 86 26 143 280 217 92 122 270 117 133 199 232 116 183 137 64 65 107 162 257 210 135 190 208 89 116 150 120 237 119 94 155 111 229 109 63 163
157 205 96 286 82 256 243 109 63 100 201 143 53 62 58 148 276 227 114 88 257 90 121 196 231 98 157 133 27 89 117 134 263 215 114 157 184 105 130 126 146 241 95 75 172 131 223 105 86 142
91 134 34 229 16 201 202 38 27 78 134 80 41 59 48 79 215 156 50 103 209 84 75 134 167 68 138 73 75 37 45 125 193 146 88 161 160 36 58 106 84 173 81 55 100 63 165 46 32 114
214 177 182 171 141 139 96 169 177 77 148 119 186 110 194 144 174 202 191 86 121 80 89 128 155 85 16 113 144 189 158 36 209 173 65 44 23 173 169 48 217 186 77 103 197 190 127 119 184 44
213 119 234 17 216 45 99 212 257 203 100 151 272 236 278 157 16 121 228 245 72 220 172 97 66 199 180 160 277 247 196 205 84 103 190 229 162 218 192 191 228 82 212 220 178 211 69 188 245 171
224 189 191 181 149 149 104 179 184 84 160 130 192 115 200 156 184 214 200 87 130 84 99 140 166 93 27 124 146 197 168 39 221 185 74 35 32 182 179 55 227 198 83 109 208 200 139 128 193 55
234 168 220 113 183 86 30 202 225 133 135 136 237 170 245 159 123 188 224 156 58 143 124 114 125 137 78 136 209 230 187 106 179 158 118 113 51 207 193 106 242 160 137 159 207 217 94 155 226 90
155 179 98 246 66 214 197 101 74 54 169 111 75 17 83 123 238 204 115 45 213 43 82 160 196 54 110 100 25 97 102 86 235 187 69 113 137 100 117 79 148 212 47 33 159 127 184 75 93 96
99 20 120 119 110 101 134 98 147 127 18 54 162 148 167 45 101 46 112 174 125 146 90 36 50 118 143 65 185 133 83 155 71 23 121 192 144 104 77 132 113 49 138 133 65 95 66 89 132 119
231 206 192 208 150 176 132 183 180 83 179 143 186 107 194 167 210 232 203 71 157 77 107 160 189 94 45 135 132 196 173 36 243 205 77 7 59 185 186 59 232 219 78 105 219 206 163 133 191 68
151 196 90 278 74 247 235 101 57 92 192 134 49 54 54 140 268 219 108 84 249 84 113 187 222 90 151 124 25 83 109 128 254 207 107 153 177 98 122 119 140 233 88 67 164 124 214 96 80 135
89 161 35 267 60 241 246 57 21 121 168 120 22 95 19 111 252 178 49 138 251 124 119 171 202 112 182 114 92 22 72 167 220 175 133 202 205 51 79 150 75 202 123 96 113 68 204 89 23 158
83 112 144 227 171 221 262 135 177 224 145 158 189 226 188 133 206 98 126 266 249 240 193 165 166 213 262 166 247 151 135 265 135 125 225 305 269 137 121 241 94 137 233 215 82 110 191 172 154 234
127 40 145 91 129 73 110 122 168 132 10 66 183 159 189 67 74 59 138 179 98 151 96 19 24 125 135 76 198 157 106 152 64 29 123 186 131 128 102 131 141 40 143 143 93 122 39 104 156 115
81 46 132 160 143 153 195 115 165 180 79 107 180 192 182 86 139 30 117 226 181 198 145 100 98 170 206 117 223 144 106 215 72 57 177 254 209 119 93 191 98 69 191 179 52 97 123 133 145 181
111 64 109 129 84 102 114 87 126 84 43 20 141 110 147 37 116 90 107 131 114 104 48 35 70 77 101 28 149 120 70 111 110 65 77 149 106 93 73 88 120 86 96 94 86 96 65 57 118 76
50 75 52 185 54 162 179 30 80 103 84 50 96 106 100 29 168 94 44 144 179 119 76 91 118 92 148 52 134 65 17 147 134 88 106 186 161 35 9 123 56 115 112 95 41 31 125 51 64 120
149 136 113 181 71 149 131 101 108 13 116 66 118 51 126 89 175 163 122 58 146 31 28 103 138 16 54 56 92 119 91 46 184 139 5 86 77 104 104 23 150 160 23 38 138 124 121 51 115 31
27 121 53 243 91 224 245 56 83 156 142 116 93 145 91 94 224 129 37 188 243 167 137 153 174 145 209 117 157 56 68 203 174 137 163 242 225 54 59 181 11 162 163 139 63 36 187 107 60 182
109 92 87 161 54 132 133 69 97 54 77 21 111 75 118 42 150 118 91 100 139 72 18 70 105 44 89 10 114 97 55 90 144 97 51 130 103 74 64 66 113 121 64 59 93 86 97 24 94 61
9 86 68 210 94 193 220 58 102 152 110 96 115 150 116 72 191 93 50 191 215 166 125 124 142 141 197 100 170 77 60 196 138 103 155 236 209 60 46 173 26 126 160 140 28 33 157 100 80 169
146 207 87 299 88 270 263 105 53 122 208 152 39 85 39 152 287 227 104 117 274 116 137 206 240 118 182 143 57 77 116 160 266 219 136 186 208 100 127 150 133 246 119 95 167 123 235 115 75 165
104 145 46 235 23 206 203 51 28 72 143 87 39 48 46 89 222 167 63 92 212 76 76 141 175 64 134 78 62 46 57 119 204 156 84 153 157 49 70 101 96 182 74 47 113 76 171 50 41 111
60 132 11 243 53 219 230 32 37 119 143 100 48 102 48 87 227 148 18 146 233 127 109 149 177 109 177 96 111 10 48 167 191 147 128 204 197 26 51 147 47 174 124 98 83 38 182 77 14 151
218 128 229 23 204 19 60 207 246 179 101 140 261 215 268 152 38 138 225 218 32 196 153 90 71 177 147 147 257 241 190 174 110 113 165 194 127 213 190 163 231 100 188 200 184 211 57 175 238 143
142 194 81 281 72 251 242 95 47 100 192 135 37 63 42 138 269 215 99 96 254 93 117 188 223 96 160 125 38 74 104 138 252 205 114 165 186 91 116 128 131 231 97 73 158 116 217 97 70 143
133 159 78 232 43 201 189 79 59 48 150 92 64 15 72 102 222 183 94 59 202 45 66 143 178 44 109 81 41 79 80 90 215 167 62 122 134 79 95 76 128 192 46 21 137 105 169 55 74 90
215 121 237 20 219 49 103 215 260 206 103 154 275 240 281 160 19 122 230 249 75 224 175 101 69 203 184 163 281 250 199 209 84 105 194 233 166 221 195 195 230 83 216 224 180 214 73 192 248 175
137 114 110 161 71 129 117 95 113 35 93 46 125 69 132 70 153 141 116 81 129 54 13 79 114 31 60 38 110 119 82 62 161 116 26 102 76 98 92 38 141 137 46 54 122 114 99 44 114 32
184 90 212 49 199 63 120 190 238 197 79 136 253 227 258 136 29 88 204 242 95 216 163 84 48 192 185 146 267 225 175 207 48 74 186 236 172 196 169 190 200 50 208 211 149 186 66 174 224 171
141 53 158 77 141 59 100 136 181 139 25 77 196 167 202 80 61 68 152 184 85 158 103 24 12 132 135 86 208 171 119 154 63 39 128 187 129 142 116 135 155 41 149 152 107 136 27 114 169 117
89 34 136 146 142 139 182 116 168 175 66 100 183 189 186 81 124 16 121 221 167 193 139 88 84 165 197 111 221 147 106 207 60 44 171 245 198 121 94 184 106 55 185 175 57 102 110 129 148 172
172 145 140 169 98 136 109 127 137 38 121 81 146 75 154 106 166 172 148 67 127 48 47 103 135 44 27 73 114 147 116 29 186 145 24 67 49 130 127 12 175 162 42 65 157 148 114 76 142 9
195 131 184 102 149 70 38 165 192 106 98 98 204 144 212 121 105 153 186 139 55 120 90 77 93 108 66 99 185 194 149 93 149 122 92 113 47 170 155 85 204 128 113 131 169 179 64 120 191 65
46 105 107 228 137 216 251 100 140 194 135 134 151 192 150 109 207 100 88 233 242 208 166 153 162 183 237 140 211 113 103 238 143 120 197 277 247 101 89 214 56 138 203 183 57 75 183 142 117 209
158 192 99 265 73 233 217 106 70 74 184 126 66 36 73 136 256 216 116 60 232 63 99 177 213 74 130 115 7 95 110 106 249 201 89 130 157 104 124 99 150 226 68 51 167 130 202 89 91 116
186 139 165 136 126 103 71 148 167 74 109 88 178 112 186 113 136 164 170 103 91 86 67 89 115 78 32 85 151 174 134 57 169 135 59 82 25 153 143 50 192 146 80 100 165 166 88 99 169 31
111 117 72 191 31 161 157 61 73 40 107 49 85 47 92 62 181 143 82 80 166 54 29 100 136 28 94 38 84 80 53 86 172 125 46 125 114 63 66 64 111 149 48 32 105 84 127 14 75 68
69 40 87 151 82 131 156 65 115 114 50 42 130 127 135 19 134 63 78 159 151 132 79 61 83 103 144 51 161 100 51 150 100 53 111 189 152 71 44 126 81 80 124 113 40 62 94 67 99 117
208 155 187 133 148 102 58 171 189 94 123 109 200 131 208 134 137 178 192 117 82 103 90 102 123 98 40 107 170 196 156 68 179 148 79 82 16 175 165 67 214 157 98 121 185 188 94 121 192 51
37 86 98 210 124 197 231 88 132 178 116 116 145 179 145 91 189 83 80 219 222 193 149 133 143 167 219 122 201 106 88 221 128 102 180 260 229 90 74 197 51 121 187 168 38 64 164 126 109 192
79 26 102 139 96 120 150 80 130 122 37 48 145 139 150 31 121 50 93 169 142 141 86 52 70 113 147 59 174 115 65 155 85 38 118 194 152 86 58 132 93 65 133 124 46 76 84 79 114 121
128 147 77 219 38 188 177 74 64 38 137 79 71 18 79 91 209 172 92 60 189 40 53 130 165 32 100 68 54 80 72 83 202 155 51 118 124 75 87 67 124 179 39 12 129 100 155 43 75 79
30 87 43 204 62 182 202 27 76 121 102 72 90 118 93 51 186 102 28 158 200 134 96 111 136 109 169 74 140 54 28 166 145 102 125 205 183 30 16 142 34 129 129 108 37 10 145 69 55 141
21 112 71 236 106 219 245 69 103 168 136 119 113 161 112 96 216 116 53 203 241 180 145 150 167 157 217 122 176 76 77 214 161 128 173 253 231 69 65 191 20 151 176 153 53 45 183 117 80 190
181 92 194 41 172 20 72 172 214 156 64 108 229 190 235 117 32 103 189 199 51 174 126 55 35 153 136 116 231 207 155 160 82 77 144 187 122 178 154 145 194 67 166 174 147 175 23 144 204 125
96 6 124 122 119 108 145 103 153 140 28 66 168 159 172 53 103 32 114 187 134 159 103 48 54 131 157 77 195 137 88 169 62 16 134 206 158 108 81 146 111 42 151 145 60 96 75 100 136 133
96 24 138 133 140 126 169 117 169 168 55 94 184 185 187 77 112 6 124 215 154 187 131 76 71 158 187 104 219 150 106 198 51 31 163 236 187 122 95 175 113 43 179 170 62 105 97 125 150 163
189 196 137 241 99 208 180 135 116 51 179 125 118 44 126 144 236 222 152 6 199 32 88 165 200 60 84 114 57 138 133 56 246 200 61 73 111 136 147 60 185 222 40 52 188 161 182 97 133 80
58 66 62 173 58 151 169 40 89 101 73 40 105 108 109 18 157 87 55 144 167 117 70 80 107 89 141 44 138 75 25 142 125 79 101 182 153 46 20 118 66 106 110 95 42 42 113 49 74 113
201 130 195 86 162 55 24 175 205 122 97 107 218 160 225 127 91 150 196 156 38 137 104 77 87 123 83 109 201 206 159 110 141 120 108 129 62 180 163 102 211 122 130 147 173 187 56 132 202 82
32 77 91 201 114 188 220 80 126 168 106 105 139 169 139 79 181 77 74 209 212 183 138 123 134 156 208 111 192 101 78 210 122 93 169 249 217 82 64 186 48 114 177 158 27 56 153 115 103 180
24 71 73 194 92 177 205 58 107 145 94 84 121 146 122 59 175 78 56 185 199 160 115 109 125 133 186 89 170 83 55 187 124 87 146 227 197 61 41 163 40 111 154 135 12 37 141 92 85 158
152 67 165 70 144 47 85 142 185 134 36 79 200 165 206 87 57 83 160 179 71 153 101 26 20 129 125 88 206 177 126 145 75 54 123 176 116 148 124 127 165 54 145 150 119 145 13 116 175 109
65 35 110 159 118 147 183 91 142 156 66 84 157 167 160 61 139 37 95 201 173 174 122 86 92 146 185 93 198 121 82 192 82 51 154 231 190 95 69 169 82 72 167 154 31 75 114 108 122 159
165 125 142 142 104 109 87 126 146 57 97 68 157 94 165 93 139 150 148 93 103 71 45 78 109 58 38 64 135 151 112 55 161 122 42 89 46 130 121 39 171 138 64 81 145 144 86 77 147 19
69 80 129 196 150 189 229 116 163 198 112 129 176 203 177 104 175 67 111 241 217 214 165 133 134 187 232 137 229 138 113 237 107 93 197 276 238 119 98 213 85 106 208 191 56 93 158 147 141 205
121 30 156 104 151 98 146 134 184 167 42 95 200 189 204 85 83 25 144 214 129 187 130 61 45 159 177 106 226 168 120 192 30 18 160 227 173 140 112 170 137 14 178 174 86 126 74 131 168 155
159 167 110 221 70 189 168 106 93 27 152 96 98 20 106 114 215 193 124 28 185 12 61 140 176 32 80 85 54 112 102 57 219 172 40 88 106 107 117 48 156 195 18 22 157 131 160 67 107 66
39 70 57 186 66 165 187 37 88 117 84 60 103 119 106 36 169 87 45 158 184 132 88 95 118 105 160 63 146 69 29 160 129 85 119 199 172 42 15 136 48 112 126 108 28 27 128 64 69 132
85 98 55 187 26 160 164 38 68 66 94 39 82 69 89 41 174 122 60 106 170 80 44 92 126 54 115 32 102 65 27 110 156 108 70 150 133 42 40 88 86 134 74 57 79 59 123 13 62 88
173 79 197 49 182 51 107 174 221 178 63 118 237 208 242 120 27 81 189 223 84 197 144 65 30 173 167 128 249 210 159 189 50 62 167 218 155 180 154 171 188 42 189 193 137 172 48 156 208 152
81 52 86 148 72 124 143 64 110 96 49 23 125 112 130 9 132 77 81 142 141 114 60 53 82 86 126 32 148 99 48 131 109 61 93 170 134 70 46 107 91 87 107 97 57 68 87 52 97 99
118 46 163 129 165 127 176 143 194 191 70 117 209 209 212 102 107 21 149 238 158 210 154 91 75 182 206 128 244 175 131 219 35 45 185 256 204 148 120 197 135 40 202 195 85 129 105 149 175 183
119 186 62 286 74 258 257 82 32 123 190 138 17 90 12 134 273 204 77 129 266 121 130 191 224 117 185 130 75 50 96 166 245 199 136 197 209 77 104 152 105 226 122 96 141 97 222 103 49 164
105 11 137 115 132 104 146 116 166 152 32 78 181 172 186 67 95 24 126 199 132 171 115 53 49 143 166 90 209 150 102 179 49 8 146 216 165 121 93 157 121 30 163 157 70 108 74 113 149 143
215 126 225 27 199 15 56 203 242 174 98 136 256 210 263 148 40 136 221 213 29 191 148 86 69 173 143 143 252 237 186 169 110 111 160 189 123 208 186 158 228 99 183 195 181 207 53 170 234 138
209 119 221 22 197 13 63 199 240 175 93 133 254 210 261 144 31 129 217 215 36 192 147 82 62 173 146 140 252 233 182 172 102 104 161 194 127 205 182 160 223 91 184 195 175 203 49 168 231 140
89 44 139 154 148 147 191 120 172 183 76 109 186 196 189 89 132 24 124 229 177 201 147 98 93 173 206 119 227 150 111 216 65 53 179 254 208 125 99 193 106 63 193 182 59 104 119 136 151 181
134 49 174 106 171 106 158 152 203 189 62 116 219 211 223 105 84 33 161 236 138 208 152 80 57 180 196 127 247 186 139 212 13 40 181 247 191 158 130 191 151 22 200 195 100 142 87 152 186 175
185 91 212 44 197 57 114 189 236 194 78 134 252 224 257 135 23 90 203 238 89 212 160 81 46 188 181 144 264 225 174 203 52 75 182 231 167 195 169 186 201 52 204 208 150 186 62 172 223 167
92 33 138 143 143 136 180 119 170 175 65 101 185 190 188 82 121 13 124 221 165 193 139 86 81 165 196 111 223 150 108 207 57 42 171 245 198 123 96 184 109 52 186 176 60 104 108 130 150 172
206 192 162 213 120 180 144 155 149 55 168 123 154 75 162 147 212 218 175 39 166 46 86 151 183 67 46 114 100 166 147 20 234 192 54 32 71 157 161 40 205 210 48 74 197 179 160 107 161 56
208 114 231 23 213 48 103 208 254 202 96 149 269 235 275 153 14 115 224 245 76 220 170 95 62 198 181 158 276 244 192 206 77 98 190 231 165 214 188 191 223 76 212 219 173 207 68 186 242 171
69 78 128 195 148 188 228 115 162 197 111 128 176 202 176 103 174 66 110 240 216 213 164 131 133 186 230 136 228 137 112 235 106 91 196 275 236 118 97 212 84 105 206 190 55 92 157 145 140 203
193 100 212 24 192 29 86 189 233 179 78 127 248 212 254 134 9 106 206 221 61 197 148 74 45 175 159 136 253 224 173 183 76 84 166 208 143 195 170 168 208 68 189 196 158 190 45 164 222 148
169 195 112 259 81 227 207 116 85 65 184 127 84 32 91 139 252 220 129 43 224 50 96 175 211 68 116 115 18 110 118 91 250 203 79 112 143 115 132 87 163 227 57 48 175 141 197 91 105 105
167 195 109 262 79 230 211 114 81 68 185 127 79 33 86 139 254 220 126 48 227 54 97 176 212 70 120 116 13 106 116 95 251 203 82 117 147 112 131 90 160 228 60 49 174 139 199 91 102 109
106 153 46 244 32 216 213 55 21 81 152 96 29 53 37 97 232 174 63 97 222 82 85 150 184 73 143 88 59 43 63 126 211 164 93 160 166 52 76 110 97 191 82 55 118 78 180 60 38 120
136 159 82 230 46 199 186 82 63 44 149 91 68 11 76 102 221 183 97 55 199 41 64 142 177 41 105 80 42 83 82 86 214 167 59 118 131 81 96 72 131 191 42 17 139 107 167 55 78 87
49 98 110 221 138 210 245 102 143 194 129 132 155 193 154 106 200 92 91 233 236 208 165 147 155 182 235 138 213 117 103 236 136 114 195 276 244 103 89 212 60 131 202 183 54 76 177 141 120 207
104 144 47 233 22 204 201 51 30 70 142 86 41 47 48 88 221 166 64 91 210 74 74 139 173 62 132 77 61 48 57 117 203 155 82 152 155 49 70 99 97 181 72 45 113 76 169 49 43 109
124 130 82 197 40 166 156 73 77 27 117 60 87 35 95 75 187 155 93 66 168 40 31 108 144 17 86 49 75 88 66 74 183 136 36 113 108 75 80 54 123 160 34 20 119 97 133 28 83 62
96 86 76 165 47 137 143 57 90 63 76 18 104 78 111 32 153 111 79 108 147 81 30 71 106 52 102 9 116 87 42 102 140 93 62 142 116 62 51 78 100 118 73 64 81 74 102 20 84 74
168 224 108 310 102 280 268 124 73 125 222 165 60 87 61 168 299 245 125 111 282 115 145 218 253 123 182 155 50 98 134 158 283 235 140 180 209 119 145 151 155 261 120 99 186 143 246 127 96 167
228 134 254 37 237 69 120 231 277 226 119 173 293 259 298 176 38 132 246 268 92 244 195 119 86 222 203 182 300 267 215 228 90 118 213 252 185 237 211 214 244 94 236 243 193 229 92 210 265 194
121 182 61 279 66 250 247 79 28 111 185 130 13 78 15 128 266 202 78 116 257 109 120 184 217 105 173 122 63 51 92 154 242 195 125 184 198 74 102 140 108 222 110 84 141 97 215 95 49 152
84 15 112 133 108 117 151 90 140 133 35 59 156 150 160 42 114 39 101 180 141 152 97 53 65 123 155 69 185 124 76 165 74 29 128 203 158 96 68 141 99 55 144 135 49 84 82 90 124 130
179 92 190 47 166 20 65 168 208 148 63 102 223 182 229 113 41 106 186 190 47 166 118 51 38 145 127 110 224 202 151 151 88 78 135 178 113 173 150 136 192 72 158 167 146 172 17 137 200 116
179 92 190 47 167 20 66 168 209 149 63 103 224 183 230 113 40 106 186 191 47 167 119 51 37 146 128 110 224 202 151 152 87 78 136 179 114 174 151 137 192 71 159 167 146 172 18 138 200 117
174 173 127 216 86 183 157 122 112 28 155 103 117 39 125 123 212 200 141 20 176 11 65 141 176 38 64 92 69 130 117 39 222 177 36 69 92 123 131 37 172 198 17 39 169 147 158 78 125 57
151 179 93 249 62 218 202 97 68 59 170 112 68 21 76 122 241 203 110 52 217 49 84 162 198 58 116 101 22 92 99 93 235 187 73 120 143 96 114 84 144 212 53 35 157 122 186 75 87 101
124 131 81 199 38 168 158 72 75 28 119 61 85 34 93 76 189 156 92 66 170 40 33 110 146 18 88 50 73 86 66 76 185 138 38 114 110 74 80 56 122 162 35 18 119 96 135 29 82 64
123 91 106 145 73 115 113 87 116 57 70 26 130 86 137 52 135 118 109 104 120 76 21 58 94 50 77 22 127 117 72 84 138 93 49 123 87 92 80 61 129 114 68 70 104 103 81 43 113 50
167 75 200 73 191 82 138 178 228 197 72 131 243 224 248 126 52 67 190 244 114 217 162 83 49 191 193 141 263 213 164 213 24 60 188 245 184 184 156 194 183 33 208 209 132 171 76 168 212 176
129 193 71 290 77 262 258 90 38 121 196 142 23 86 21 140 277 212 87 123 268 117 131 196 229 115 182 134 66 60 102 162 252 206 134 191 207 85 112 149 115 233 119 94 150 106 226 106 58 162
97 34 143 139 147 133 178 123 174 177 65 103 190 193 193 85 118 10 128 224 163 196 141 86 79 168 197 114 227 155 112 208 52 40 173 246 198 128 101 185 114 49 188 179 65 109 106 133 155 173
152 204 91 290 82 259 249 106 57 106 201 144 46 68 49 148 279 226 109 97 262 98 125 198 232 103 165 135 37 83 115 142 263 215 121 167 191 102 127 133 140 241 102 80 168 127 226 106 80 149
147 75 150 90 124 61 78 128 166 108 42 61 181 140 187 75 80 97 147 152 74 127 76 21 45 104 100 67 182 162 111 119 98 66 97 151 94 134 113 101 158 76 119 125 117 135 26 95 159 82
149 61 164 71 144 51 91 141 185 138 32 80 200 168 206 86 56 77 158 184 77 157 104 26 13 133 132 89 209 176 125 151 68 47 127 183 123 147 123 133 162 47 149 153 115 143 19 117 174 114
144 197 83 285 76 255 246 98 49 104 196 139 38 67 42 141 274 219 101 99 258 98 121 192 227 101 164 129 41 75 108 142 256 209 119 169 190 94 120 132 132 235 101 78 161 119 221 101 72 147
170 108 161 104 127 71 59 141 171 93 76 73 184 129 191 95 101 131 162 131 67 109 70 55 78 92 68 75 171 171 125 91 133 101 79 119 59 146 130 77 179 110 101 115 144 154 51 98 168 57
94 16 118 123 110 106 139 96 145 129 23 55 160 149 165 44 105 43 109 176 130 148 92 42 55 120 147 66 185 131 81 158 71 23 123 196 149 101 74 135 108 50 140 134 60 92 71 90 130 123
51 83 44 191 47 168 183 22 72 100 91 52 88 100 92 35 175 102 38 140 183 114 75 97 125 89 147 53 127 57 10 144 142 96 103 184 161 28 6 121 55 123 108 89 47 28 130 48 56 119
167 79 180 55 158 33 78 158 200 146 50 94 215 178 221 102 43 92 175 189 60 164 114 41 24 142 131 102 219 192 141 153 77 64 134 182 119 163 139 137 180 59 156 163 133 160 12 130 190 117
82 57 136 170 149 164 206 119 169 190 90 117 184 200 185 95 148 41 119 235 192 207 155 111 109 179 217 127 229 147 112 225 80 68 187 264 220 123 99 201 98 79 200 187 56 100 135 141 148 191
175 145 145 164 104 131 102 131 142 44 119 82 152 82 160 107 161 171 153 73 121 54 50 101 132 50 22 75 120 152 119 32 184 144 30 67 43 134 130 18 179 160 49 71 159 152 109 80 148 6
98 166 41 270 60 243 245 62 17 117 172 122 13 89 10 115 255 184 56 131 252 119 119 174 206 109 179 115 84 29 76 163 225 180 129 196 202 56 84 146 84 207 119 91 120 76 206 90 28 156
124 127 84 193 42 162 153 74 80 26 114 57 91 38 99 73 184 153 94 67 164 40 28 105 141 15 83 46 78 90 66 73 181 134 34 112 105 76 80 52 124 157 34 22 118 98 130 27 85 59
95 31 111 125 99 105 133 88 136 115 24 41 151 136 156 34 108 57 104 162 126 134 78 35 58 106 134 52 173 124 73 144 83 35 109 182 137 94 68 121 108 61 126 120 63 88 68 77 122 109
83 145 22 247 40 221 225 40 12 103 150 100 26 80 30 93 233 163 40 124 231 107 99 152 183 94 163 94 85 16 54 150 204 158 114 185 185 35 63 131 72 185 106 79 102 58 184 69 11 139
39 103 25 217 53 195 210 16 59 116 116 79 73 108 75 62 200 119 12 150 210 128 97 123 150 105 169 78 126 37 28 163 162 118 122 202 185 16 24 140 34 145 123 100 55 11 157 66 38 141
247 213 211 199 169 168 119 200 202 103 183 154 209 130 217 179 204 238 221 96 146 99 121 163 189 113 50 147 157 217 190 55 244 209 94 30 53 203 201 76 249 221 100 127 231 222 161 150 212 78
66 108 26 210 25 185 193 12 47 88 112 64 62 80 67 55 196 128 32 122 197 99 72 115 146 77 143 60 102 37 17 135 168 121 95 174 161 14 29 113 62 148 95 72 72 38 148 41 35 116
158 194 99 268 74 236 220 107 69 77 186 128 65 39 71 137 259 218 116 63 235 66 102 179 215 77 133 118 6 95 111 109 251 203 92 133 160 104 125 102 150 228 71 54 168 131 205 91 90 119
17 85 77 210 103 194 223 67 111 160 111 102 124 158 124 77 190 89 59 199 217 174 132 127 142 148 204 107 180 86 68 203 135 102 162 243 215 69 54 180 33 124 168 148 28 42 159 107 88 176
103 41 150 140 155 136 182 131 182 185 70 111 197 201 200 93 118 15 136 232 166 204 149 92 82 176 204 122 235 162 120 216 49 45 180 253 204 136 108 193 120 49 196 187 71 116 110 141 162 180
45 49 86 173 97 157 188 68 119 142 74 74 134 149 136 49 154 59 72 185 180 158 109 90 105 131 177 81 177 98 60 181 103 66 141 220 185 72 47 157 61 90 151 136 9 52 122 91 99 150
152 93 144 109 113 77 75 124 156 86 63 56 170 120 177 78 103 118 145 128 80 103 58 42 71 83 74 59 162 155 108 93 124 88 73 125 71 129 113 75 161 101 96 105 126 136 49 83 152 57
54 56 108 179 123 168 204 92 141 169 87 99 156 176 157 75 158 52 91 212 194 185 136 106 113 158 202 108 203 118 86 207 97 71 168 247 209 96 72 183 71 90 178 163 29 72 135 118 120 175
198 121 196 71 165 39 29 176 209 132 89 107 222 169 229 125 75 139 196 168 28 147 110 70 74 131 97 111 210 208 159 123 127 110 117 144 78 181 162 113 208 109 140 155 168 185 44 136 204 93
183 89 210 46 195 57 114 187 234 192 76 132 250 222 255 133 24 88 201 237 89 211 158 79 44 187 179 142 263 222 171 202 51 73 181 230 166 193 166 185 199 50 202 206 148 184 61 170 221 166
138 121 106 171 65 139 126 92 106 26 102 51 117 59 125 74 163 148 114 73 138 45 13 89 124 21 61 42 100 114 81 59 169 124 19 98 80 95 92 35 140 145 37 44 125 113 109 41 109 34
62 51 76 162 72 140 162 54 104 109 60 40 119 119 123 15 145 73 68 153 159 126 75 69 94 98 144 47 151 89 39 147 111 64 107 187 153 59 32 123 73 91 119 105 38 52 103 59 88 116
207 148 191 118 154 86 43 174 196 104 115 109 208 142 216 133 122 170 195 132 66 116 95 94 112 108 55 108 182 201 159 83 167 140 90 98 32 178 166 80 215 146 110 131 183 189 82 126 197 62
144 56 159 75 141 56 95 137 181 137 27 76 196 166 202 81 60 72 153 182 82 156 102 23 13 131 132 86 206 172 120 151 67 43 126 183 125 143 118 132 157 45 147 150 110 138 23 114 170 114
95 62 92 144 71 118 131 70 111 83 50 9 126 103 132 21 130 88 90 130 131 102 47 48 81 74 110 20 141 104 54 116 115 68 79 155 118 76 56 93 104 92 94 88 72 79 81 46 102 83
15 87 75 211 102 195 224 66 109 159 112 102 122 157 122 77 191 91 57 198 218 173 132 127 143 147 203 106 178 84 67 202 136 103 162 242 215 67 53 179 31 126 167 147 29 41 159 106 86 175
182 88 209 47 195 57 114 186 234 191 75 131 249 222 254 132 25 87 200 236 90 210 157 79 43 186 179 141 262 222 171 201 50 72 180 230 167 192 166 184 198 49 202 206 147 183 61 169 220 165
138 159 85 228 48 197 183 85 67 41 148 90 72 8 80 103 219 184 100 52 197 37 62 140 176 38 101 79 43 87 84 82 214 166 55 114 127 84 98 69 133 191 38 14 140 110 165 55 82 83
201 174 165 184 123 151 114 154 157 57 147 110 165 88 173 135 184 200 175 64 137 57 76 129 159 66 17 102 121 171 143 13 212 173 48 38 43 156 155 29 203 188 55 82 187 176 134 103 166 35
152 141 114 186 72 153 134 103 108 9 121 71 117 47 125 93 180 167 124 53 150 26 33 108 143 16 54 61 88 120 94 43 189 144 5 83 78 106 107 22 153 165 18 36 142 126 126 54 115 34
13 89 52 210 78 190 213 42 87 137 108 86 100 133 101 63 191 99 35 175 210 150 112 120 141 126 184 89 154 62 45 182 144 105 141 221 198 44 32 159 22 130 145 124 32 17 153 85 64 156
60 61 115 182 132 172 211 100 149 178 94 108 163 185 165 84 161 53 99 222 199 195 145 113 117 167 211 117 212 126 95 216 97 76 177 256 217 104 81 193 76 92 188 173 38 80 140 127 128 184
83 94 143 207 166 201 244 132 177 215 127 146 190 220 190 121 185 78 125 258 230 231 182 148 146 204 248 154 244 152 129 254 114 106 214 293 254 134 115 230 97 116 225 208 73 108 172 164 155 222
161 177 107 236 71 204 184 107 87 42 164 107 89 15 97 122 229 202 123 31 200 28 74 153 189 45 95 96 38 108 106 71 230 183 56 98 121 107 121 64 156 207 34 28 162 133 175 74 103 82
26 76 85 201 107 186 217 73 119 161 104 99 132 162 133 74 181 79 67 202 210 176 132 120 133 150 202 105 185 94 72 203 124 93 163 243 212 75 57 180 43 115 170 152 22 49 151 109 96 175
51 117 10 228 46 204 216 17 44 112 128 86 58 99 60 72 212 134 9 143 219 122 98 134 162 102 168 83 114 22 34 160 176 132 120 198 186 12 36 138 43 159 118 93 70 26 167 66 22 141
120 98 97 157 62 127 124 80 105 48 80 28 118 74 126 52 147 124 102 95 132 67 11 69 105 40 78 19 115 107 66 81 147 101 42 120 92 84 75 57 124 123 59 59 104 98 93 32 103 50
58 62 114 183 131 173 211 99 148 178 94 108 162 184 164 84 162 54 97 221 200 194 145 114 118 167 211 116 211 125 94 216 98 76 177 256 217 103 80 192 75 93 187 172 37 78 141 127 126 184
200 171 165 180 123 147 110 153 158 57 144 108 166 90 174 133 180 197 175 67 133 59 74 125 155 67 13 101 124 171 143 17 208 169 47 41 38 156 154 29 202 185 57 84 185 175 130 103 166 32
175 87 187 49 164 25 72 165 206 149 58 100 221 182 227 109 39 100 182 192 53 167 118 48 31 145 131 108 223 199 148 154 82 72 136 181 117 170 147 138 188 65 159 167 141 168 16 136 197 119
158 140 123 177 81 145 123 111 119 21 118 71 128 59 136 95 172 166 132 59 139 35 34 103 137 26 44 62 99 129 100 38 185 142 6 78 67 114 113 14 160 161 28 47 146 133 118 60 125 22
70 42 87 151 81 130 155 64 114 112 49 39 129 125 134 17 134 65 78 157 150 129 77 60 83 101 142 48 159 99 50 148 101 54 109 187 150 70 43 124 82 81 122 111 42 62 93 65 98 115
12 92 73 216 102 200 228 65 107 160 117 105 119 157 119 80 197 96 55 198 222 174 134 132 148 149 206 109 177 81 68 204 142 108 163 244 218 66 55 181 26 131 168 148 34 40 164 108 84 178
194 180 152 205 110 171 138 144 140 44 157 111 146 67 154 135 203 206 164 38 160 37 74 140 173 55 41 102 97 156 136 13 223 181 42 42 68 146 149 28 194 199 38 65 185 168 151 96 151 46
81 110 143 225 169 219 260 134 176 222 143 156 188 224 187 131 204 96 124 264 247 238 191 163 164 211 260 164 246 150 134 263 133 123 223 303 267 136 119 239 93 135 232 214 80 109 189 170 153 232
231 182 205 156 164 126 76 190 203 103 151 133 212 138 220 158 162 206 212 115 103 108 108 130 151 110 41 129 173 213 177 65 207 176 90 65 20 194 186 74 236 185 105 130 210 209 122 139 208 65
108 28 127 110 114 91 124 104 151 124 8 53 167 148 172 50 93 53 119 171 114 144 87 26 42 116 136 64 186 140 88 149 71 25 117 186 136 110 84 127 122 47 135 132 75 103 55 90 138 113
54 86 115 207 139 197 235 104 149 192 118 126 162 194 162 101 186 78 97 233 224 207 161 137 142 180 229 133 217 124 103 232 121 101 192 272 237 107 89 209 68 117 201 183 49 80 165 140 126 202
161 203 100 280 81 249 234 111 68 91 197 139 61 53 67 146 271 226 119 76 249 80 115 191 226 90 147 128 15 95 117 122 261 213 105 145 174 108 131 116 151 238 85 67 173 134 217 101 91 133
201 108 219 16 198 27 84 196 240 183 86 134 255 217 261 141 10 114 213 225 57 201 153 80 52 180 160 142 258 231 180 185 83 92 170 209 144 202 177 171 215 76 193 201 166 197 50 170 229 151
94 17 133 131 134 122 163 112 164 161 48 86 179 178 182 70 110 11 120 207 150 179 124 69 66 151 180 97 212 145 100 191 53 25 156 229 181 118 90 168 110 42 172 163 59 101 92 118 145 155
103 38 148 137 153 133 179 129 180 182 67 108 195 198 198 90 115 12 134 229 162 201 146 88 78 172 201 118 232 160 118 212 48 42 177 250 200 134 107 189 120 47 193 184 70 115 106 138 161 177
121 98 98 156 63 126 123 81 106 48 79 28 119 75 126 52 147 124 103 95 131 67 11 68 104 40 77 20 116 108 67 80 147 101 42 120 91 85 76 56 125 123 59 59 104 98 93 33 104 50
115 49 123 111 103 87 110 101 144 105 22 39 159 131 165 46 97 74 119 152 105 125 69 16 49 98 115 49 171 136 84 128 89 46 97 165 116 107 83 107 127 65 116 116 85 105 50 77 133 92
168 182 114 237 77 205 183 114 94 43 167 111 96 22 104 127 231 207 130 24 200 26 77 156 192 48 92 100 41 115 112 66 234 187 56 92 119 114 127 62 163 211 33 33 168 140 177 79 110 81
137 179 77 260 57 230 220 86 47 78 174 116 44 41 51 122 250 201 95 77 232 72 96 169 204 74 138 106 29 72 92 117 237 189 92 146 164 83 106 106 128 215 75 51 148 110 197 78 68 121
104 77 91 149 64 121 128 71 106 68 62 7 121 90 127 32 137 103 92 115 131 87 32 56 91 59 97 7 129 103 55 102 129 82 64 141 107 76 61 78 110 105 79 74 84 84 85 35 99 70
129 51 140 94 120 71 100 118 161 118 18 56 176 146 182 62 80 73 135 164 92 137 83 4 33 112 120 65 186 153 101 136 79 42 109 171 117 123 100 116 142 55 129 131 97 121 34 94 150 99
152 107 134 132 98 100 88 116 141 63 80 53 154 98 161 78 127 133 138 104 98 80 40 61 93 61 56 51 140 144 101 71 145 105 49 106 60 121 109 52 158 121 72 84 130 132 73 69 140 34
229 204 190 205 148 173 129 181 179 81 177 140 185 106 193 165 208 230 201 71 154 76 105 157 186 92 42 132 132 195 171 34 240 202 75 10 57 183 184 57 230 217 77 104 216 204 160 131 190 65
168 208 107 282 87 251 235 117 75 91 201 143 68 54 73 151 273 231 125 73 250 79 117 194 230 91 146 132 13 102 123 121 265 217 106 142 173 114 136 115 158 243 85 69 179 141 219 105 98 133
177 190 123 244 86 211 187 123 101 50 175 120 102 31 110 136 238 216 139 19 205 32 85 164 199 56 93 109 42 123 121 67 243 196 62 88 121 123 136 66 172 219 39 42 178 148 183 88 118 86
158 155 114 203 72 170 149 107 103 10 137 84 110 35 118 105 197 182 126 37 166 9 47 124 159 20 63 74 73 119 100 44 205 159 21 80 89 108 114 30 157 181 1 28 152 131 143 61 114 47
77 85 137 200 158 193 235 124 171 206 118 137 184 212 184 112 178 70 119 249 222 222 173 139 138 195 239 145 237 146 121 245 108 98 205 284 245 127 107 221 91 109 216 200 64 101 164 155 148 213
236 141 259 34 241 67 116 237 282 227 125 176 297 261 303 181 41 140 252 269 88 245 197 123 91 224 202 185 303 272 221 228 99 125 215 250 183 243 217 215 251 102 237 246 200 235 94 214 270 195
98 117 56 201 15 172 171 46 58 54 111 54 71 51 78 60 189 141 66 90 179 66 44 107 142 43 111 45 82 63 41 101 174 126 62 140 131 48 55 80 96 152 61 39 97 70 137 16 59 85
217 127 228 22 203 19 61 206 246 179 100 140 261 215 267 152 37 137 224 218 33 196 153 90 70 177 148 147 257 240 189 174 109 112 166 195 128 212 189 163 230 99 188 200 183 210 56 174 238 143
108 38 153 133 156 129 176 133 184 184 66 109 200 201 203 93 111 12 139 230 159 202 147 87 75 174 200 120 235 165 122 213 42 40 178 250 199 138 110 190 125 42 195 186 75 119 104 141 165 177
235 179 215 139 176 110 56 199 216 118 147 137 226 155 234 161 147 201 220 136 84 126 118 125 142 124 59 135 191 224 184 85 197 171 105 87 32 203 193 90 242 177 122 146 212 216 112 149 219 77
110 90 90 157 57 128 129 72 101 55 75 19 115 78 121 42 147 116 93 102 135 74 19 66 102 46 88 9 117 100 57 90 141 95 51 130 101 76 66 66 115 118 66 62 94 88 94 28 97 60
23 108 78 233 111 217 245 75 110 173 134 121 121 167 120 96 213 111 60 209 239 185 148 149 165 161 220 124 183 84 81 218 156 125 177 257 233 75 68 195 27 147 180 158 51 49 181 121 87 193
157 205 96 287 83 256 244 109 63 101 201 143 53 63 57 148 277 227 114 89 258 91 122 196 231 99 158 133 28 89 117 135 263 216 115 158 185 105 130 127 146 242 96 75 172 131 223 105 86 143
69 52 78 157 70 135 156 56 104 103 56 33 120 115 124 8 141 75 71 148 153 120 69 64 90 92 137 41 148 91 40 140 111 64 101 180 146 62 36 117 79 90 113 101 45 57 98 55 90 109
181 158 145 180 104 147 117 134 139 38 134 92 148 73 156 117 178 184 155 57 137 43 57 116 148 47 24 84 109 152 124 16 199 158 28 55 51 137 136 10 183 175 39 65 168 156 126 84 147 21
135 141 90 203 49 172 158 83 81 19 127 71 90 26 98 87 195 167 103 54 172 28 39 118 153 13 81 60 67 95 78 66 194 147 32 103 105 85 92 48 134 171 23 11 131 108 141 41 90 60
