250 100
324 149 175 273 228 281 76 222 330 347 305 90 248 168 252 252 291 149 165 183 332 217 128 297 406 337 163 208 245 245 242 365 240 143 200 384 251 364 339 173 422 91 189 305 114 201 153 66 198 206 338 152 377 299 193 340 267 149 413 272 86 179 59 284 169 413 287 173 111 108 197 227 133 274 130 95 121 50 278 420 258 112 355 152 188 320 86 364 349 86 171 439 303 411 308 415 64 412 205 142
12 34 28 12 36 18 42 20 44 42 21 23 14 32 46 50 12 27 29 34 20 13 13 37 46 13 41 32 17 23 21 39 14 46 26 22 15 11 16 17 33 34 33 36 20 11 12 20 14 39 50 25 10 34 15 31 20 48 29 32 22 43 12 34 46 45 21 39 41 20 43 20 50 14 10 31 27 50 17 21 25 18 39 22 17 35 22 19 33 25 47 32 31 21 15 12 49 46 20 21 27 22 24 11 20 41 35 19 42 39 20 34 41 25 40 35 23 40 36 12 13 15 26 41 32 38 35 25 25 30 12 43 40 44 34 42 31 35 25 21 15 16 29 48 40 15 24 41 11 49 23 18 45 12 46 35 25 31 17 14 27 37 10 45 44 16 40 29 20 49 23 21 30 25 40 26 23 18 40 17 14 24 32 29 40 50 35 29 28 18 48 34 11 23 16 31 44 39 18 16 38 28 16 28 49 40 12 13 11 12 30 24 37 50 21 20 41 44 31 41 16 31 13 30 32 44 26 17 34 23 29 14 13 16 39 25 41 46 47 17 13 29 39 36 37 43 30 50 19 40
468 285 289 388 431 287 120 411 423 411 357 124 374 298 387 256 301 276 280 346 390 283 227 470 423 358 197 215 302 458 413 435 381 255 363 475 421 437 427 259 430 127 189 480 142 251 185 121 308 314 369 163 453 380 285 431 271 201 491 290 148 275 108 303 198 466 453 287 210 109 232 404 178 301 197 182 232 100 299 471 267 181 449 248 206 324 146 419 386 100 191 494 312 417 394 424 102 448 326 248
68 189 164 102 173 103 156 87 91 190 139 176 61 74 203 143 197 161 75 123 94 143 81 162 167 158 66 97 148 150 64 69 136 117 81 61 183 134 84 173 96 88 86 77 115 154 148 53 81 64 92 121 92 70 140 182 146 57 105 153 61 56 132 203 151 106 165 53 71 90 40 167 19 80 61 33 180 94 91 142 112 71 51 147 47 79 115 71 126 36 96 77 22 181 81 165 81 150 140 13
153 126 78 225 48 233 110 141 199 121 103 110 207 214 108 32 96 38 211 78 224 7 168 75 46 44 215 203 103 107 205 153 217 86 76 194 107 71 101 83 142 149 107 152 35 203 10 122 68 86 119 147 82 120 106 59 33 203 53 244 186 155 149 119 235 128 78 201 219 163 147 24 167 218 154 120 106 55 96 224 92 153 199 60 149 197 141 186 207 183 64 209 152 46 202 68 137 30 36 157
107 59 153 236 57 239 177 176 150 195 166 42 199 212 65 106 60 116 177 15 230 73 117 149 124 122 198 152 169 173 202 107 152 23 61 160 182 136 57 159 180 93 58 179 82 131 69 142 84 82 63 76 47 149 169 61 108 194 49 181 194 172 76 66 170 63 153 182 201 193 115 101 152 184 174 105 43 76 49 159 145 178 180 132 163 154 187 199 144 172 51 214 130 71 213 33 84 107 109 151
156 64 147 272 24 277 180 200 199 190 172 51 241 252 38 102 25 105 225 62 268 68 166 144 112 113 243 201 173 177 243 155 200 71 98 208 175 140 104 151 203 142 106 207 93 174 61 172 111 118 112 123 89 176 175 18 103 237 77 228 231 205 120 50 216 112 147 227 246 220 162 84 196 232 206 147 44 99 96 206 158 207 225 130 197 203 206 234 192 215 85 252 175 34 249 16 133 100 107 192
155 231 99 108 177 119 72 14 186 108 58 214 121 117 229 108 218 121 168 160 112 131 171 99 122 113 140 193 68 67 111 156 229 160 116 156 105 75 140 106 10 170 146 31 102 240 139 45 88 97 158 194 133 28 58 188 110 120 123 248 83 51 203 235 245 174 100 135 145 34 130 138 110 172 46 101 215 97 143 235 45 37 133 93 54 175 19 73 218 111 122 102 116 178 88 184 159 115 103 93
51 164 248 191 199 186 252 195 24 283 235 159 133 152 196 212 197 229 69 133 179 194 34 245 236 230 117 19 243 246 145 50 27 123 127 64 273 220 100 257 204 52 94 185 178 60 195 158 150 127 83 73 119 175 237 204 215 128 148 47 159 164 80 187 43 80 249 103 115 199 73 224 102 72 170 104 167 156 105 33 207 180 103 227 156 39 222 173 19 115 137 166 87 212 177 176 64 217 211 117
148 215 86 122 159 132 65 28 182 100 49 198 128 125 212 91 201 104 168 145 124 113 164 85 106 97 144 188 59 59 119 149 222 144 101 155 96 59 127 93 28 160 134 43 84 230 121 40 73 84 146 182 119 24 49 170 92 126 107 242 92 58 191 218 239 162 87 138 150 50 123 120 109 173 54 93 198 81 129 228 29 47 136 77 58 172 31 84 211 114 106 113 112 160 100 167 149 97 86 93
131 269 228 54 256 44 208 122 123 243 193 256 22 20 286 218 280 235 79 206 41 224 136 227 240 230 30 128 203 202 25 132 172 198 165 84 240 199 165 236 130 153 166 105 193 205 230 112 161 147 168 189 174 123 193 266 221 27 188 176 53 86 201 284 181 179 229 45 32 109 109 244 68 78 91 116 261 174 172 175 171 99 46 215 87 108 150 65 166 48 179 38 91 264 56 248 152 225 214 72
61 189 173 105 177 105 166 97 81 200 148 175 60 74 204 151 199 169 65 124 96 149 73 171 174 166 61 88 158 159 65 62 127 117 85 51 192 143 83 182 106 82 85 86 121 147 154 63 87 69 89 116 93 80 150 186 154 55 109 143 66 64 127 203 142 102 174 47 65 99 34 173 13 71 70 35 180 100 91 133 122 80 45 156 56 69 125 77 117 33 99 80 14 186 86 167 77 157 148 18
108 76 134 225 50 229 159 160 153 177 147 59 191 203 76 88 68 99 176 17 220 56 120 131 107 104 193 156 150 154 194 108 161 27 50 159 164 118 55 141 164 98 58 165 63 143 53 128 69 70 66 87 39 134 150 57 90 187 33 190 183 159 89 79 179 71 135 177 196 178 112 85 146 183 161 97 59 59 47 168 127 164 175 114 150 155 170 187 152 165 37 204 125 63 202 35 87 89 90 142
131 197 86 126 144 136 74 40 167 109 57 180 123 124 195 81 184 97 156 126 127 100 148 85 100 91 138 173 67 68 117 132 205 126 82 143 102 57 108 95 43 142 115 50 69 212 108 31 54 65 127 164 100 20 59 155 84 121 89 227 92 58 172 200 223 143 87 130 144 61 108 111 99 162 56 76 180 63 110 212 31 52 128 73 55 158 50 88 195 107 87 114 99 147 104 150 131 89 77 83
155 263 158 49 223 61 130 46 172 164 117 247 78 67 268 163 259 177 141 191 55 180 168 158 179 170 100 178 127 125 65 156 220 188 145 135 163 133 160 165 50 174 165 31 149 241 188 64 125 123 173 206 161 63 117 233 165 79 160 233 38 35 217 271 234 189 159 102 105 26 127 192 90 144 32 110 249 138 165 225 103 30 101 151 44 158 67 23 211 81 155 49 108 226 32 224 167 170 158 77
74 194 270 187 228 180 270 206 30 302 253 189 128 147 226 236 227 254 59 163 175 220 59 267 261 254 109 24 262 264 142 74 41 153 152 62 293 241 127 278 215 81 122 194 203 82 222 171 172 150 112 103 146 188 255 233 239 125 174 38 161 171 110 218 44 110 270 98 106 207 90 250 108 60 178 122 197 180 133 41 225 188 99 250 165 40 234 176 40 116 163 163 99 241 177 206 92 242 235 124
58 120 142 170 107 172 152 121 104 180 136 106 132 144 133 104 127 122 118 52 163 89 74 139 129 122 132 109 143 146 135 58 127 46 19 101 169 116 18 151 128 59 24 120 71 125 92 83 45 26 37 73 21 95 139 115 108 127 43 153 128 109 82 132 146 53 143 116 136 135 53 118 85 125 112 38 109 49 22 134 110 118 115 121 100 102 140 134 117 105 32 147 64 118 147 95 46 110 104 83
108 118 100 192 69 198 119 119 154 141 106 101 166 175 114 57 105 73 166 51 188 39 124 97 80 74 172 159 110 114 166 109 175 54 31 149 128 78 58 107 123 106 65 126 25 166 43 91 30 42 78 110 40 94 109 80 60 162 12 202 151 123 115 120 193 90 100 157 176 139 101 68 124 173 124 76 101 17 55 182 85 125 156 78 115 152 128 153 165 142 20 173 108 76 168 70 94 61 57 116
107 52 161 241 62 244 186 182 149 204 174 35 202 216 62 114 59 124 178 20 235 81 116 158 132 130 201 151 177 181 206 107 149 25 67 161 190 144 59 167 188 92 60 186 90 125 77 148 91 88 63 72 52 156 177 65 116 197 57 177 199 177 70 61 166 61 161 184 203 200 117 109 156 184 180 110 38 83 52 155 153 184 182 140 169 154 195 205 140 176 58 218 133 76 218 36 84 115 117 155
193 198 6 207 118 218 44 113 236 49 46 181 208 209 179 41 166 36 235 142 210 76 209 3 32 28 222 241 40 44 202 193 264 147 120 219 35 28 150 13 109 196 157 129 69 260 82 115 94 116 171 204 133 104 48 127 39 206 106 290 176 142 209 190 283 184 6 213 228 133 177 59 180 241 139 144 178 88 148 272 57 133 211 16 140 230 98 170 254 191 113 198 174 112 186 139 183 41 38 166
129 63 141 248 33 253 170 180 173 184 160 46 215 227 54 94 45 102 198 35 243 59 140 138 109 108 216 176 162 166 218 129 177 45 73 182 170 129 77 147 184 117 80 186 77 154 54 150 89 93 86 101 63 155 163 36 96 211 54 205 206 181 99 60 194 88 141 200 220 199 135 84 169 205 183 121 43 78 70 184 143 185 199 122 173 177 188 210 168 189 60 227 148 47 225 11 107 94 98 166
218 222 21 218 141 230 41 124 260 26 52 206 226 225 202 67 189 59 257 168 222 101 235 24 52 52 241 266 43 45 218 218 290 174 146 242 13 50 176 13 119 222 184 141 96 286 106 134 119 141 197 231 159 121 53 149 65 224 133 315 191 158 236 214 309 210 21 233 247 143 201 80 201 263 153 168 202 115 174 297 72 146 231 43 157 254 104 183 280 210 140 212 197 133 198 164 209 66 64 186
122 28 213 277 103 278 238 229 153 256 226 33 231 247 66 166 73 175 192 69 269 132 124 210 183 181 225 153 229 233 238 122 136 68 112 178 242 197 93 219 235 102 89 230 142 101 127 192 140 132 84 67 95 203 229 101 168 226 108 163 235 219 58 53 149 72 213 208 226 245 142 158 185 198 222 145 41 134 88 141 204 227 207 193 210 163 244 243 131 205 107 253 161 117 255 75 100 167 169 188
82 119 120 177 89 181 134 116 127 160 119 103 145 156 124 81 116 98 140 47 172 66 98 117 105 99 149 132 125 128 147 82 150 46 4 123 148 95 35 129 121 81 42 118 47 145 69 81 27 22 56 90 20 89 122 98 84 141 22 176 135 111 97 126 169 69 121 134 153 133 75 94 101 147 113 52 104 27 34 157 94 117 132 99 102 126 130 139 140 120 12 156 83 98 154 82 69 86 81 96
81 138 266 238 193 234 276 231 73 304 260 138 181 200 174 224 179 240 118 130 227 200 67 263 247 242 166 69 267 270 193 81 31 121 141 112 293 240 110 274 239 68 103 224 192 11 199 192 169 149 90 60 128 208 263 195 227 176 157 54 204 204 60 163 40 78 266 151 164 238 109 230 146 122 209 135 146 172 113 34 233 219 151 244 195 88 255 217 32 161 148 213 127 207 223 166 79 228 225 159
109 186 304 244 240 237 310 254 78 340 293 186 185 204 223 265 227 281 116 176 232 243 92 301 289 283 166 72 301 304 198 108 35 166 180 117 330 276 150 312 263 103 144 244 232 57 243 217 206 184 131 106 169 234 296 243 268 181 198 19 215 223 108 211 17 122 304 155 163 258 132 274 160 117 229 163 194 211 154 28 266 239 155 283 215 92 281 230 45 171 189 220 146 253 233 214 116 269 265 175
119 26 188 264 79 266 214 210 156 231 203 15 222 237 52 141 56 150 190 48 257 107 124 185 158 156 218 157 206 210 228 118 146 50 94 175 218 173 80 194 216 100 78 213 119 116 102 175 120 115 76 71 77 184 206 78 143 217 86 174 222 203 65 44 161 68 189 202 220 227 135 133 175 196 206 132 23 112 73 152 182 211 200 168 194 163 223 229 139 196 86 241 152 93 242 50 95 142 144 177
69 201 184 96 191 94 174 101 80 209 157 188 47 62 218 163 212 181 57 138 86 162 78 182 187 178 47 87 167 168 53 70 128 130 99 46 202 153 96 193 110 90 98 88 134 152 167 70 100 82 101 126 107 87 159 200 166 42 123 142 59 65 137 216 143 113 185 33 51 100 43 186 1 62 71 49 193 113 104 134 131 82 31 167 59 67 129 72 119 21 113 71 24 200 78 181 87 170 160 18
83 226 235 111 231 103 225 147 63 259 208 216 52 70 249 212 246 231 18 172 98 208 82 233 236 228 32 68 217 218 66 84 111 163 141 28 253 204 129 244 156 103 128 132 182 146 213 121 148 128 126 139 144 137 209 239 216 49 166 115 89 109 150 245 120 134 236 25 29 142 71 234 52 17 115 94 222 160 137 114 182 126 26 218 105 48 176 105 105 48 155 88 62 242 103 217 107 219 210 68
134 102 102 225 36 231 131 149 180 145 122 85 200 209 89 55 77 64 196 52 222 21 148 99 72 70 205 184 123 127 200 134 193 60 61 179 131 90 80 108 151 127 85 157 41 178 18 123 63 76 96 121 61 125 125 47 57 196 35 221 185 156 124 98 212 104 102 190 209 169 131 49 157 203 156 109 82 50 74 200 106 157 188 83 149 180 153 186 184 175 46 207 140 42 202 45 115 55 59 150
83 63 201 240 111 240 220 199 115 243 207 57 192 208 94 156 97 168 152 54 231 126 85 198 176 173 186 116 212 215 199 82 104 48 86 138 230 180 60 208 206 62 55 198 127 77 123 161 116 103 47 29 68 173 209 113 158 187 90 132 199 185 23 85 120 33 201 169 187 213 103 155 146 158 189 110 65 113 57 110 182 195 167 180 176 124 217 208 97 167 85 215 123 125 219 83 60 158 157 151
94 182 120 115 146 121 113 58 128 147 96 166 95 101 187 102 179 120 119 110 112 109 110 118 125 116 106 135 105 107 92 95 168 107 64 104 139 90 82 129 66 108 87 56 78 178 115 19 47 42 98 133 80 34 98 156 105 92 81 188 74 47 143 190 185 114 121 95 111 71 69 128 62 124 49 39 168 61 86 174 69 54 93 104 39 119 81 76 157 74 74 96 60 152 91 145 97 110 99 48
150 250 141 66 207 77 114 29 171 148 100 234 87 78 254 146 245 160 144 179 70 164 164 141 162 153 107 178 110 109 75 151 218 176 132 136 147 116 150 148 34 168 155 15 133 237 172 51 111 111 165 198 149 47 100 218 148 87 146 233 46 27 209 258 233 180 142 107 113 11 122 175 90 148 22 101 236 123 155 224 86 15 106 134 36 158 52 33 209 84 142 62 105 211 46 210 160 153 141 74
115 214 131 85 176 93 114 37 141 149 97 198 79 79 219 124 211 140 121 143 84 136 130 130 144 135 95 148 108 108 72 116 186 139 96 110 144 102 113 139 46 132 117 27 105 201 143 17 78 75 127 161 112 26 98 187 127 77 112 203 48 16 171 222 202 143 132 89 101 42 88 152 63 126 17 64 200 91 117 192 75 23 87 118 10 130 65 46 176 65 107 70 72 181 62 176 123 131 120 46
94 204 148 86 177 91 135 61 117 170 118 189 63 69 214 134 206 152 97 135 82 141 107 147 156 147 76 124 128 129 60 95 163 130 89 86 164 118 100 157 70 112 104 50 110 180 147 32 79 69 111 144 103 47 119 187 137 60 110 179 45 29 154 215 178 127 149 67 81 64 66 161 39 102 35 48 192 92 106 168 93 44 66 133 21 105 89 51 153 44 102 66 49 183 64 173 104 142 131 22
164 276 173 36 238 49 144 61 177 177 131 261 77 63 282 178 274 193 144 206 45 196 176 173 195 186 99 184 141 139 63 165 227 202 159 139 177 148 173 180 65 184 177 47 165 250 204 80 140 138 185 217 174 78 131 249 180 79 175 238 40 48 228 285 240 201 174 104 104 40 136 208 97 145 46 122 263 153 179 231 118 45 103 166 57 163 80 26 218 85 170 44 117 242 26 239 178 185 174 85
176 49 182 305 58 309 216 236 216 224 209 47 270 283 10 138 12 140 247 86 300 105 183 179 146 148 270 217 209 213 273 175 208 94 129 231 210 177 128 186 239 159 129 242 130 177 97 207 146 150 131 133 117 211 212 49 139 265 111 236 263 238 127 25 223 127 182 253 272 256 187 118 224 253 240 176 39 134 121 214 195 242 251 166 230 222 242 267 201 244 117 284 202 65 282 47 152 136 143 222
172 52 174 298 50 303 208 229 213 216 201 47 264 277 14 130 6 132 243 81 294 97 180 171 138 140 265 215 201 205 268 172 207 89 123 227 202 169 123 178 232 156 124 235 122 177 89 200 139 144 128 131 112 204 204 41 131 260 104 235 257 231 126 30 223 125 174 248 267 248 182 110 218 250 233 171 39 127 116 213 187 235 246 158 223 218 234 261 200 238 110 277 197 57 275 40 149 128 135 216
84 97 242 248 157 246 258 225 97 283 243 97 194 212 134 198 139 212 141 98 238 170 76 239 220 215 183 95 249 252 204 83 68 91 120 130 270 219 90 250 232 63 83 220 167 32 168 185 150 133 70 34 104 199 245 158 201 189 130 94 210 203 27 122 81 55 242 167 183 235 111 200 153 146 208 129 106 150 90 73 217 216 166 220 194 110 246 221 65 171 123 223 131 171 230 129 70 201 199 162
97 47 184 245 87 246 207 195 134 227 194 37 201 216 73 138 74 150 168 37 237 106 102 181 157 154 197 135 198 202 207 96 127 35 79 153 214 166 60 191 201 78 57 196 112 101 103 159 107 98 55 51 61 169 197 89 140 196 76 156 203 185 47 66 144 47 185 180 199 211 113 134 155 174 189 113 44 101 55 134 172 194 178 164 176 141 210 211 120 175 74 221 131 101 223 60 73 140 141 157
45 186 229 148 203 143 226 160 20 259 209 177 89 108 212 199 211 217 29 139 136 187 39 226 223 215 74 26 218 220 102 45 70 129 117 20 251 199 98 238 169 62 95 149 166 102 190 126 134 111 89 96 116 143 211 209 202 85 142 81 117 126 106 206 82 94 230 60 72 161 48 216 63 35 132 81 184 143 105 74 182 143 59 209 119 6 188 132 62 73 131 123 54 214 135 184 68 205 197 79
131 76 128 241 27 246 157 170 176 171 147 60 211 222 64 81 54 89 198 39 237 46 143 125 96 95 214 179 149 153 213 131 183 49 68 182 157 116 78 133 174 121 81 177 65 163 40 141 80 87 89 108 61 145 150 34 83 206 46 212 200 173 108 72 201 93 128 198 217 190 134 71 166 206 175 117 56 69 70 190 131 176 196 109 165 178 177 203 174 185 54 221 146 40 218 20 110 81 85 161
127 266 229 59 255 49 210 125 118 245 194 254 21 23 283 218 278 236 74 203 46 223 131 228 240 231 25 123 205 204 27 128 167 196 163 79 242 200 162 238 133 149 163 108 193 201 229 113 160 145 165 186 173 124 195 264 221 25 187 171 56 88 197 282 176 176 230 41 27 112 106 244 66 73 93 114 258 174 169 170 173 102 42 216 88 103 152 68 161 46 178 42 89 263 60 246 149 225 215 71
40 182 206 131 189 128 203 136 42 236 185 172 75 93 205 178 202 196 36 128 120 169 43 204 203 195 64 48 195 196 86 40 89 119 100 19 228 176 86 215 146 61 84 125 146 115 173 102 113 91 82 98 102 119 187 197 181 70 125 104 97 103 109 201 104 90 207 48 65 138 29 197 40 43 109 59 178 123 93 95 158 119 47 187 96 30 164 111 81 54 114 106 30 200 116 173 63 184 176 56
144 227 109 98 177 108 86 7 173 121 70 210 107 103 227 113 217 127 154 155 101 133 159 109 129 120 125 179 80 80 98 145 216 154 109 142 118 83 132 117 15 159 138 19 102 229 141 33 84 90 149 185 127 19 71 188 115 106 120 235 70 37 194 232 233 165 110 121 131 28 117 143 95 158 32 90 211 95 136 222 53 24 119 101 40 162 33 61 206 97 117 90 103 180 77 183 149 120 108 78
173 233 77 133 170 145 46 41 207 81 33 216 148 144 226 95 215 105 192 164 138 123 190 77 104 96 166 214 43 41 138 174 248 165 123 180 79 57 151 83 34 185 157 58 97 256 131 66 93 107 170 206 141 49 33 181 96 147 125 268 110 78 215 234 265 186 77 161 172 58 149 124 134 197 73 118 215 99 152 254 32 64 159 75 80 197 20 100 237 137 126 129 138 170 114 182 174 101 90 117
61 102 151 188 97 191 165 140 107 190 150 87 148 162 116 109 111 125 128 36 182 88 75 148 133 127 147 111 156 159 153 61 122 28 27 111 178 126 7 159 146 55 13 139 76 114 89 102 58 43 25 60 13 113 152 104 112 143 42 150 146 128 66 115 141 39 151 131 150 154 65 118 102 135 131 56 91 58 3 130 124 137 129 129 119 108 157 153 112 122 33 165 79 109 166 81 42 113 110 101
30 172 200 138 179 135 199 136 42 232 182 161 83 101 195 171 192 189 46 118 127 161 36 198 195 188 73 49 191 192 93 31 87 109 91 29 223 171 76 209 145 52 74 126 138 109 164 100 106 83 71 88 92 117 184 187 174 78 116 104 102 104 99 190 102 80 201 57 74 140 21 189 44 53 110 52 167 115 83 92 154 120 55 181 97 33 163 115 77 60 105 112 28 190 121 163 52 177 169 57
37 163 172 132 158 132 171 113 69 203 154 150 85 100 180 143 176 161 70 101 123 135 52 170 167 159 83 76 162 164 91 38 109 93 67 53 194 142 59 181 121 56 59 105 111 124 139 75 78 56 62 90 71 91 156 166 146 80 92 129 92 85 101 178 126 76 173 66 85 119 10 162 38 77 91 24 155 88 66 115 126 100 64 153 77 62 139 103 99 59 81 107 15 168 112 145 50 149 141 44
105 208 137 87 174 93 122 47 131 157 105 193 73 76 215 126 207 143 111 137 84 136 120 136 147 138 88 138 115 116 68 106 175 133 91 100 152 107 105 145 56 122 110 37 105 192 143 20 76 70 119 152 106 34 106 185 129 70 109 193 47 20 163 217 192 134 138 81 93 52 78 154 53 116 24 55 195 89 110 181 81 32 79 123 11 119 75 48 165 57 102 69 62 180 63 173 114 134 123 36
76 196 271 188 230 180 271 207 32 304 254 191 128 147 228 238 229 256 59 165 175 222 61 269 263 255 109 26 263 265 142 76 42 155 154 63 295 242 129 280 216 82 124 195 205 83 224 172 174 151 114 105 148 189 256 235 241 125 176 38 161 172 112 220 45 112 272 99 106 208 91 252 109 60 179 124 199 182 135 42 227 189 99 251 166 41 235 176 42 117 165 164 100 243 178 208 94 243 237 125
102 178 296 241 232 235 303 249 75 333 287 178 182 201 215 257 219 274 114 168 229 235 86 294 281 275 164 68 295 297 196 102 28 158 172 114 322 269 143 305 258 96 136 240 224 49 235 212 199 177 123 98 161 228 289 234 260 178 191 21 212 218 100 203 12 114 297 152 161 253 127 266 156 116 224 157 186 203 147 21 259 234 152 275 210 89 276 226 39 167 181 217 141 245 229 205 108 262 258 171
28 137 169 157 138 157 174 127 72 204 157 125 110 126 156 135 152 152 87 77 148 121 45 167 159 152 107 77 165 168 117 28 101 69 51 70 194 141 35 178 136 38 34 122 101 108 124 88 71 49 37 67 50 103 160 145 138 105 75 125 116 105 77 153 120 51 170 90 110 137 24 150 64 94 110 31 130 79 43 108 130 118 89 149 96 70 151 126 91 85 64 132 40 149 136 122 28 140 134 68
79 149 119 146 117 150 122 88 121 153 106 133 118 127 155 89 147 107 123 78 141 86 96 116 114 105 124 127 114 116 118 80 153 75 31 107 143 90 52 128 94 87 58 88 58 157 91 51 24 10 71 107 47 61 108 127 92 113 50 177 104 80 116 158 171 86 120 110 128 103 62 110 76 130 82 31 135 36 55 160 79 86 108 99 71 115 106 108 142 93 42 125 63 125 122 113 75 96 87 67
31 157 174 139 155 138 175 119 66 207 158 145 91 107 176 144 171 162 71 97 130 134 46 172 169 161 87 72 166 168 98 32 103 88 65 54 197 145 54 183 128 49 54 111 111 117 138 81 79 56 56 83 68 97 160 163 147 86 90 124 99 92 94 173 121 69 175 71 90 126 6 162 45 78 98 27 150 89 62 110 130 107 69 155 83 60 144 110 93 65 79 114 21 165 119 141 43 150 142 51
78 129 120 166 100 170 130 106 123 158 115 113 135 145 135 84 127 102 132 58 161 73 94 118 109 102 139 128 121 124 136 78 149 55 11 115 147 94 38 129 112 81 45 108 51 147 77 70 23 11 58 94 28 80 118 109 87 130 32 174 124 100 102 137 167 73 121 124 143 122 68 100 91 139 102 42 115 28 39 156 89 106 122 99 91 120 122 128 138 109 23 145 74 108 142 93 68 90 83 85
41 143 157 148 135 149 160 114 83 191 144 129 106 120 158 124 153 142 92 78 140 113 58 154 149 141 105 89 152 154 110 42 115 71 44 75 181 128 37 166 122 52 40 109 91 122 117 74 59 37 46 79 48 89 146 143 127 101 69 139 106 93 89 157 133 61 158 89 108 124 27 141 59 99 98 18 134 68 45 122 116 105 87 137 84 79 137 115 105 79 58 124 37 145 127 122 42 130 123 60
225 230 29 222 148 233 43 128 267 21 56 214 231 229 209 75 196 66 264 176 226 108 242 32 60 59 247 273 46 47 223 226 298 182 154 249 10 57 184 21 122 230 191 145 104 294 114 140 127 149 205 239 167 126 56 156 73 229 141 323 196 162 244 221 316 218 29 238 252 146 208 87 207 269 158 175 210 122 182 305 78 150 237 51 162 261 107 187 287 216 148 216 204 140 202 171 217 74 72 192
84 215 184 80 200 79 171 93 94 206 154 202 34 48 230 167 224 185 65 150 71 169 94 182 190 181 41 100 164 165 39 85 143 143 109 56 200 154 110 193 102 106 111 79 140 167 175 68 107 91 115 141 119 83 155 210 170 30 132 155 44 55 152 229 156 128 185 31 46 90 58 192 15 69 62 60 206 120 117 147 129 72 30 168 50 80 122 58 134 9 123 55 38 209 63 192 102 174 164 17
113 240 184 52 218 52 165 81 121 201 149 226 27 27 252 175 246 192 87 173 43 182 123 183 196 187 47 128 159 159 19 114 171 167 129 82 197 155 134 192 89 134 137 64 152 197 189 68 120 109 142 170 141 79 150 228 177 27 150 182 17 43 181 253 184 156 185 48 53 71 87 202 44 90 48 82 230 134 141 176 127 58 47 171 43 107 109 32 162 28 142 27 67 225 34 212 130 182 171 37
163 76 138 273 15 279 172 198 207 180 166 64 244 255 48 95 34 96 231 69 269 62 174 135 102 104 247 210 165 169 246 163 210 79 102 215 166 133 110 142 200 151 113 206 89 186 54 172 111 120 120 133 95 174 169 5 95 240 78 239 232 204 131 61 227 121 138 231 251 218 168 74 199 239 205 151 57 98 103 217 153 206 230 122 197 210 201 234 202 219 87 254 180 22 250 26 141 92 99 194
167 230 81 128 169 139 52 34 201 87 38 213 141 137 224 96 213 106 185 160 132 123 183 81 107 98 159 207 48 47 131 168 241 161 118 173 85 59 146 87 28 179 152 51 95 250 131 59 89 102 165 201 136 42 38 180 97 140 122 261 103 71 210 231 258 180 82 154 165 53 143 125 127 190 66 112 213 96 147 248 31 57 152 77 73 190 18 93 230 130 122 123 131 169 108 180 168 102 91 110
71 90 224 235 142 234 240 208 92 265 225 88 183 201 125 180 129 195 134 82 226 153 67 221 202 198 173 91 231 234 192 70 73 74 102 122 252 201 72 232 215 49 65 204 149 45 151 168 133 116 53 16 86 182 228 144 183 178 113 101 196 188 10 115 88 37 225 157 173 219 97 183 140 139 192 113 96 132 72 79 199 200 156 203 178 103 229 207 67 159 106 210 117 156 216 115 55 183 182 148
121 252 198 44 232 42 178 92 124 213 162 238 19 13 265 189 259 206 86 185 34 197 129 197 210 201 40 130 172 172 5 122 174 179 142 84 210 169 146 206 100 143 148 75 166 202 203 83 135 123 153 179 154 93 163 242 192 21 164 183 24 56 190 265 186 166 199 46 46 81 96 216 52 87 60 95 242 148 153 178 141 69 46 185 57 109 120 38 166 33 156 19 76 239 33 226 140 197 186 49
105 247 234 87 244 78 220 137 89 255 203 235 32 47 267 217 263 235 45 188 74 217 106 233 240 231 11 94 213 214 46 105 138 180 152 52 250 204 146 243 146 126 146 121 189 173 222 117 155 137 145 162 159 132 204 253 220 31 177 141 73 99 173 264 147 155 235 22 5 129 88 241 56 43 105 104 241 168 154 141 179 115 24 219 97 75 166 88 132 42 167 66 74 254 83 233 127 224 214 67
71 139 257 227 189 223 267 220 63 296 251 137 170 189 174 217 178 233 108 125 216 193 57 255 240 235 155 59 258 261 182 70 25 116 133 102 284 231 103 266 229 58 96 213 184 20 193 182 161 140 82 55 121 198 254 192 220 166 149 52 193 193 58 163 39 72 258 141 154 227 98 224 135 112 199 125 145 164 106 30 224 208 140 236 185 78 245 206 23 150 140 202 116 202 212 163 70 221 217 148
7 149 202 162 165 159 205 151 40 236 188 140 108 126 174 168 173 185 64 101 152 153 14 199 192 185 98 44 197 199 118 7 71 91 83 49 226 174 61 211 160 27 57 143 134 87 155 113 104 82 51 63 80 129 191 172 171 103 107 93 125 123 74 169 89 57 203 82 99 157 28 182 67 71 128 58 146 112 68 78 161 138 80 182 114 40 177 137 61 85 96 136 46 177 144 146 30 173 167 78
173 247 101 111 189 123 69 25 202 102 57 230 132 125 243 117 232 128 182 176 117 143 188 101 128 119 151 209 66 64 121 174 246 176 132 172 102 80 157 107 16 187 164 41 114 257 151 62 104 114 176 212 150 46 56 200 118 131 139 264 92 64 221 250 262 192 102 148 157 36 147 146 125 187 57 118 230 113 160 252 52 47 147 98 68 191 5 80 235 124 138 109 133 190 93 199 177 123 112 108
56 115 146 174 106 177 157 127 102 185 142 101 135 149 129 108 123 125 119 49 168 90 71 144 132 125 135 107 148 151 139 56 123 42 22 102 173 120 12 155 134 55 18 126 74 120 93 89 50 32 31 68 19 101 144 114 111 130 44 150 133 114 76 128 142 47 147 119 138 141 55 120 89 126 118 43 105 53 17 131 116 123 117 125 105 101 146 140 113 109 33 151 67 117 152 92 42 113 107 88
123 48 157 252 49 255 185 189 165 200 174 31 215 228 49 110 44 118 193 31 246 76 132 154 126 125 215 167 176 180 219 122 164 39 76 177 186 143 73 163 193 108 74 193 90 139 70 156 97 97 78 87 63 163 177 50 112 210 62 193 210 187 85 51 181 77 157 198 217 207 132 101 169 200 189 122 30 88 66 171 155 192 197 137 178 169 199 215 156 189 65 230 147 63 229 21 99 110 113 167
66 205 247 148 224 141 242 172 29 276 225 197 89 108 232 218 231 236 20 160 136 208 58 245 243 235 70 32 235 236 103 66 74 150 138 26 268 217 119 256 182 82 116 159 186 111 211 140 153 131 110 114 137 157 227 230 221 86 163 77 123 136 124 226 82 114 248 59 67 171 68 236 73 22 143 99 204 163 126 76 198 153 60 228 130 19 201 138 69 78 152 124 70 235 138 205 89 224 217 90
80 184 140 106 158 110 133 69 110 167 115 169 78 86 194 121 187 139 98 115 101 124 96 139 144 135 87 117 125 126 77 81 153 110 69 84 159 110 80 149 78 97 84 62 94 167 130 32 61 49 93 126 83 49 117 168 124 74 90 172 64 46 137 195 169 109 141 75 92 77 54 146 42 104 50 29 172 75 86 159 89 58 73 124 37 100 95 70 142 55 82 85 41 165 84 153 88 128 118 29
72 83 157 206 87 209 174 156 116 198 160 69 166 180 99 113 95 127 142 22 200 87 83 154 135 130 164 119 165 169 170 72 125 12 40 125 185 135 23 165 162 60 23 156 82 110 86 119 70 59 29 54 22 129 163 93 116 161 45 153 164 146 58 97 143 35 157 147 166 171 81 117 119 149 149 74 74 67 16 132 136 154 146 135 137 119 172 171 115 139 39 183 96 100 184 67 50 116 114 119
59 175 256 189 210 183 258 198 22 290 241 170 130 149 207 221 208 238 64 144 177 203 42 253 245 238 113 15 250 252 143 58 30 134 136 61 280 227 109 264 207 62 104 188 187 67 205 162 158 135 94 84 129 179 243 215 224 126 157 41 159 166 91 198 41 91 256 100 111 201 78 233 103 66 172 110 178 165 115 33 214 182 100 235 158 36 226 173 25 114 147 164 90 222 177 187 74 226 220 118
152 283 216 21 261 11 191 105 152 226 177 270 42 24 296 213 290 229 110 216 9 224 160 215 232 223 60 157 187 186 31 153 201 210 172 112 224 189 178 224 111 174 180 88 192 232 230 106 162 152 184 210 185 113 177 271 215 47 194 207 41 74 221 297 212 198 217 72 64 88 127 241 84 110 77 126 273 176 185 205 159 83 72 206 79 136 129 46 194 64 186 19 108 267 31 256 171 220 209 81
151 276 200 14 249 18 174 88 155 209 160 262 47 30 287 198 280 214 116 208 10 211 160 199 217 208 68 161 170 169 33 152 205 202 163 115 207 173 171 207 94 172 174 71 179 233 218 92 150 142 179 207 176 97 160 259 201 51 183 213 29 60 218 288 217 193 201 77 73 71 124 227 81 117 62 118 265 164 177 209 143 67 77 190 65 140 112 30 197 64 175 12 104 255 14 246 168 205 194 75
135 124 81 209 57 216 108 128 181 124 98 108 189 196 112 35 100 48 192 67 207 14 150 78 56 52 196 186 100 104 187 135 200 73 58 175 111 67 84 88 130 132 91 137 19 190 20 106 49 67 103 133 65 105 101 67 37 184 36 228 169 139 137 121 219 114 82 182 200 149 128 41 148 199 138 101 105 36 80 208 83 138 180 61 132 179 131 169 190 165 46 191 133 59 185 69 120 37 37 139
125 188 86 132 137 140 77 48 163 111 60 172 125 127 187 76 176 92 154 118 132 93 142 84 96 87 139 169 69 71 119 126 200 117 74 140 103 56 101 94 51 136 107 57 62 206 100 32 46 57 120 156 92 25 62 147 79 122 81 222 96 62 165 192 218 136 87 129 144 68 103 105 97 160 60 71 172 55 103 207 33 58 127 71 58 154 58 92 189 107 79 118 95 139 108 142 124 84 72 82
107 96 117 209 55 214 140 141 153 159 128 79 179 190 93 71 84 84 171 31 205 43 121 114 92 88 183 157 131 135 181 107 167 37 37 154 146 98 53 124 145 101 59 146 44 154 43 110 50 55 70 97 34 115 131 64 73 175 14 195 168 142 100 98 186 78 117 167 186 160 106 73 135 178 143 86 78 39 47 174 107 146 165 96 134 153 150 171 157 154 22 189 116 65 186 50 89 73 73 129
173 155 51 224 73 233 87 134 218 93 83 139 213 218 134 16 121 9 226 105 224 34 189 48 17 17 223 223 81 85 210 173 240 113 96 209 79 52 123 55 133 172 130 147 45 229 39 123 79 100 143 173 105 117 86 82 14 210 75 267 188 155 176 146 259 153 51 211 228 156 163 15 177 233 153 134 134 68 119 247 79 150 209 37 150 215 128 185 230 192 85 210 165 67 201 96 159 9 21 165
29 158 178 138 158 138 178 121 63 210 161 146 90 106 178 147 174 165 68 99 129 137 44 175 172 164 86 69 169 171 97 30 101 90 68 51 200 148 56 186 130 49 56 113 114 116 141 83 82 59 57 83 71 99 163 166 150 85 93 122 99 94 94 175 118 70 178 69 88 127 3 165 44 75 99 30 151 92 64 108 133 108 67 158 85 56 147 110 91 64 82 113 20 168 119 144 43 153 145 51
69 212 236 128 223 121 229 156 44 263 212 203 69 87 237 210 235 229 2 161 116 203 66 234 235 227 50 49 221 223 83 70 93 152 134 15 256 206 119 245 165 88 117 142 179 128 207 126 145 124 113 123 136 142 213 230 214 65 159 98 103 119 134 232 102 120 237 39 48 153 63 230 57 9 125 91 209 156 127 96 185 136 40 218 113 30 185 118 87 59 148 104 59 234 118 207 93 217 208 74
89 154 278 239 208 234 287 238 72 316 271 154 181 200 191 238 195 253 115 145 227 214 73 275 261 255 164 66 278 281 193 88 22 136 153 112 305 252 123 286 247 78 116 230 205 25 213 199 181 160 103 75 141 216 273 211 240 176 170 39 207 209 76 179 25 92 279 151 162 244 115 244 149 118 215 144 162 185 126 22 244 224 151 257 201 87 263 220 29 163 161 214 132 222 225 182 90 242 238 163
53 120 232 216 164 213 243 200 63 271 227 117 161 179 154 191 156 207 106 100 206 168 43 229 215 209 149 61 234 237 172 52 46 90 108 96 259 207 77 241 209 35 70 194 158 35 167 161 136 116 57 31 95 177 230 168 194 156 124 74 179 175 36 144 63 46 233 133 149 209 81 198 121 111 181 104 124 139 80 52 200 190 132 211 167 75 224 191 38 139 115 191 100 178 199 139 47 195 192 132
146 69 137 259 18 264 168 187 190 179 160 55 229 240 50 91 38 96 214 52 255 56 157 133 102 103 231 193 161 165 230 146 194 62 86 198 165 128 93 141 190 134 96 194 80 171 49 159 98 105 103 117 78 162 163 19 92 224 64 222 218 191 116 60 211 105 137 215 234 207 151 75 183 221 192 135 49 86 86 201 145 194 213 119 183 193 192 221 185 203 72 239 163 31 236 11 124 89 95 179
74 163 268 217 209 211 275 221 49 305 258 161 158 177 198 230 201 247 92 144 205 209 57 266 254 248 141 43 266 268 171 73 1 134 145 89 294 241 116 277 230 68 109 211 197 43 210 183 171 148 97 77 135 200 260 213 233 154 164 29 186 190 81 188 19 90 269 128 139 225 98 240 129 95 196 128 169 176 120 8 231 206 128 248 182 64 247 200 10 142 154 192 113 223 204 184 81 235 230 143
86 128 264 246 186 242 276 234 83 303 260 129 189 208 165 221 170 236 128 125 235 195 73 261 244 239 175 79 267 270 200 85 42 116 140 121 291 239 109 272 242 69 102 228 189 1 194 195 169 149 88 55 125 210 263 188 224 184 153 65 210 208 54 153 51 75 264 160 173 242 114 226 152 132 214 138 137 171 111 45 234 223 159 242 200 97 258 223 43 168 145 220 132 200 230 159 80 225 222 164
171 105 110 263 20 269 146 181 217 151 141 92 240 249 78 69 65 68 236 82 260 42 184 107 73 76 245 221 139 144 240 171 226 91 101 219 137 109 117 113 182 163 122 191 73 206 34 160 102 116 131 151 99 159 144 25 69 236 76 255 223 193 151 91 244 136 110 231 249 202 171 45 197 243 193 149 85 88 110 233 132 192 229 96 186 218 181 223 217 215 86 245 180 8 239 49 151 65 74 190
138 9 208 288 92 290 236 235 172 252 225 21 244 260 48 162 56 169 209 72 281 127 142 205 176 176 240 172 228 232 251 138 156 74 118 194 238 195 103 214 240 118 101 237 141 121 121 199 144 139 98 85 101 208 228 88 163 239 110 183 246 227 77 34 169 88 209 223 241 251 156 150 198 215 230 156 27 136 97 161 205 235 221 189 218 180 247 253 150 218 111 264 174 105 266 65 115 161 165 200
153 286 223 27 265 15 198 112 150 233 184 273 42 24 300 219 294 235 108 220 16 229 160 222 239 229 58 156 194 193 33 154 200 214 176 110 231 195 181 231 118 175 183 95 198 231 236 112 167 157 187 212 188 119 184 275 221 47 198 205 47 81 223 300 210 199 224 71 61 95 129 247 86 107 84 129 277 181 188 204 166 90 72 212 85 135 137 53 193 66 190 25 110 272 38 260 173 226 215 84
99 145 98 159 102 166 107 89 142 135 91 129 137 145 146 67 136 85 146 74 156 65 115 96 91 83 145 147 98 101 136 99 171 74 32 129 124 71 61 107 94 103 68 94 36 171 71 58 3 22 82 118 49 63 94 112 70 133 38 196 119 91 125 150 190 97 99 131 149 107 84 88 97 152 91 53 129 16 62 178 65 93 129 78 83 137 101 121 161 113 36 141 85 107 136 102 91 73 65 87
200 223 27 189 147 200 13 95 240 32 23 207 198 196 207 67 195 67 234 163 193 102 217 29 63 58 215 246 13 15 190 201 274 167 133 219 25 34 164 29 89 207 171 112 88 274 109 108 104 125 184 220 149 93 23 157 66 196 124 298 163 129 226 218 292 199 27 207 220 114 181 90 176 239 125 148 204 102 163 281 47 117 205 39 129 233 74 154 263 184 130 183 174 142 169 166 194 70 63 160
86 73 153 217 75 220 174 162 129 195 161 58 178 192 86 108 82 121 155 9 211 79 96 150 129 125 177 132 165 169 182 85 135 1 46 139 182 133 36 161 168 73 36 164 79 118 78 127 73 66 42 62 29 136 164 80 111 173 43 164 175 155 64 85 153 45 154 160 180 179 94 109 132 162 157 86 62 68 28 142 138 162 159 132 146 133 177 181 126 152 40 194 109 88 195 54 63 111 110 131
52 109 222 216 152 214 234 195 70 261 218 105 163 180 142 180 144 196 112 88 206 156 45 219 203 198 152 70 225 228 172 51 58 78 98 100 249 197 67 230 203 31 60 190 148 43 155 156 127 107 46 19 84 171 221 155 183 158 113 86 178 172 26 133 75 34 223 136 152 205 79 186 121 117 177 99 113 129 69 65 192 185 135 201 163 81 218 190 50 139 104 191 99 165 198 126 40 184 181 130
190 203 10 197 125 207 34 102 232 46 35 186 200 200 186 46 173 46 229 144 200 81 207 10 42 37 215 238 29 33 193 190 262 149 119 214 33 21 149 18 98 194 157 119 71 260 88 107 91 113 170 204 133 95 37 135 45 198 107 287 167 133 210 197 281 184 11 205 220 123 173 68 173 235 129 140 183 88 148 270 47 123 203 18 131 226 87 160 252 183 114 188 169 120 176 145 182 48 42 158
28 132 169 161 134 162 175 131 74 205 159 120 115 131 151 134 148 151 91 73 153 119 45 167 158 151 112 79 166 169 122 29 100 64 49 74 195 141 31 178 139 35 30 126 100 105 121 91 71 49 32 62 47 106 161 142 137 110 73 125 121 110 73 148 119 46 170 95 114 141 28 148 69 98 114 35 125 78 38 107 131 122 94 149 100 72 154 130 90 89 62 137 45 145 141 118 24 139 133 73
34 129 221 197 163 194 229 183 49 258 213 123 142 160 159 182 160 198 90 97 187 161 24 218 206 199 131 49 220 223 152 33 49 87 97 78 247 194 67 229 191 20 61 176 148 53 161 144 123 102 48 37 86 159 215 167 185 137 115 77 160 157 46 151 68 43 221 114 131 191 62 191 102 95 162 87 130 127 72 57 186 171 114 200 148 60 207 172 39 120 105 171 81 176 180 139 33 186 182 113
41 106 202 203 137 202 214 177 73 241 198 98 152 169 134 161 134 176 109 72 194 137 42 199 184 179 144 74 205 208 161 40 73 62 78 95 229 177 47 210 184 19 40 172 128 64 137 137 107 87 26 18 64 152 201 141 164 147 93 102 164 155 29 127 91 17 203 127 145 187 65 168 108 115 160 81 105 109 50 80 172 168 126 181 146 81 198 175 64 128 84 178 85 150 184 113 22 165 161 116
71 169 137 122 145 125 134 80 106 167 117 154 90 100 179 113 172 132 101 100 116 113 87 135 137 129 97 112 126 128 91 72 145 95 55 85 158 107 65 146 88 85 70 75 84 156 118 40 50 35 79 113 68 56 119 154 117 86 77 166 80 60 123 180 162 95 138 83 101 90 47 136 49 107 64 16 157 63 71 151 89 71 81 119 51 98 104 86 134 66 68 100 40 152 99 138 76 120 111 40
164 54 163 287 39 292 197 217 206 205 189 46 254 266 22 119 9 121 234 72 282 85 173 160 127 129 255 208 189 193 257 164 203 80 112 218 191 157 114 167 220 149 116 223 110 174 77 188 127 132 120 126 102 192 192 31 120 249 92 231 245 220 122 36 219 118 163 238 258 236 173 99 208 241 221 160 38 115 107 209 175 223 237 147 212 211 222 249 195 228 99 266 187 48 264 28 141 116 123 205
172 45 183 303 59 307 217 235 212 225 209 43 267 280 6 139 11 141 243 84 298 105 180 180 147 149 267 213 209 213 271 172 204 91 127 227 211 177 125 187 238 156 126 241 129 172 97 205 145 148 128 129 115 210 212 50 140 263 109 232 261 236 123 21 219 124 183 250 269 254 184 119 221 250 238 174 35 133 118 210 194 240 249 167 228 218 241 265 197 241 115 281 199 67 280 45 149 136 143 219
141 225 111 96 177 107 88 9 170 123 72 209 105 101 226 114 216 128 151 154 99 133 157 110 130 121 123 177 83 82 95 142 213 152 108 139 120 84 130 118 17 156 136 18 102 227 141 31 83 88 147 183 126 18 73 188 116 103 119 232 67 35 192 231 230 163 112 118 128 28 115 143 93 155 30 87 210 94 134 220 54 22 116 102 37 159 35 59 203 94 116 88 100 180 75 182 146 121 109 76
57 136 140 154 119 157 146 108 101 175 130 121 118 130 147 106 141 124 110 67 148 95 74 137 131 123 120 106 137 140 121 58 130 61 27 93 165 112 32 149 115 64 37 106 73 133 99 69 42 19 48 84 35 82 132 127 109 113 52 155 112 94 93 147 148 64 141 104 123 121 45 123 72 117 97 24 124 50 37 137 102 103 102 119 85 97 128 119 120 92 41 132 53 128 132 108 51 112 105 69
158 72 140 271 16 276 174 197 202 182 166 59 241 252 45 96 32 98 227 64 267 62 169 137 104 106 243 205 166 170 243 158 205 74 98 210 168 134 106 144 199 146 109 204 89 180 54 170 109 117 115 128 90 173 169 10 97 236 76 233 229 202 126 58 222 116 140 228 247 217 164 77 196 234 203 147 52 96 98 211 153 204 226 124 195 206 201 232 196 215 84 251 176 26 247 20 136 93 100 191
146 259 166 41 224 51 140 54 161 175 126 244 65 54 266 167 258 183 128 189 44 183 158 166 185 176 86 167 136 135 52 147 209 184 142 123 173 140 155 174 60 166 160 38 151 232 190 64 125 121 167 199 157 66 126 234 170 66 160 222 25 32 210 269 223 182 167 89 92 37 118 196 80 131 31 104 246 138 161 214 110 34 88 157 40 147 78 9 200 69 153 36 99 228 20 224 159 174 163 67
94 172 112 127 134 133 108 64 132 141 91 156 107 113 176 91 167 109 126 100 124 96 111 110 114 105 117 138 100 102 105 95 169 98 53 111 132 82 75 121 71 106 81 65 65 176 103 28 35 33 93 129 71 38 93 144 94 103 69 191 87 59 138 179 186 109 113 105 122 80 72 116 72 132 60 40 157 48 78 175 64 64 103 94 51 124 84 88 158 85 63 109 66 140 104 133 95 98 88 59
173 236 81 129 174 141 50 37 206 84 38 219 145 140 229 99 218 109 190 166 134 127 190 81 109 101 163 213 47 45 135 174 247 167 124 178 83 62 152 87 30 186 158 55 100 256 135 65 95 108 171 207 142 48 37 185 100 144 128 267 106 75 216 237 264 187 82 158 169 54 149 128 132 195 70 118 218 101 154 254 35 60 157 79 78 196 15 96 237 135 128 125 137 173 110 185 174 105 94 115
81 67 207 241 118 241 226 203 111 249 212 63 192 209 100 162 103 175 150 61 232 133 82 204 183 179 185 111 217 221 200 81 98 54 91 136 236 186 64 215 210 60 58 201 133 70 130 165 121 107 49 25 73 177 215 120 165 187 96 126 200 187 17 90 113 34 208 168 186 216 104 162 147 156 191 112 71 119 61 104 188 198 166 186 178 121 222 210 91 167 91 216 123 132 220 90 60 165 164 152
79 109 128 184 86 188 143 125 125 168 128 93 150 162 116 87 109 103 140 38 179 68 94 125 111 105 153 129 134 137 153 79 144 36 9 123 156 104 28 136 131 76 35 128 54 137 70 90 37 30 48 82 11 99 131 94 90 146 22 171 142 119 88 118 163 61 129 137 156 142 75 97 105 147 122 56 96 35 25 151 104 126 135 107 111 124 140 147 134 125 11 163 85 96 161 76 63 91 87 101
177 151 57 231 68 240 94 142 222 98 91 136 220 225 129 24 116 14 231 105 231 34 192 54 20 23 230 227 88 92 217 177 243 113 99 215 84 60 126 60 141 174 133 155 50 231 37 130 84 105 145 174 107 125 93 77 22 216 78 270 195 162 177 142 261 155 56 217 234 164 168 8 183 238 160 139 131 73 122 250 87 157 215 44 157 220 136 192 232 198 88 218 171 61 208 92 162 17 28 172
164 72 143 276 19 282 177 202 207 185 171 60 247 258 43 100 29 101 233 70 273 66 174 140 107 109 249 210 170 174 249 164 209 80 104 216 171 138 111 147 204 151 114 210 94 184 59 175 115 123 120 132 96 178 173 10 100 242 81 238 235 208 130 56 226 121 143 233 253 222 169 79 202 240 209 153 53 102 104 216 158 210 232 127 200 211 206 238 201 221 90 257 181 27 253 25 142 97 104 197
96 55 212 255 115 255 233 215 125 255 220 54 207 223 90 166 95 178 164 65 246 135 97 209 186 183 199 125 225 228 214 96 109 60 100 151 242 193 76 220 221 75 70 214 139 76 132 177 130 118 62 39 82 188 223 116 169 202 102 136 214 200 30 79 123 48 213 183 200 229 118 164 161 170 204 126 62 126 72 114 196 211 181 192 191 135 232 223 103 181 98 230 138 129 234 87 75 168 169 166
58 168 255 196 205 191 259 202 28 290 242 163 137 156 200 219 202 236 72 139 184 200 41 252 243 237 121 22 250 253 150 57 22 129 133 68 280 227 106 264 211 58 100 192 185 58 202 165 157 134 89 77 126 181 244 209 222 133 154 40 165 170 84 191 36 85 256 107 119 205 80 231 108 75 176 112 171 163 112 27 215 186 107 234 162 43 228 179 16 121 144 171 94 218 183 181 70 224 218 123
60 167 257 199 205 194 261 204 31 292 244 163 140 159 200 220 201 237 75 140 187 202 43 254 245 238 124 25 253 255 153 59 19 130 135 71 282 229 107 266 213 59 101 195 187 56 203 167 159 136 90 76 127 184 247 210 223 136 156 38 168 173 83 190 34 86 258 110 122 208 82 232 111 78 179 114 170 165 113 24 217 189 110 236 165 46 231 182 13 124 145 174 96 218 186 182 72 225 220 126
198 213 13 198 135 209 27 104 240 35 33 197 204 203 196 56 183 54 236 155 202 91 215 15 50 46 220 246 25 28 197 199 272 160 128 221 23 30 159 17 99 204 166 120 81 269 98 112 100 122 180 214 143 99 34 145 55 202 118 296 170 136 220 207 290 194 14 211 225 123 181 77 179 242 132 148 194 97 158 279 51 125 209 29 135 233 85 162 261 188 124 191 176 130 178 156 191 58 53 164
167 164 40 207 87 216 71 116 212 83 66 148 199 202 147 7 134 16 216 109 207 42 183 36 21 13 210 217 64 68 194 167 237 115 91 200 69 34 121 46 115 168 128 130 39 229 49 107 69 92 141 173 103 100 69 97 6 196 74 263 172 138 177 158 255 153 40 198 215 138 154 33 165 222 136 123 145 61 117 244 61 133 196 21 134 207 110 168 226 178 83 194 155 83 184 106 155 10 6 152
146 232 115 92 184 103 90 4 174 125 75 216 104 99 233 119 223 133 153 161 95 139 161 114 135 126 123 180 85 84 94 147 218 159 114 142 122 89 136 122 13 161 142 14 108 232 147 36 90 95 153 188 132 24 75 194 121 103 126 236 66 34 198 238 234 169 116 119 128 21 119 149 95 157 29 93 217 101 140 224 59 19 117 107 38 162 33 56 207 95 122 85 104 186 71 189 152 126 115 78
48 190 226 141 204 136 223 155 27 256 206 181 82 101 216 197 214 216 24 141 129 187 44 224 222 214 67 33 215 216 95 48 77 132 118 13 248 196 100 235 164 67 97 143 165 108 191 122 132 110 92 101 117 139 207 211 201 78 142 87 111 120 112 210 89 98 227 52 66 156 47 215 57 30 127 78 187 142 107 81 178 137 52 207 114 12 184 125 69 66 131 116 50 216 128 187 72 204 196 73
58 201 214 118 205 113 207 135 50 241 190 190 60 79 223 189 220 207 24 145 106 183 60 212 213 205 47 56 200 201 72 59 100 137 115 11 234 184 103 223 145 79 102 122 158 130 187 104 124 103 100 116 118 121 192 213 192 55 140 110 88 99 127 219 112 109 215 31 47 134 45 210 36 30 106 69 196 135 110 104 163 116 30 196 93 35 164 102 92 43 129 93 38 215 105 190 81 196 187 53
186 169 39 226 86 236 78 135 231 80 77 153 220 223 148 24 134 6 236 120 227 49 202 37 2 10 231 236 73 77 215 186 254 128 109 220 66 49 137 42 133 185 144 149 57 244 54 128 89 112 157 187 119 120 79 95 21 216 90 281 192 158 191 160 272 168 39 219 236 156 174 26 186 243 156 144 149 80 133 261 78 152 217 31 154 227 125 188 244 199 99 214 175 79 204 110 173 18 26 173
158 211 66 141 148 152 47 47 194 82 30 194 147 145 204 75 192 87 184 142 144 102 174 65 87 79 163 201 40 41 139 158 232 143 102 170 76 40 131 73 44 168 138 63 75 237 110 57 72 88 151 187 120 42 31 159 76 145 103 254 112 78 195 211 250 166 67 156 169 68 135 105 126 189 74 103 193 77 132 239 11 67 154 58 77 186 39 104 221 132 104 133 126 148 120 159 156 81 70 110
113 233 170 57 207 60 151 67 126 187 135 219 41 40 244 162 237 178 96 165 51 170 124 169 182 173 60 133 145 145 33 114 175 159 120 89 182 141 128 178 76 133 131 51 139 198 177 55 109 99 137 167 133 65 136 217 164 40 140 188 15 29 178 245 189 152 171 58 66 59 85 189 45 99 34 75 222 122 134 180 113 44 57 157 29 112 96 26 166 36 132 35 65 214 35 203 128 169 158 34
41 145 235 196 181 192 242 190 36 272 225 140 139 157 177 197 178 214 80 115 185 178 25 233 222 215 125 34 233 235 150 40 34 105 112 71 261 208 84 244 199 35 77 182 164 51 178 152 137 115 66 54 103 168 227 185 201 134 132 60 161 162 61 168 52 61 236 110 124 196 67 208 103 85 167 96 147 143 89 41 198 177 109 214 153 49 216 174 23 119 122 170 84 194 180 157 48 202 197 116
52 118 149 172 110 174 159 127 98 187 144 104 132 146 132 111 127 128 115 52 165 94 68 146 135 129 132 103 150 153 136 52 120 45 26 98 176 123 13 158 134 52 18 126 77 118 97 88 52 33 30 66 23 101 146 118 114 127 48 146 130 113 75 131 139 46 150 115 135 141 51 124 86 122 116 40 107 56 19 127 117 123 114 128 104 98 146 138 110 106 37 149 64 121 150 96 39 116 111 85
74 75 167 216 90 218 186 168 116 209 172 62 173 188 94 123 92 137 145 25 209 95 83 164 144 140 170 118 177 181 179 74 120 16 52 129 196 146 31 175 174 59 29 168 93 102 94 130 82 71 30 45 34 141 175 95 125 168 56 148 174 156 48 90 137 30 168 153 172 183 86 125 127 152 160 84 67 78 26 126 148 165 152 146 147 121 184 182 111 147 51 192 103 103 194 67 51 126 124 128
207 208 11 217 126 228 46 123 250 40 53 192 221 221 188 53 174 44 249 154 220 86 224 13 38 37 235 256 45 48 214 208 279 160 134 233 26 41 164 4 118 210 171 139 83 274 92 128 108 131 185 218 147 116 54 135 51 219 119 304 188 154 223 200 297 197 10 226 241 143 191 66 194 255 150 159 188 103 162 286 68 144 224 31 152 244 105 181 268 204 127 209 188 119 196 149 198 52 51 179
80 119 122 175 91 180 135 115 126 161 120 103 144 155 125 83 117 100 138 48 171 68 96 119 107 100 147 130 126 129 145 80 148 46 3 121 149 97 34 130 121 80 41 118 49 144 71 80 28 21 54 89 20 89 123 100 86 139 24 175 134 110 96 127 167 68 122 132 151 132 73 96 99 145 112 50 105 28 33 156 95 116 130 100 101 124 130 138 138 118 13 154 81 100 152 84 67 88 82 94
168 295 213 6 267 10 185 101 170 219 172 281 61 42 306 214 298 230 130 226 14 228 177 213 232 223 80 176 182 180 48 169 220 221 181 130 218 187 189 220 106 190 192 85 196 249 235 109 168 161 198 225 195 113 172 277 216 65 201 227 47 76 236 307 231 212 214 91 84 81 142 243 99 129 77 137 284 181 196 224 157 81 91 204 83 155 122 46 213 81 194 29 122 272 30 264 186 221 210 93
191 226 42 170 154 182 11 77 229 46 6 209 182 179 213 74 201 78 220 162 175 107 208 43 75 69 199 236 5 4 173 192 265 165 128 206 42 35 158 47 71 199 165 94 88 268 115 93 98 117 179 215 145 78 5 164 74 180 123 288 145 112 222 223 283 194 43 192 204 95 170 100 162 225 108 137 207 99 158 272 34 100 190 47 113 221 56 136 254 168 127 165 162 150 151 170 187 78 69 146
138 9 209 287 93 289 236 234 171 252 225 22 244 259 48 162 57 169 208 72 280 127 141 205 177 176 239 171 228 232 250 137 155 74 118 193 238 195 103 214 240 118 100 237 141 120 121 199 144 139 97 85 101 208 228 89 163 239 110 182 246 227 76 35 169 87 209 222 241 251 156 151 197 214 230 155 27 136 97 160 205 235 221 189 218 180 247 253 149 218 110 264 174 105 265 65 114 162 165 199
71 173 140 117 149 121 136 79 105 169 119 158 86 95 183 117 176 135 97 104 112 117 87 138 141 132 92 111 128 129 86 72 145 98 59 82 161 110 69 149 87 86 73 73 88 157 123 40 55 39 81 115 72 56 121 159 120 81 81 165 75 57 125 184 162 97 141 79 97 88 46 140 45 104 62 18 161 68 74 151 91 69 77 122 48 96 103 82 134 61 72 95 37 157 95 143 77 124 115 35
69 168 266 209 210 203 271 215 41 301 254 165 150 169 202 228 204 245 84 145 197 208 52 263 252 246 133 35 262 264 163 69 9 135 143 81 291 238 115 274 224 66 108 205 195 50 209 177 167 145 96 79 134 194 256 214 231 146 163 29 178 183 84 192 23 90 266 120 131 219 92 239 122 86 189 124 172 173 119 13 226 199 120 245 176 56 241 192 10 134 153 184 107 223 196 186 79 233 228 136
169 105 109 260 19 267 145 179 215 150 139 91 238 246 78 68 65 66 234 80 258 40 182 106 72 75 243 219 138 142 238 169 225 90 98 217 136 107 115 112 180 161 120 189 71 204 32 158 99 114 129 150 97 157 142 25 68 234 73 253 221 191 149 92 242 134 109 228 247 200 169 44 195 241 190 147 85 86 109 231 130 190 227 94 184 216 179 221 215 213 84 243 178 9 237 48 150 64 73 188
166 223 71 136 161 147 45 42 201 81 30 206 147 144 216 86 205 96 188 154 140 114 182 71 97 88 164 208 40 40 138 167 240 155 113 175 77 49 141 78 37 177 148 59 87 247 122 61 83 98 161 197 131 44 30 171 87 145 115 261 110 77 206 224 258 177 72 158 170 62 142 115 130 193 72 111 205 89 143 247 22 64 156 67 78 192 28 101 230 134 116 130 132 160 116 172 166 92 81 113
123 21 198 272 88 273 224 219 157 241 213 18 228 243 54 152 60 160 193 57 264 117 127 195 168 166 224 158 216 220 234 122 144 59 103 178 228 183 87 205 225 103 84 221 129 112 112 184 129 123 81 71 86 193 216 86 153 223 96 172 230 211 64 43 159 72 199 207 225 236 140 143 182 200 214 140 27 122 81 150 192 219 205 179 202 165 233 237 138 202 96 248 158 101 250 59 99 152 155 184
103 55 159 237 64 240 183 179 145 202 171 39 198 211 66 112 63 123 174 16 230 80 112 156 131 128 197 148 175 178 202 103 146 21 63 157 188 142 55 166 184 89 55 182 87 124 76 144 88 84 59 70 47 152 174 67 115 193 54 175 195 173 69 65 163 58 159 180 199 196 113 108 151 181 176 105 42 80 48 153 150 180 178 139 164 150 191 201 138 172 55 214 129 77 214 38 80 114 115 151
80 84 147 207 78 210 166 152 125 188 152 69 169 182 95 102 90 117 149 15 201 76 92 144 124 120 168 128 157 160 173 80 135 9 35 132 176 126 28 154 157 70 30 153 72 121 75 116 63 55 39 64 18 125 155 84 105 164 35 163 165 144 68 95 153 46 147 152 171 168 86 106 122 156 147 76 72 58 20 142 129 151 150 126 135 127 166 171 126 142 31 184 100 90 184 60 59 105 104 121
61 169 149 121 150 124 146 89 94 179 129 154 84 96 181 124 175 142 89 101 114 121 76 147 148 140 88 100 138 140 87 62 134 95 59 73 171 119 63 158 97 77 67 82 94 147 126 50 60 41 74 107 69 67 131 160 127 80 82 154 79 65 117 181 151 89 150 74 92 97 35 146 40 95 70 11 158 72 70 140 102 78 72 131 56 86 114 87 123 59 73 98 28 159 99 142 68 131 122 35
71 197 173 95 183 96 163 91 88 198 146 184 52 65 212 153 207 171 67 132 87 153 82 171 176 168 56 94 156 157 56 72 135 125 91 55 191 143 92 182 100 91 94 79 125 156 159 60 91 74 98 126 101 76 148 192 156 47 115 150 56 57 137 211 150 112 174 43 61 92 43 177 9 73 63 42 188 104 99 140 120 73 41 156 50 75 120 68 125 26 106 71 23 191 76 174 86 160 150 9
89 59 169 230 80 233 191 179 130 211 178 46 189 203 78 123 77 135 160 21 224 92 97 166 143 140 186 132 182 186 194 89 130 18 62 144 198 150 46 176 184 73 45 180 96 108 90 142 90 82 45 53 44 152 181 83 126 184 60 158 189 170 53 74 147 42 169 169 188 195 102 122 142 167 173 98 51 85 40 137 155 178 168 148 161 135 193 196 121 163 57 207 119 94 208 55 66 125 125 143
113 95 114 214 50 219 139 144 159 157 127 78 185 195 90 68 81 80 177 34 210 38 127 111 88 85 188 163 130 134 186 113 173 41 42 160 144 97 59 121 147 106 64 149 43 159 38 114 53 60 75 102 40 118 130 59 70 180 19 201 172 146 105 96 191 84 115 173 192 163 112 69 140 184 147 92 77 42 53 180 108 149 171 94 138 159 152 175 163 159 28 194 122 59 190 46 94 70 70 135
101 119 104 186 76 191 121 116 146 145 108 103 159 168 118 63 109 79 158 50 182 47 116 101 87 81 164 151 113 116 159 101 168 52 23 141 132 81 52 112 120 100 59 121 30 161 51 85 25 34 72 105 34 90 111 86 66 155 11 195 145 117 111 123 187 85 105 150 168 135 93 75 116 165 119 68 103 15 49 175 85 121 148 83 110 144 126 147 158 134 14 166 100 83 162 75 87 67 63 109
215 244 46 188 168 200 14 97 254 25 31 227 204 200 228 88 216 87 244 183 194 123 232 48 83 79 221 260 23 21 195 216 290 187 151 231 28 54 182 45 90 223 189 114 108 291 130 117 121 141 202 238 167 101 29 177 87 202 144 313 166 134 245 239 308 217 46 215 227 113 195 110 186 250 129 162 225 121 181 297 59 120 213 60 135 246 72 156 279 192 149 185 187 162 170 187 211 90 84 170
213 208 20 227 124 237 55 132 256 44 62 192 230 230 185 55 172 44 256 156 230 87 229 21 36 38 244 262 54 57 223 213 284 163 138 241 31 50 168 13 128 215 175 148 87 277 92 137 114 137 189 221 151 125 64 133 52 227 123 310 197 163 226 198 302 201 19 234 249 152 198 64 202 262 159 166 187 107 165 291 77 153 232 37 161 251 115 190 273 212 131 219 195 116 206 148 202 53 54 187
160 21 200 301 77 304 231 240 197 243 222 27 262 276 21 154 32 159 231 80 295 119 166 197 165 166 259 198 223 227 267 160 184 86 127 216 229 190 119 205 245 142 118 245 139 150 112 208 149 148 117 111 112 214 225 71 155 257 113 211 259 238 104 5 198 110 200 242 261 259 175 138 215 238 240 170 23 139 112 190 205 243 241 182 229 205 250 265 178 236 117 279 192 88 279 55 137 152 158 215
190 185 21 216 104 226 60 123 234 62 60 169 214 216 165 31 152 22 236 132 218 64 206 18 17 15 227 239 55 59 208 190 260 139 115 220 48 36 144 24 120 192 151 138 63 253 69 121 91 114 165 197 127 111 62 113 28 211 98 286 184 150 201 177 279 177 20 216 232 144 176 44 183 242 147 144 165 84 141 267 66 142 214 18 147 229 110 178 250 195 107 206 175 97 194 126 179 29 30 169
101 60 155 232 63 235 178 174 144 197 166 44 194 207 70 108 66 120 171 11 226 76 111 152 127 124 193 146 170 174 198 101 146 17 58 155 184 137 52 162 179 87 52 177 83 125 73 139 83 79 57 71 43 147 169 67 110 189 49 175 190 168 70 70 164 57 155 176 196 191 110 105 147 178 171 101 47 75 44 153 145 175 175 134 160 148 186 196 138 168 49 210 125 77 209 39 78 110 111 146
47 98 199 208 130 207 212 178 80 239 197 91 158 175 127 157 127 172 116 65 199 133 49 196 180 175 150 81 203 206 166 46 79 56 75 102 227 174 44 207 185 26 37 174 125 66 132 138 105 86 24 14 61 152 199 135 160 153 89 108 168 158 25 120 97 11 200 133 151 189 70 163 113 122 163 83 98 106 46 86 171 170 132 178 149 88 199 178 70 133 81 183 90 144 188 106 26 161 158 120
63 205 212 111 207 106 204 130 57 238 186 194 53 72 226 188 223 206 27 148 99 183 66 210 212 204 40 63 196 197 65 64 107 140 116 18 231 181 106 221 139 85 105 117 157 137 188 100 123 103 104 121 120 117 188 215 191 49 141 117 81 94 132 223 119 113 213 24 41 128 47 209 31 33 100 69 199 135 113 111 160 111 23 194 88 42 159 96 99 36 130 86 37 217 98 193 86 195 186 48
149 272 192 18 243 26 166 80 155 201 152 257 50 34 282 191 274 207 118 203 18 204 158 191 209 200 71 162 162 161 35 150 205 198 157 116 199 165 167 199 86 170 170 63 172 232 211 85 144 137 176 205 171 90 152 253 193 52 177 215 24 52 216 283 218 190 193 78 76 63 122 219 79 119 54 114 260 157 173 210 135 59 78 182 59 141 104 22 197 63 170 14 102 248 6 240 165 198 186 71
127 259 206 41 240 36 185 99 127 220 170 246 18 4 273 198 267 215 87 193 29 205 134 205 219 209 39 133 180 180 6 128 177 187 150 87 217 177 154 214 107 149 156 82 175 207 212 91 143 131 160 185 162 101 170 250 200 22 173 184 30 63 196 273 188 172 207 48 44 86 102 225 59 88 68 103 250 157 161 181 149 76 48 194 65 112 127 43 169 39 164 18 83 247 35 234 146 205 194 57
149 22 186 287 66 290 217 225 188 229 208 17 249 262 20 140 26 146 220 66 281 105 156 183 153 153 247 189 209 213 253 149 178 72 113 205 215 176 106 192 230 132 105 230 124 146 99 193 134 134 106 103 98 200 211 60 142 244 98 206 245 223 97 14 193 100 187 230 249 244 163 125 202 227 225 156 10 124 98 184 190 229 228 168 214 194 235 251 172 222 102 265 179 77 265 41 126 139 144 202
140 122 82 215 51 222 111 134 186 125 102 105 195 203 108 35 96 46 198 68 213 7 155 79 54 51 202 190 103 107 194 140 204 75 63 181 112 70 88 89 136 136 94 144 25 192 14 112 56 73 107 135 69 112 105 62 37 191 40 232 176 145 139 117 223 116 83 188 207 155 134 36 154 205 145 107 102 42 83 211 88 145 186 63 139 184 136 176 194 171 51 198 139 52 192 65 124 36 39 145
203 218 16 200 139 212 26 106 245 30 35 201 208 207 200 61 187 58 240 160 204 96 220 18 53 49 223 251 26 28 200 204 276 165 133 225 18 35 164 16 101 209 171 123 86 274 102 116 105 127 185 219 148 103 35 148 59 206 123 301 173 140 225 211 295 199 16 215 229 126 185 80 184 246 135 153 198 102 163 284 55 128 213 33 139 238 87 165 266 192 129 194 180 133 180 160 196 62 57 168
44 168 241 179 198 174 243 184 13 275 226 162 121 140 198 206 199 224 58 132 167 190 28 238 231 224 105 10 235 237 133 44 39 122 121 52 265 212 96 250 193 50 91 174 173 71 191 148 143 120 81 76 115 164 228 203 209 116 144 56 147 153 85 190 54 81 242 91 103 188 63 220 90 62 159 95 169 150 102 44 199 169 91 220 145 27 211 161 31 103 133 154 76 210 165 176 61 212 205 105
141 237 130 77 193 87 106 19 165 141 91 221 89 83 240 132 230 147 141 165 79 150 155 130 149 140 108 172 101 100 78 142 211 163 118 131 138 104 137 138 27 158 143 2 119 227 158 37 97 98 153 187 135 33 91 204 135 88 132 227 50 21 197 244 226 169 131 106 114 16 113 162 85 145 15 90 222 109 142 217 74 4 104 121 28 153 47 40 201 82 128 69 97 197 55 196 149 140 128 68
162 151 53 214 73 223 85 126 208 96 79 135 203 207 133 8 120 17 215 98 214 29 178 50 25 21 212 213 78 82 199 163 230 105 85 198 82 47 114 59 125 162 120 138 34 221 35 113 68 89 133 164 95 108 82 83 8 199 66 257 178 145 168 144 249 144 53 200 217 147 152 22 166 222 143 122 131 57 110 237 72 141 198 35 140 205 121 175 220 181 75 200 154 69 191 93 149 6 13 154
152 19 191 291 70 294 222 230 189 234 213 18 252 266 21 145 29 151 223 70 285 110 157 188 157 158 250 190 214 218 257 151 178 76 117 207 220 181 109 196 234 134 108 234 129 146 104 197 139 138 108 104 102 204 216 64 147 247 103 206 249 227 98 11 193 102 192 233 252 248 166 130 205 229 229 160 13 129 102 184 195 233 231 173 219 196 240 255 172 226 106 269 182 81 269 46 128 144 149 205
86 79 146 213 72 216 167 156 131 188 154 63 175 188 89 101 84 115 155 9 207 73 98 143 123 118 175 134 158 162 179 86 140 7 40 139 175 126 34 154 161 76 36 158 72 124 72 121 66 60 44 67 24 130 157 78 104 170 36 168 171 149 70 89 158 50 147 159 178 173 93 103 129 162 152 82 66 60 27 147 131 156 157 125 141 134 170 177 130 149 33 191 107 85 190 53 65 104 103 127
119 241 177 49 216 52 157 72 129 192 141 227 37 33 253 170 245 186 97 173 42 179 129 176 190 181 57 136 151 151 26 120 179 167 128 91 188 148 136 185 80 139 139 55 148 203 186 63 117 108 145 174 141 72 142 226 172 36 149 190 8 34 185 253 192 159 178 58 63 61 91 197 50 99 39 83 230 131 142 183 120 48 57 165 36 115 100 22 170 37 141 26 72 222 28 212 134 177 166 40
104 207 137 87 174 93 122 48 130 157 105 192 73 76 214 126 206 143 111 137 84 136 119 136 147 138 88 137 116 116 68 105 175 132 90 99 152 107 104 146 57 121 109 38 104 191 142 20 75 69 118 151 105 34 107 184 129 70 108 192 47 21 162 217 191 134 138 80 93 53 77 153 52 116 25 54 194 88 110 181 81 33 78 123 12 118 76 49 165 57 102 69 61 179 64 172 113 133 122 35
72 163 132 128 137 132 131 81 109 163 114 148 98 107 172 107 165 125 106 93 123 105 88 130 131 122 104 115 122 124 98 73 146 88 47 90 154 102 60 141 89 84 65 78 77 155 111 42 43 27 75 110 61 57 116 147 110 93 69 168 86 66 120 173 164 91 133 90 108 93 50 129 56 113 69 17 151 56 65 153 86 75 88 114 56 102 104 92 136 73 61 107 45 145 105 131 74 114 104 48
116 148 81 170 94 177 94 91 160 119 79 131 152 158 143 49 133 67 164 79 168 52 133 79 73 65 161 165 85 88 150 116 188 81 44 147 108 55 75 90 94 120 82 99 21 185 59 67 17 40 96 131 60 67 82 104 52 148 40 213 131 100 137 150 206 110 82 148 166 111 102 72 114 170 100 71 130 14 74 195 56 100 146 61 93 155 98 130 177 129 42 153 103 97 146 99 107 55 47 103
31 174 207 141 184 137 205 142 36 238 188 164 85 103 197 177 195 195 42 122 130 166 33 204 201 194 74 42 197 199 96 31 81 112 96 25 229 177 80 216 151 52 77 132 144 106 169 106 112 89 74 88 96 123 190 191 180 80 121 98 106 110 99 193 97 81 208 57 74 145 27 194 48 49 116 59 170 121 87 87 161 126 56 187 102 27 169 120 72 64 110 115 34 195 125 167 54 183 175 63
209 202 20 227 118 237 58 132 252 50 64 186 228 229 179 50 166 38 253 151 230 81 225 20 30 32 242 258 56 59 222 209 279 157 134 238 36 48 164 16 128 211 171 148 82 272 86 135 110 133 184 216 146 124 65 127 47 226 118 305 196 162 220 192 298 196 19 232 247 153 194 58 199 260 159 162 181 103 161 286 77 153 230 34 160 247 116 190 269 210 126 218 192 110 206 142 198 47 49 185
200 235 46 173 162 185 7 81 238 41 15 218 187 184 222 82 209 85 227 171 178 116 217 48 81 76 204 244 11 7 178 200 274 175 137 214 40 44 168 49 74 208 175 98 98 277 123 100 107 127 188 224 154 84 13 172 81 186 132 297 150 117 231 232 292 203 47 198 210 98 178 107 169 233 112 146 216 108 168 281 43 104 196 55 118 229 57 140 263 175 136 169 170 158 154 179 196 85 77 153
66 189 260 181 221 174 261 197 21 293 244 184 121 140 220 227 221 245 53 155 168 212 51 258 252 245 103 15 252 254 135 65 42 145 143 54 284 231 119 269 206 73 114 185 194 82 214 162 163 141 104 98 138 179 246 226 230 118 166 45 153 163 106 212 49 103 261 92 100 198 80 242 99 55 169 113 191 171 125 44 216 179 92 240 156 31 225 168 39 108 155 156 89 233 170 199 84 233 226 115
110 96 115 211 53 216 138 141 156 157 126 79 182 192 93 69 83 82 174 33 207 40 124 111 89 85 185 160 130 133 183 110 170 40 39 157 144 97 56 122 145 104 62 147 42 157 40 111 50 57 73 100 37 116 129 62 71 177 16 198 170 143 103 98 189 82 115 170 189 160 109 70 137 181 144 88 79 39 50 178 106 146 168 94 135 156 150 173 161 156 25 191 118 62 187 49 92 71 71 132
130 172 69 157 113 165 73 72 171 102 57 155 147 151 166 51 155 68 169 103 157 68 147 67 72 63 159 177 64 67 143 131 204 105 65 154 92 39 95 78 73 137 102 82 38 205 76 56 35 55 116 152 82 51 60 124 54 144 64 228 121 87 159 173 222 131 70 148 164 93 112 80 115 176 86 79 154 38 95 211 32 84 146 51 83 165 75 118 193 127 66 143 108 115 134 121 124 59 47 101
28 124 210 192 154 190 219 174 54 248 202 117 139 157 153 171 153 187 91 88 182 150 23 207 195 189 129 55 210 213 148 27 60 78 86 78 236 183 57 219 182 9 50 168 138 61 151 135 113 91 38 34 76 150 205 159 174 134 105 87 154 149 45 146 78 35 211 112 129 182 55 181 97 97 154 78 124 117 61 67 175 163 111 189 140 62 198 166 50 115 95 167 75 167 174 131 22 176 171 107
186 152 62 243 67 251 101 153 232 101 99 137 231 236 128 35 115 22 242 111 243 41 201 59 25 31 241 237 95 99 228 186 251 119 109 225 88 69 135 64 152 183 141 166 61 237 42 142 95 116 153 181 115 136 102 75 33 228 86 278 206 173 183 141 269 162 62 228 246 174 178 10 194 249 172 149 132 83 130 258 97 169 226 53 169 230 146 204 241 209 97 229 181 58 220 94 170 28 39 183
14 132 201 178 153 177 208 161 50 238 192 123 126 143 158 164 157 181 82 88 169 146 17 199 188 182 117 53 199 202 135 13 68 78 79 67 227 174 52 210 169 8 46 154 130 75 147 121 103 81 37 45 71 137 194 159 167 121 100 93 140 135 56 152 86 40 202 100 117 169 41 176 83 88 141 65 130 109 57 75 164 149 99 180 126 55 185 152 57 102 89 153 61 166 160 133 16 169 164 93
30 117 204 194 146 193 214 172 61 242 198 109 142 160 145 165 145 181 97 80 185 143 30 202 188 182 133 63 205 208 151 30 67 70 80 83 231 178 50 213 180 9 43 167 131 64 144 133 107 87 31 28 69 148 201 151 168 137 98 94 156 149 39 138 85 27 205 116 134 182 57 174 99 103 154 76 116 111 54 74 171 162 115 183 140 69 195 167 57 118 88 169 76 159 176 123 17 169 165 108
74 216 241 129 228 121 233 159 47 268 216 207 70 88 241 215 239 234 3 166 116 208 70 239 240 231 50 51 226 227 84 74 94 157 139 20 260 210 124 250 168 93 122 145 184 130 212 130 150 129 118 127 141 146 218 235 218 66 164 97 105 122 138 236 102 124 242 41 47 156 68 235 61 4 128 96 213 161 132 97 190 139 42 223 117 33 188 120 88 62 153 105 64 239 120 212 98 222 213 78
184 165 44 229 82 238 83 138 230 85 81 149 221 225 143 24 129 6 236 117 230 46 200 42 7 13 232 235 78 81 217 185 252 125 107 220 71 52 135 47 136 184 142 152 56 241 50 130 89 111 155 185 116 123 84 90 21 218 87 279 194 161 188 155 270 165 44 220 237 159 174 21 186 243 158 144 145 79 131 259 82 155 218 35 156 226 129 190 242 200 97 217 175 74 207 106 171 17 27 174
181 199 19 189 124 199 34 94 223 53 31 182 191 191 184 43 171 47 220 139 191 78 198 18 45 38 205 229 28 32 184 182 254 143 111 204 41 12 142 28 91 186 149 110 64 252 85 98 83 105 162 197 126 86 33 134 43 188 101 279 158 124 203 194 272 176 20 196 211 115 163 68 164 226 120 131 179 80 140 261 38 114 194 16 122 216 80 151 243 174 107 180 159 119 167 142 173 47 39 149
21 128 206 185 154 183 214 167 51 243 197 120 132 150 156 168 156 185 86 88 175 148 19 203 192 186 122 53 205 207 142 20 63 78 82 72 232 179 54 215 176 6 48 161 134 68 149 128 108 87 37 40 73 144 200 159 171 127 102 90 147 142 50 149 82 37 207 106 123 176 48 179 90 92 148 71 127 113 59 70 170 156 105 185 133 58 191 159 53 109 92 160 68 166 167 132 18 173 168 100
115 248 202 52 231 48 184 99 116 219 168 235 10 14 263 192 257 209 77 183 40 198 123 201 213 204 31 122 178 178 6 116 166 176 141 76 215 173 143 211 107 137 145 82 167 195 204 86 135 122 148 173 151 98 168 241 194 12 163 174 31 61 184 262 178 161 203 38 37 88 91 218 47 78 66 92 239 149 150 170 146 76 37 189 61 101 127 46 158 27 155 27 71 239 42 224 134 199 188 47
65 155 136 136 132 139 137 90 104 168 120 140 102 113 165 107 158 126 105 85 130 103 82 133 132 123 107 110 128 130 104 66 139 80 41 89 159 106 51 145 98 76 56 87 76 147 108 51 42 23 66 101 53 65 122 141 110 98 64 162 94 74 111 166 157 82 137 93 111 102 45 128 59 112 78 13 143 54 56 146 92 84 91 116 65 98 112 100 129 77 55 114 44 140 113 125 66 114 105 52
146 281 226 37 264 25 203 117 141 238 188 268 34 19 296 220 290 237 98 216 25 228 152 225 240 231 48 147 198 198 29 147 191 209 173 101 236 198 176 234 124 168 178 100 198 223 235 113 166 154 181 205 185 122 189 273 223 39 196 195 49 83 216 296 200 193 227 62 51 101 123 247 80 97 87 126 272 180 183 194 169 94 63 215 86 126 142 58 184 60 187 28 104 271 45 257 166 227 216 80
90 231 223 92 230 85 210 131 78 246 194 220 33 51 252 204 248 222 36 173 80 203 92 221 228 219 15 84 204 204 47 91 128 165 138 39 240 193 131 232 140 112 130 115 175 161 208 107 141 123 130 148 144 122 195 238 207 30 163 134 70 92 159 249 138 140 224 8 14 124 72 227 42 37 98 89 226 154 138 131 169 109 10 207 89 63 160 86 121 32 152 69 59 239 84 217 112 211 201 55
120 217 129 85 178 93 110 31 146 146 94 202 82 81 222 124 213 140 126 146 84 137 135 128 143 134 99 153 104 104 74 121 191 143 99 115 141 100 117 137 41 137 122 22 106 207 145 19 80 78 132 166 116 24 95 189 126 80 115 209 49 15 176 226 207 148 130 93 105 37 93 152 68 130 14 69 204 93 122 197 72 18 92 117 13 135 60 45 181 69 110 71 77 183 61 179 128 131 120 51
115 228 156 64 198 70 137 53 133 172 121 213 55 54 237 149 229 165 106 158 61 159 128 155 169 160 73 140 131 131 47 116 181 154 112 98 168 127 124 164 62 134 128 38 128 201 166 42 99 91 135 167 127 51 122 208 151 54 132 195 23 15 178 239 195 150 157 70 79 48 87 177 52 110 21 72 216 112 130 186 99 31 69 144 15 120 82 26 171 47 125 46 68 203 40 195 128 156 145 37
48 117 225 212 158 210 236 194 64 264 220 112 158 176 149 184 151 200 106 93 202 161 40 222 208 202 147 63 227 230 168 47 51 84 101 94 252 200 70 233 203 29 63 189 151 42 160 155 129 109 50 26 88 170 223 162 187 153 117 80 175 170 33 140 69 39 226 131 147 203 76 191 117 111 175 98 120 132 73 58 193 184 130 204 161 75 218 187 43 135 108 187 96 171 195 133 40 188 185 128
69 110 136 181 94 184 149 127 115 175 134 95 145 157 120 96 114 112 132 40 175 77 84 133 120 114 146 120 140 144 148 69 135 36 12 115 163 111 19 144 133 67 26 127 62 129 79 90 42 30 40 75 9 100 137 102 99 140 31 162 139 118 82 121 154 54 137 130 149 142 67 107 99 139 120 51 98 43 18 142 109 125 128 115 109 115 143 145 125 118 20 158 78 104 158 82 54 100 96 96
115 255 229 71 247 62 212 128 104 247 196 243 20 32 274 215 269 232 60 194 58 217 118 227 237 228 12 109 206 206 32 116 153 186 155 65 243 199 152 237 136 137 152 111 188 187 223 112 155 139 154 173 163 125 196 256 218 21 180 157 60 90 184 271 162 164 230 28 13 117 95 240 57 59 95 106 248 168 160 156 173 105 30 214 89 89 156 75 147 39 170 51 78 256 68 237 137 222 211 65
53 137 243 211 180 207 251 203 50 280 235 134 154 173 171 203 173 219 95 115 200 181 39 240 227 221 140 47 242 245 166 52 29 105 118 87 269 216 88 251 212 42 82 195 170 35 181 164 145 124 69 48 107 180 237 184 206 150 136 58 176 176 54 161 47 61 243 125 139 210 81 211 118 100 181 108 141 149 92 36 207 190 125 221 167 64 228 189 21 134 127 186 99 193 195 155 54 207 203 130
104 51 164 240 67 243 188 183 145 207 176 36 200 214 64 117 62 128 175 21 234 85 112 161 136 133 199 147 180 183 205 103 144 24 67 158 193 147 57 171 188 88 57 186 93 121 81 148 93 88 59 68 51 157 179 69 120 196 59 173 198 177 66 62 161 57 164 182 201 200 115 113 154 181 180 108 39 85 50 151 155 184 180 144 168 150 196 204 136 174 59 217 131 80 218 40 80 119 120 154
177 205 30 176 133 187 28 82 218 54 19 188 181 180 192 53 180 59 212 142 179 86 194 30 57 50 196 224 19 23 173 178 251 146 111 198 45 14 141 38 78 184 149 98 68 251 94 89 81 102 162 197 127 75 22 143 53 178 103 275 147 113 204 202 269 176 31 187 201 102 158 80 156 218 109 126 186 81 140 258 27 103 185 28 112 211 67 140 241 164 108 168 153 129 155 149 172 57 48 140
152 105 100 241 25 248 133 161 198 143 126 90 218 227 85 55 72 59 215 67 239 22 166 97 66 66 224 202 126 130 218 152 210 76 80 198 129 94 98 105 163 145 103 170 52 193 14 138 80 94 114 137 80 139 129 35 56 214 54 239 201 171 138 96 228 120 100 209 228 182 150 39 176 222 171 127 85 66 92 217 114 171 207 83 165 198 163 202 201 194 65 223 158 25 218 46 133 53 60 168
145 281 230 43 265 31 208 121 138 243 193 268 33 21 297 223 291 240 94 217 30 231 150 229 244 234 45 143 203 202 30 146 187 210 174 98 240 202 176 238 128 167 178 104 200 220 237 116 168 156 180 203 185 125 193 275 226 38 197 191 53 87 214 296 196 192 231 60 47 106 122 250 80 93 91 126 272 182 183 190 173 99 61 218 90 123 147 62 181 59 188 33 103 272 50 258 165 230 219 81
178 233 71 140 169 152 39 48 213 74 27 216 155 151 225 92 214 100 198 165 145 121 194 71 100 92 173 219 36 34 145 179 252 166 125 186 72 53 153 76 41 189 160 65 96 259 129 72 95 110 173 209 143 55 26 179 93 154 126 273 117 85 218 233 270 189 72 167 179 65 154 121 140 203 80 123 215 100 155 259 31 71 166 70 87 203 26 107 242 144 127 136 144 167 121 181 178 97 87 123
136 242 148 60 204 70 124 37 156 159 109 227 72 66 248 148 239 163 128 171 62 163 150 147 166 157 92 163 119 119 61 137 203 168 125 120 156 121 140 156 45 155 145 20 131 223 170 45 106 103 153 186 140 47 109 215 150 72 141 218 32 15 197 251 218 169 149 91 98 26 108 177 74 132 12 90 229 119 145 209 91 15 90 138 24 143 65 22 194 68 135 51 90 209 38 205 147 155 143 59
52 93 174 200 110 201 189 160 94 214 174 82 155 170 115 132 114 148 123 44 192 108 61 171 155 150 150 97 180 183 161 52 102 34 51 107 202 150 22 183 167 38 15 158 100 91 108 121 82 65 8 35 36 134 176 115 135 150 64 130 159 144 43 111 120 14 175 133 152 173 66 139 108 130 148 70 88 82 22 109 148 155 132 153 135 99 179 168 92 129 56 176 85 123 179 88 29 136 133 112
63 206 227 124 215 118 220 147 45 254 203 196 65 84 230 201 227 219 11 154 112 194 62 225 225 217 48 50 212 213 78 64 94 145 125 7 246 196 111 235 156 83 109 134 170 127 198 117 136 115 106 119 127 133 204 222 204 61 150 102 97 111 129 225 105 114 227 35 47 145 54 221 48 18 117 81 202 147 119 98 176 128 35 208 105 30 176 112 87 52 139 100 50 225 113 199 87 208 199 65
58 136 246 216 181 212 255 208 54 284 239 133 159 178 170 206 173 222 99 117 205 184 44 243 230 224 145 51 246 249 171 57 28 107 122 91 273 220 92 255 216 46 85 200 173 30 183 169 149 128 72 49 110 185 241 185 209 155 139 57 181 181 53 160 46 63 247 130 144 215 86 214 123 104 186 113 141 153 95 35 212 195 130 225 172 68 232 194 21 139 130 191 104 195 200 156 58 210 206 135
190 246 77 141 180 153 40 53 223 72 33 229 161 155 237 102 226 110 207 178 147 133 206 78 108 101 179 230 40 37 150 190 264 179 138 195 73 63 166 81 45 201 173 70 109 272 141 81 108 123 186 222 156 64 31 191 103 160 139 284 121 91 230 246 281 201 77 175 185 67 165 131 149 212 85 134 228 113 167 270 43 76 173 79 94 213 25 110 253 151 140 139 154 179 124 194 190 108 98 132
66 189 262 183 221 176 262 199 22 294 245 183 123 142 220 228 221 246 55 155 170 213 51 259 253 246 105 16 254 256 137 66 40 145 144 56 285 232 119 270 208 73 114 187 195 80 214 164 164 142 104 97 138 181 247 226 231 120 166 43 155 165 105 212 47 103 262 94 102 200 82 242 101 57 171 114 191 172 125 42 217 181 94 241 158 33 226 170 38 110 156 158 91 233 172 199 84 234 227 117
66 163 262 209 205 204 267 213 41 298 251 160 150 169 197 224 199 241 85 140 197 204 49 259 248 242 134 36 259 261 163 65 9 130 139 81 287 234 110 270 221 62 104 203 191 47 205 175 164 141 92 74 129 192 253 209 227 146 158 34 177 182 79 187 26 86 262 120 132 217 90 234 120 88 188 121 167 169 115 15 223 198 120 241 174 56 239 191 5 133 148 184 105 219 196 181 75 229 224 135
125 252 189 40 228 40 168 82 132 203 152 238 30 21 264 182 257 199 96 184 31 191 134 188 203 193 51 138 162 162 17 126 181 178 140 92 200 160 146 197 89 146 149 65 160 208 198 75 130 119 154 182 152 84 153 238 185 31 161 191 13 46 193 264 194 168 190 56 57 69 99 210 56 97 50 94 241 143 153 186 132 59 55 177 49 117 109 26 173 39 153 15 79 234 24 223 142 189 178 49
191 179 30 224 97 234 69 131 236 70 70 163 220 223 158 29 144 15 240 129 226 59 207 28 8 12 232 241 65 69 215 192 260 136 115 223 56 44 144 32 129 192 151 146 63 252 63 128 93 116 164 195 126 119 72 105 26 217 97 287 191 157 199 170 279 175 30 221 237 153 178 36 188 246 154 147 159 85 140 267 74 150 219 26 154 232 120 186 250 200 106 213 179 89 202 120 179 25 30 174
84 194 281 203 233 196 282 220 43 314 265 190 143 162 227 246 229 263 74 168 190 228 68 278 270 263 124 36 274 276 157 83 33 158 161 77 305 252 134 289 229 86 128 209 212 75 230 185 183 160 118 104 153 202 267 238 249 140 182 23 176 186 110 218 31 114 281 114 121 221 102 258 123 75 192 134 198 190 140 30 238 203 114 260 179 54 248 191 36 131 172 179 112 246 192 210 98 251 245 139
56 195 241 152 214 146 238 171 19 272 221 187 93 112 222 211 221 229 26 150 140 200 48 239 236 228 75 23 230 232 106 56 67 141 130 26 263 211 110 250 180 72 106 158 178 102 203 137 146 124 100 104 128 154 223 221 214 89 154 74 124 135 113 216 77 103 242 63 73 171 61 228 72 30 142 93 193 156 117 70 194 152 63 222 129 9 199 139 61 80 143 128 65 226 141 195 79 217 210 88
142 18 187 282 68 285 216 222 180 230 206 9 242 256 28 140 33 146 213 61 275 105 148 183 154 153 240 181 208 212 247 141 170 66 108 197 216 175 99 192 226 124 98 225 122 139 99 188 130 129 98 95 92 196 209 64 142 237 95 198 240 218 89 21 185 92 187 223 242 240 156 127 195 220 220 150 3 121 92 176 188 224 221 168 209 187 232 245 164 216 98 259 172 80 259 41 118 139 144 195
100 98 119 204 62 208 140 137 146 161 128 81 173 184 98 74 89 88 164 30 199 48 114 116 96 92 176 150 131 135 174 100 161 34 30 147 148 99 47 127 142 94 52 142 45 149 49 105 46 49 64 93 27 111 131 71 77 168 10 189 162 137 97 102 180 73 120 160 179 156 99 79 128 171 138 79 81 36 41 169 106 141 158 98 128 146 148 166 152 147 16 183 109 72 180 55 82 77 76 123
85 197 151 93 173 96 140 69 109 175 123 183 64 72 208 134 201 152 91 128 87 139 98 149 157 148 74 116 133 134 63 86 154 123 84 79 168 121 92 160 78 103 96 59 108 171 145 36 76 64 103 135 97 53 124 183 137 60 105 171 51 38 146 209 170 118 152 64 79 73 57 160 33 96 44 40 186 89 98 160 97 53 62 135 30 97 97 58 144 42 97 71 40 180 70 167 96 142 131 17
153 141 63 213 65 221 93 127 199 106 86 125 198 204 125 16 112 28 208 87 212 19 169 60 35 31 207 204 86 90 196 154 220 94 76 191 92 54 104 69 127 152 110 138 27 210 26 111 61 82 123 153 85 107 89 75 18 195 56 247 175 143 157 135 239 134 63 194 212 148 144 25 160 215 142 115 121 49 100 227 76 140 192 44 137 196 125 174 210 176 66 198 147 63 190 83 139 17 20 149
168 134 73 236 51 244 109 150 214 115 104 119 220 227 112 33 99 31 226 91 235 22 183 70 37 39 229 219 102 107 218 169 232 100 92 210 101 72 116 77 150 164 122 161 48 218 22 134 82 101 134 161 97 130 107 60 33 217 68 259 198 166 163 124 250 143 73 215 233 171 162 10 181 233 165 135 114 69 111 239 97 163 213 59 161 213 146 197 222 197 79 221 167 45 213 75 152 28 38 171
133 194 81 132 140 142 70 45 170 104 53 178 129 130 191 76 181 91 161 124 133 95 150 79 94 84 144 177 62 64 123 134 208 124 81 147 97 51 108 89 47 144 115 56 64 214 103 36 52 65 128 164 99 26 55 151 78 127 86 230 98 64 173 197 226 144 82 135 149 66 111 105 104 167 62 79 178 60 110 215 26 58 133 67 61 162 51 94 197 112 85 120 103 142 110 147 132 83 71 88
127 250 180 40 223 44 158 72 137 193 143 235 39 31 260 175 253 191 103 181 35 185 137 179 195 185 60 143 153 153 26 128 186 176 136 98 190 152 144 188 80 148 147 55 154 211 192 68 124 115 153 182 149 76 143 233 177 40 156 197 3 37 194 261 199 168 181 63 66 60 100 202 58 105 41 92 238 138 151 191 123 49 62 169 41 122 99 17 178 44 149 20 80 229 19 219 143 182 171 49
144 188 61 152 127 162 58 62 183 89 41 171 149 150 181 57 170 71 178 120 153 80 161 60 74 65 163 189 49 51 143 144 218 122 82 163 80 31 112 70 62 152 119 75 52 220 88 56 52 70 132 168 99 46 44 137 59 146 81 241 119 85 176 189 236 147 62 154 168 83 124 87 121 184 82 91 170 55 112 225 15 78 152 47 81 176 60 114 207 131 83 141 118 127 130 137 140 64 52 106
143 263 181 29 233 37 156 70 153 191 142 248 51 38 272 180 265 196 117 194 28 193 153 181 199 189 73 159 152 151 37 144 202 189 148 114 189 154 158 189 76 164 161 53 162 227 200 74 134 127 168 198 162 79 142 243 182 53 167 213 16 42 209 274 215 183 182 78 78 54 116 209 74 119 43 106 251 147 164 207 125 48 77 171 48 138 95 11 194 60 160 20 96 238 5 231 158 187 176 64
209 201 22 228 118 239 59 134 253 51 65 185 229 230 178 50 165 37 254 151 231 80 225 22 30 32 243 258 58 61 223 209 279 157 134 238 38 49 164 17 130 211 171 150 82 272 85 136 110 133 184 216 146 125 67 126 47 227 117 305 197 163 220 191 298 196 21 233 248 154 195 57 200 260 160 163 181 103 161 287 78 154 231 34 161 248 118 191 269 211 126 219 193 109 207 142 198 47 49 186
60 87 202 220 126 220 217 187 91 243 202 80 170 187 117 159 118 173 128 62 211 132 61 199 181 176 163 92 208 212 179 59 84 53 80 114 230 179 50 210 195 38 43 184 127 65 131 148 110 94 31 8 64 162 205 129 161 165 91 113 180 169 14 109 101 15 203 146 164 199 82 162 126 134 173 94 88 110 50 91 177 181 145 181 160 99 207 190 76 145 83 195 102 139 200 100 38 162 160 132
153 81 127 259 6 265 160 184 198 170 153 67 231 241 58 82 45 85 220 60 256 49 165 124 92 93 235 201 153 157 232 153 204 70 89 204 156 121 100 132 186 142 103 192 75 182 41 158 97 107 111 128 83 160 156 13 83 227 65 232 218 190 127 70 221 114 127 219 238 204 156 65 187 228 191 138 61 84 92 211 139 192 217 110 183 200 187 220 195 206 74 240 167 20 236 23 132 80 87 181
174 105 112 266 21 273 149 185 220 153 144 92 244 252 77 72 63 70 239 84 264 45 187 109 75 79 249 223 142 146 243 174 228 94 104 222 139 112 120 115 186 165 124 195 77 208 38 163 105 119 134 153 102 163 147 24 72 239 79 257 227 196 153 90 246 138 112 234 253 206 174 48 201 246 196 152 85 92 113 235 135 196 232 99 190 221 184 227 219 219 89 249 183 7 243 50 154 68 77 193
139 100 104 232 30 238 134 155 185 147 125 84 207 216 85 57 73 65 202 55 229 22 153 101 72 71 212 189 126 130 207 139 198 64 67 185 133 94 85 109 157 132 90 163 46 181 17 130 70 82 101 125 66 131 128 40 59 203 42 226 191 162 126 94 216 108 104 197 216 175 137 48 164 210 163 115 80 56 79 205 111 163 195 85 155 185 158 193 188 182 52 213 146 35 208 42 120 57 61 157
72 113 132 179 93 182 145 123 118 171 130 98 144 156 122 92 115 109 133 42 173 74 87 129 116 110 146 123 136 139 147 72 139 39 8 116 159 107 23 140 129 70 31 124 58 134 77 87 38 26 44 79 11 97 133 101 95 139 28 166 137 115 86 123 158 58 132 130 149 139 68 104 98 140 118 50 100 38 22 146 105 122 128 110 106 117 139 142 129 118 17 157 78 103 156 82 58 97 92 95
126 156 71 170 97 178 83 87 169 109 69 139 156 161 149 42 138 60 171 88 169 52 143 68 66 57 166 175 74 77 153 127 198 91 55 155 97 44 86 80 90 130 93 97 21 196 60 68 27 50 107 142 71 65 72 108 45 152 49 223 132 100 148 156 217 121 72 154 171 108 111 68 120 178 99 79 138 25 85 205 47 98 152 50 94 164 92 131 188 134 52 155 110 99 147 105 117 49 39 108
153 260 156 51 220 63 128 43 170 162 115 244 79 68 265 160 256 174 140 189 56 177 166 155 176 167 100 177 124 123 65 154 219 185 142 134 161 130 158 163 48 172 162 29 146 240 185 62 122 121 171 204 158 60 114 231 162 79 158 232 38 32 214 268 233 187 157 102 105 24 125 189 89 143 29 107 246 135 163 224 100 27 100 148 41 157 65 23 209 80 152 50 106 224 33 222 165 167 155 75
162 246 115 94 194 106 85 13 189 119 72 230 115 108 245 126 235 138 167 175 99 149 177 115 139 130 134 196 82 80 103 163 234 174 129 157 118 92 152 121 8 178 158 24 119 248 157 52 103 110 169 205 147 39 72 205 127 114 139 251 74 47 214 251 250 185 116 132 140 19 135 155 110 171 41 109 230 113 156 240 62 30 130 110 53 178 23 62 224 108 136 92 120 196 76 201 168 132 121 93
149 10 198 292 78 294 228 233 185 241 218 16 251 265 29 152 38 158 219 72 285 117 153 195 165 165 248 185 220 224 256 148 172 76 119 204 227 187 108 204 238 130 107 237 135 138 110 199 142 140 106 99 103 207 221 73 153 246 106 199 250 229 92 16 186 98 198 231 250 251 164 138 204 226 231 160 15 132 101 177 200 235 229 180 220 192 244 256 166 225 109 269 181 90 269 53 125 151 156 205
191 239 63 154 170 166 26 63 227 59 20 222 171 166 229 91 217 97 214 173 159 123 208 64 95 88 188 234 26 23 161 192 266 175 135 201 59 52 164 67 56 202 171 80 101 271 131 87 105 121 184 221 152 70 18 181 92 169 133 287 132 101 228 238 283 200 63 183 194 79 168 119 155 219 95 137 221 108 165 272 38 86 181 67 102 218 38 122 255 159 136 151 158 168 136 185 190 96 87 139
32 176 210 141 186 138 208 144 33 241 191 166 85 103 200 180 197 198 39 124 130 169 34 208 205 197 73 40 200 202 96 33 80 115 100 23 232 180 82 219 153 53 80 134 147 105 173 109 115 92 76 89 99 126 193 194 183 80 124 95 107 112 100 195 95 83 211 57 73 147 30 197 50 46 118 62 172 124 90 85 164 128 56 191 104 24 172 121 71 64 113 116 36 198 126 170 56 186 178 65
142 45 160 269 41 273 191 203 183 203 182 31 234 246 32 114 25 120 212 50 264 79 151 157 127 127 234 186 183 187 237 141 181 59 93 196 189 150 93 166 206 127 94 208 99 154 73 172 112 114 98 104 81 177 185 38 116 229 76 210 227 203 101 38 197 96 161 217 237 222 151 100 188 219 204 140 25 101 85 188 165 207 216 142 194 188 211 231 173 208 81 248 166 54 246 15 119 113 118 185
34 117 171 177 124 178 181 143 80 209 165 105 131 147 137 133 134 149 103 61 169 114 48 168 157 150 127 84 172 174 138 34 98 51 47 86 198 145 20 180 150 30 16 139 99 97 116 103 74 53 16 49 39 117 167 131 136 126 68 125 136 124 59 133 117 31 172 110 129 154 43 144 85 110 128 49 110 78 27 106 138 135 109 150 114 81 164 145 88 105 57 153 61 136 156 106 17 137 132 89
75 165 130 127 138 131 128 78 112 161 111 150 97 107 174 105 166 124 108 95 122 105 92 128 129 121 104 118 120 122 98 76 149 90 49 92 152 100 63 139 86 88 68 76 76 158 111 39 43 28 78 113 63 54 113 147 109 93 70 171 85 63 123 175 167 94 131 91 109 91 52 128 57 115 66 20 153 56 68 156 83 72 89 112 54 104 101 90 139 73 62 106 47 145 104 132 77 112 103 47
118 253 209 52 238 46 190 105 116 226 175 240 7 12 268 199 263 216 76 188 40 204 125 208 220 211 28 122 185 185 8 119 166 181 146 76 222 180 148 218 113 140 149 88 174 196 210 93 142 128 152 176 157 104 175 247 201 11 170 173 37 68 187 267 177 165 210 37 33 94 94 225 52 76 73 98 244 155 155 170 153 82 37 196 68 101 133 51 159 31 161 29 75 245 45 230 138 206 195 53
165 118 90 245 34 252 125 161 211 132 120 103 225 233 95 48 82 48 226 81 243 23 179 87 54 56 232 215 119 123 224 165 224 90 90 209 118 88 111 94 162 158 116 172 55 208 17 142 86 102 127 152 92 140 123 43 48 221 65 253 206 175 153 108 243 135 90 218 236 183 161 26 184 233 174 136 98 72 105 232 111 173 216 75 168 210 160 205 215 201 76 228 168 28 221 60 147 44 53 175
177 173 31 211 93 220 66 119 221 74 63 156 205 208 154 17 141 14 224 118 212 50 193 28 15 6 217 226 60 64 200 177 246 125 101 208 60 33 130 37 117 178 137 133 49 239 57 113 78 101 151 183 112 105 66 103 14 202 84 273 177 143 187 165 265 163 31 206 222 140 163 36 172 231 141 132 153 70 127 254 62 136 204 17 139 217 110 172 236 185 93 199 163 88 189 114 165 16 16 159
101 131 99 175 86 181 113 104 146 138 99 114 150 159 130 61 121 79 154 61 171 53 117 96 86 79 157 151 104 107 150 101 171 62 25 137 126 74 56 107 108 102 63 109 28 166 58 74 13 28 77 112 41 78 102 97 64 146 23 197 134 106 118 135 189 91 100 143 161 123 90 78 109 161 107 62 115 6 55 178 75 109 141 78 98 142 115 136 160 126 23 156 94 93 151 87 89 67 61 100
48 131 149 159 121 161 156 117 93 185 140 117 119 132 145 114 140 132 105 65 152 101 65 147 139 131 119 98 147 150 123 49 120 58 31 88 175 122 26 158 125 53 29 115 81 123 104 78 51 29 39 75 34 92 142 129 117 114 56 145 117 101 84 144 139 55 150 103 122 130 40 130 72 112 105 27 121 58 32 127 113 111 101 129 91 90 138 125 110 93 45 136 51 131 137 108 41 120 113 72
99 236 210 73 227 67 195 113 95 230 178 224 14 33 254 194 249 212 56 174 61 196 104 208 217 208 15 101 188 188 27 99 145 166 135 55 225 180 132 218 121 121 133 97 167 175 202 93 134 118 135 157 143 107 179 236 197 10 159 153 50 74 168 252 156 147 211 16 20 105 76 219 37 57 80 85 229 147 140 149 154 90 16 195 72 80 142 65 138 18 149 49 59 235 63 217 119 201 191 44
173 237 84 126 176 138 53 35 205 87 41 220 143 138 231 102 220 112 189 168 131 129 189 85 112 103 161 212 50 48 133 174 246 168 125 177 86 64 152 90 27 185 159 52 102 256 137 63 96 109 171 208 143 46 40 187 103 141 129 267 104 73 216 238 264 187 85 156 167 51 148 131 130 193 67 118 220 103 154 253 38 58 155 82 75 195 12 93 236 133 129 123 136 176 107 187 174 108 97 113
35 113 175 182 124 183 186 149 79 213 170 101 136 151 134 136 132 153 105 60 174 116 46 173 160 154 131 83 177 180 143 34 95 50 51 89 202 149 22 184 156 26 16 145 103 92 117 109 79 59 11 43 41 123 172 130 139 131 70 122 142 130 53 130 113 25 176 114 133 160 47 146 90 112 134 54 107 82 28 102 143 141 113 154 120 82 170 151 85 110 60 158 66 136 162 105 14 141 136 94
148 275 202 17 249 18 177 91 151 212 163 261 43 25 286 200 279 216 112 207 9 211 156 202 219 210 63 157 173 172 29 149 201 201 162 111 210 175 169 210 97 169 172 74 180 229 218 93 151 142 177 205 175 99 163 259 202 46 183 209 29 61 216 287 213 191 203 72 68 74 122 228 78 112 64 117 264 164 176 205 145 69 72 192 66 136 116 32 193 60 175 9 102 255 17 246 165 207 195 73
64 104 229 229 153 226 243 206 80 269 228 101 175 193 138 187 141 202 123 91 219 161 57 226 209 204 164 79 234 237 185 63 60 82 106 112 257 205 75 238 214 43 68 201 155 36 160 167 136 117 55 21 91 182 230 156 190 170 119 88 190 184 21 128 76 41 230 148 164 216 91 191 133 128 189 111 109 137 77 66 201 197 147 208 175 92 228 202 54 152 111 203 111 167 210 127 51 190 188 143
53 90 183 207 114 207 198 169 93 224 183 80 160 176 115 141 114 156 124 49 198 116 60 180 164 158 154 95 189 192 167 53 96 39 61 109 211 160 31 191 176 36 24 167 109 82 115 130 91 75 14 26 45 143 186 119 144 155 73 124 166 152 33 109 114 6 184 137 156 182 71 146 114 131 157 77 86 91 31 103 158 163 136 162 143 98 189 175 87 134 65 182 90 127 186 91 30 144 142 118
96 201 140 91 171 96 127 56 122 162 110 186 71 76 209 127 202 144 104 131 87 134 110 139 148 139 84 129 120 121 67 97 166 126 85 92 156 110 97 149 65 113 102 46 103 182 140 24 72 64 110 144 99 40 112 181 129 68 104 184 50 28 154 211 183 126 141 75 89 61 68 153 46 109 33 47 189 86 103 172 85 41 73 125 19 111 83 54 156 52 97 72 53 177 68 168 105 134 123 29
166 43 179 297 55 301 212 229 206 221 204 38 261 274 6 134 7 137 237 77 291 100 174 176 144 145 260 208 205 209 265 166 199 85 121 221 207 172 119 183 233 150 119 235 124 168 93 199 138 142 122 123 109 204 207 47 135 256 103 227 255 230 118 21 214 118 179 244 263 248 177 116 215 244 232 167 30 127 112 205 189 234 242 162 222 212 236 259 192 235 109 275 192 64 273 39 143 132 139 213
148 253 149 58 212 69 122 36 168 157 108 237 80 71 257 152 248 167 139 182 62 170 162 148 169 160 101 174 118 117 67 149 215 178 135 131 155 123 151 156 42 167 156 21 138 235 177 54 115 114 165 198 151 52 108 223 154 80 150 230 39 26 209 261 230 181 150 101 106 19 120 182 86 142 22 101 239 127 156 221 93 19 100 141 35 154 60 25 206 79 145 54 102 216 38 214 159 159 148 71
142 252 158 50 215 60 132 46 159 167 118 236 68 59 258 158 250 174 129 181 52 174 155 157 176 167 89 165 128 127 56 143 207 177 134 122 165 131 149 165 52 161 153 29 142 228 181 56 117 113 161 193 150 57 118 226 161 69 151 220 27 24 204 261 221 177 159 90 95 30 114 187 77 131 23 98 239 129 154 212 101 25 89 148 33 145 71 14 198 68 145 43 95 219 28 215 154 166 154 63
82 80 150 211 77 213 169 156 126 191 156 65 172 185 92 105 87 119 151 13 204 77 93 147 127 122 171 129 160 164 176 81 135 5 39 134 179 129 30 157 161 71 32 157 75 119 77 120 67 59 39 63 22 129 159 83 108 167 38 163 169 148 66 91 153 45 150 155 174 172 89 108 125 158 151 79 68 62 22 142 132 155 153 129 139 129 170 175 125 146 34 188 103 90 188 58 60 108 107 124
84 130 263 243 187 239 275 233 80 303 259 130 186 205 167 221 172 236 125 126 232 196 71 260 244 239 172 76 266 269 198 83 39 117 139 118 291 238 108 272 241 68 101 226 189 3 195 193 168 148 88 56 125 209 262 189 224 182 153 62 208 207 55 155 49 75 264 157 171 241 112 226 150 129 212 137 139 170 111 42 233 221 157 242 198 95 256 221 40 166 145 218 130 201 227 160 79 225 222 162
106 118 101 190 71 196 120 119 152 142 107 101 165 174 115 58 106 74 164 50 187 41 122 98 82 76 170 157 111 114 165 107 173 54 29 147 129 79 57 109 122 105 63 125 26 165 45 89 28 40 77 109 38 93 110 81 61 160 11 200 149 122 114 121 192 89 101 156 174 138 99 70 122 171 122 74 101 17 53 180 85 124 154 79 114 150 128 151 163 140 18 171 106 78 167 71 92 62 59 114
134 189 74 140 133 150 67 52 173 100 50 172 136 138 185 68 174 83 165 119 141 87 151 73 86 77 150 179 59 61 130 135 209 120 78 151 92 44 106 83 54 144 113 64 57 213 95 43 48 63 126 163 96 34 52 143 70 133 81 231 106 72 171 191 227 142 75 141 155 74 113 97 109 171 70 81 172 55 107 216 23 66 139 60 68 165 57 102 198 118 81 128 106 134 118 140 132 75 63 94
146 144 62 202 72 210 89 117 191 105 80 127 188 193 130 17 118 34 198 85 201 25 162 59 41 35 197 196 81 85 185 146 214 91 69 182 92 48 98 69 118 146 105 128 18 206 33 100 51 73 118 149 79 97 83 82 20 184 51 241 165 132 154 139 233 129 63 184 202 138 135 36 150 205 131 106 124 41 94 221 67 130 182 42 127 188 116 163 204 165 60 187 138 71 179 87 133 21 18 139
86 63 207 244 116 244 227 205 116 249 213 59 196 212 96 162 100 174 154 60 236 132 87 204 182 179 189 116 218 221 204 85 102 54 92 140 236 187 66 215 212 64 61 204 133 73 129 167 122 109 52 30 74 179 216 117 164 191 96 130 204 190 21 86 117 37 208 172 190 219 107 161 151 160 194 115 67 119 63 108 189 201 171 186 181 125 223 213 96 171 91 220 127 129 224 88 64 164 164 156
63 199 192 102 194 100 183 111 71 218 166 187 49 66 218 170 213 188 47 138 92 167 71 190 194 185 45 77 176 177 58 64 120 130 102 36 211 162 96 201 120 85 97 98 140 145 172 80 106 87 98 121 108 96 168 202 173 44 126 133 67 75 132 216 133 110 193 29 48 110 40 192 11 53 81 53 192 118 104 125 140 92 27 175 69 57 139 81 111 25 116 77 23 203 86 182 83 177 167 28
143 164 55 179 98 187 70 91 186 93 58 147 169 173 154 29 142 46 187 100 178 51 159 52 51 42 180 192 61 65 165 143 215 103 70 171 81 30 101 63 91 146 108 103 26 211 59 78 44 66 122 156 85 72 61 108 32 165 61 240 142 109 162 162 233 136 55 169 185 112 127 58 135 194 107 96 145 39 100 222 41 105 167 34 104 181 90 139 204 148 66 165 126 97 155 110 134 37 25 122
178 222 54 155 154 166 27 61 215 62 11 205 165 163 212 76 200 84 204 156 159 107 194 54 83 75 182 221 21 21 157 178 252 158 119 191 58 37 148 60 56 187 155 78 84 256 115 77 88 106 168 205 136 61 11 165 77 164 117 274 129 96 212 221 270 184 55 175 188 80 156 104 146 210 91 123 204 91 149 259 22 83 174 53 96 206 42 120 241 152 119 149 147 152 135 169 175 81 71 130
54 194 236 147 212 141 233 165 22 266 216 186 88 107 221 207 220 225 23 148 135 196 47 234 231 224 71 27 225 226 101 54 72 138 126 20 258 206 107 245 174 71 104 153 174 106 199 132 142 119 98 104 125 148 217 218 210 84 151 79 119 130 114 215 82 103 237 58 69 165 57 224 66 28 136 88 192 151 115 75 188 146 58 217 123 8 193 133 65 74 140 123 60 223 136 193 77 213 205 83
38 107 180 190 123 190 192 156 80 219 176 96 143 159 130 140 128 156 109 58 182 119 47 178 164 158 137 83 183 186 150 37 91 48 56 93 208 155 25 189 164 25 19 153 107 85 119 117 85 65 7 35 44 131 179 129 143 138 73 119 149 138 45 125 110 17 181 120 139 168 54 149 97 116 142 63 102 87 30 99 150 149 119 159 128 84 177 159 81 117 64 165 73 136 170 103 14 144 140 102
