100 30
200 398 401 250 121 76 382 230 343 226 451 187 180 260 130 220 313 185 392 287 128 356 297 150 157 94 184 136 114 109
40 45 39 28 12 45 28 24 10 20 43 11 23 49 15 38 33 36 15 39 25 37 38 18 26 37 19 17 14 13 27 43 32 19 46 18 29 27 40 47 11 23 33 36 20 15 12 40 31 25 11 40 17 36 27 28 46 31 50 13 41 15 14 13 11 20 10 42 39 34 39 26 26 47 36 16 48 35 46 16 38 28 23 22 45 43 39 34 41 31 49 33 41 19 41 13 27 43 19 38
395 439 446 500 213 153 481 281 398 290 497 333 233 470 247 254 377 290 405 455 151 419 430 167 250 104 294 203 158 208
55 37 37 23 15 28 48 32 35 28 58 41 25 28 16 36 22 26 25 66 38 33 36 35 55 8 26 80 45 31
86 83 24 83 61 67 44 41 83 64 112 62 69 41 62 25 65 74 85 46 88 59 81 67 38 66 72 72 104 79
26 77 74 44 64 30 61 82 74 33 19 40 29 77 39 74 69 26 38 76 73 40 76 32 72 43 27 73 33 20
58 32 58 2 25 35 64 49 29 37 45 52 31 45 27 56 28 28 7 83 29 45 32 44 73 17 30 93 27 30
90 67 26 74 48 67 54 25 68 65 109 67 68 27 59 25 51 72 77 61 73 62 65 70 51 59 71 86 97 77
43 48 38 26 28 16 40 42 46 16 51 30 13 37 4 37 34 15 25 59 48 22 47 23 49 8 14 70 43 20
29 99 54 75 77 39 25 79 98 37 73 22 43 74 48 55 84 47 72 28 100 30 98 31 31 59 45 20 81 49
52 39 56 7 29 29 60 51 36 31 41 47 25 47 23 54 33 22 5 78 35 40 38 38 69 14 23 87 25 23
85 72 20 75 51 64 47 30 73 61 107 61 65 31 57 21 55 69 77 52 78 57 70 65 42 59 68 78 98 75
81 36 33 47 19 54 59 6 37 53 87 62 53 7 43 31 20 55 51 73 42 54 34 60 61 37 54 94 71 60
60 39 70 10 38 42 73 61 36 44 37 59 37 58 36 68 39 33 9 92 33 53 39 50 83 28 35 100 16 32
31 107 62 82 84 45 33 87 105 44 76 29 50 83 55 63 92 53 78 33 107 37 106 37 38 67 51 17 86 54
21 88 49 63 66 26 23 71 86 25 62 10 31 66 36 49 73 34 59 34 88 18 87 18 33 48 33 32 69 36
50 86 99 55 81 56 87 102 83 59 12 67 54 97 62 98 85 49 49 103 81 66 87 58 98 62 51 98 33 43
68 27 40 27 2 41 57 24 26 41 68 53 38 21 29 38 9 39 31 74 30 45 25 48 62 20 39 91 52 43
35 78 32 58 55 25 9 56 77 22 69 11 29 51 30 33 62 34 56 27 80 13 77 20 20 40 32 38 70 38
76 65 11 65 43 54 40 25 66 52 97 53 55 24 47 11 47 59 68 49 70 48 63 56 38 49 58 73 88 65
82 48 26 56 30 57 54 6 49 55 94 61 56 9 46 24 32 59 60 66 54 54 46 61 54 43 58 89 80 64
56 35 40 20 15 29 50 34 33 29 56 43 26 30 17 38 21 26 22 68 35 35 34 37 58 7 26 82 42 30
7 94 65 64 74 31 41 84 92 32 51 24 35 79 43 66 81 36 60 51 92 30 93 24 51 53 35 42 63 35
23 69 63 37 54 19 51 71 66 22 27 31 18 66 27 62 60 14 31 68 66 30 68 22 62 32 15 68 34 9
63 37 29 33 13 36 47 21 37 35 70 46 34 16 24 27 19 36 36 64 40 38 36 42 52 19 36 81 57 41
23 93 51 68 70 31 24 74 91 30 66 15 36 70 41 52 78 39 64 32 93 23 92 23 32 52 38 28 73 41
21 74 44 49 53 12 26 61 72 11 53 6 17 56 22 44 60 21 45 42 74 7 73 4 37 34 19 46 56 23
50 115 60 94 91 58 32 88 113 55 94 40 62 84 65 61 98 66 91 21 116 47 113 50 31 76 65 5 101 69
50 39 53 9 27 27 57 49 37 29 42 44 23 45 20 52 32 20 8 75 37 37 39 35 66 11 21 85 28 22
56 48 21 39 23 30 36 25 47 29 70 37 30 20 20 19 30 33 40 53 51 29 46 35 41 21 32 71 60 39
15 90 77 58 75 35 58 90 88 37 33 37 36 85 46 77 81 34 52 70 87 40 90 32 68 53 34 62 50 30
16 98 62 70 77 35 35 83 96 34 61 22 39 79 46 63 84 41 66 43 97 30 97 26 44 57 40 32 72 41
73 59 10 59 37 50 40 20 60 48 92 50 51 18 42 9 41 55 62 51 64 45 57 52 39 43 53 74 82 60
21 70 61 38 54 17 48 70 67 20 30 28 16 65 26 60 60 13 33 65 67 27 69 19 59 32 14 65 36 9
66 26 61 7 25 42 70 49 23 44 50 59 38 46 34 59 25 36 13 89 22 52 26 51 78 23 37 100 30 37
63 80 15 71 55 48 22 44 79 45 93 40 51 41 45 17 61 56 71 27 83 38 78 46 16 52 54 52 89 61
33 112 68 86 90 50 39 93 111 49 78 35 54 89 61 69 97 57 82 38 112 43 111 42 44 72 56 18 89 58
84 16 51 36 14 57 71 26 17 57 79 69 54 26 45 48 7 54 41 88 23 61 14 65 76 35 55 106 60 58
35 76 81 43 66 37 69 86 73 40 10 49 35 81 44 80 71 31 37 85 71 48 76 40 80 46 33 82 28 25
63 80 15 71 55 48 22 44 79 45 93 40 51 41 45 17 61 56 71 27 83 38 78 46 16 52 54 52 89 61
60 92 29 80 68 51 18 58 92 48 96 38 55 55 52 31 74 60 79 13 95 40 90 47 7 61 58 39 95 65
64 41 76 16 43 47 79 67 38 49 36 64 42 63 42 74 44 38 15 98 35 58 42 55 88 34 40 105 13 36
11 82 68 51 66 25 50 80 80 27 33 29 26 75 36 67 72 25 45 64 79 31 82 23 61 44 25 59 46 22
90 2 67 33 26 64 85 44 3 65 75 79 60 43 53 65 20 59 39 102 6 71 4 72 91 42 60 118 53 61
50 40 54 9 29 27 57 50 37 29 41 44 23 46 20 53 33 20 7 76 37 38 40 36 67 13 21 85 26 21
92 9 61 39 24 66 82 36 12 66 83 79 62 36 54 59 16 62 45 99 17 71 8 73 87 43 62 116 62 65
47 84 95 52 78 52 84 99 81 55 9 64 50 94 58 94 82 45 46 99 78 63 84 55 95 59 47 95 31 40
84 33 38 47 19 57 63 9 34 56 88 66 55 11 45 35 18 57 51 77 40 58 31 63 65 39 57 98 72 62
22 105 67 78 84 42 39 90 103 42 67 29 46 85 54 68 91 49 74 43 105 37 104 34 47 65 48 28 79 49
61 28 51 11 17 36 61 41 25 37 53 52 32 37 25 49 20 30 15 79 26 44 27 44 69 14 31 92 35 33
77 42 26 49 22 51 52 4 43 50 87 57 50 1 40 24 25 53 52 66 48 50 40 56 54 37 52 88 73 58
90 59 27 68 42 65 56 18 60 63 105 67 65 21 56 26 43 69 71 66 66 61 57 69 54 54 68 90 92 74
39 59 29 39 36 15 27 42 57 13 59 20 16 37 11 28 43 21 38 45 60 12 57 18 35 21 19 58 55 27
75 23 71 17 32 53 81 56 20 55 54 70 49 53 45 69 30 46 22 100 16 63 24 62 89 34 47 111 31 46
22 103 64 76 81 40 36 87 101 39 66 26 44 82 51 65 89 47 72 41 102 34 102 32 44 62 45 27 77 47
90 11 58 39 21 64 79 33 14 64 82 77 60 33 52 56 14 60 45 96 19 68 9 71 84 41 61 114 62 64
38 88 92 55 79 48 78 98 85 51 14 57 47 94 56 91 84 43 49 92 83 57 88 49 89 59 44 86 37 37
52 68 13 56 44 33 17 38 68 30 78 28 35 34 30 14 50 40 56 33 71 24 67 33 21 37 38 53 74 46
50 93 34 77 69 45 11 63 92 42 89 30 49 59 48 36 75 54 76 8 96 33 92 40 6 58 52 30 90 58
41 49 40 26 29 14 40 44 47 14 49 29 11 39 3 39 36 13 24 59 49 21 48 22 49 9 12 69 41 18
64 52 13 48 28 39 36 20 52 37 80 42 39 16 30 11 34 43 50 51 56 35 50 42 39 31 42 72 70 48
33 66 71 33 55 28 62 75 63 31 17 42 26 70 33 70 60 21 27 79 62 40 66 32 72 35 22 79 24 15
47 43 54 12 31 25 56 52 41 27 39 42 20 48 19 53 36 17 9 75 40 35 43 33 65 13 18 83 26 18
84 69 19 72 49 62 46 27 70 59 105 60 63 28 54 19 52 67 75 53 75 55 67 64 42 56 66 78 95 73
16 94 80 62 79 38 59 93 92 40 35 40 39 88 50 80 85 38 56 71 91 43 94 35 70 57 38 62 53 34
47 49 29 33 26 20 34 35 48 19 60 30 20 30 10 27 33 23 33 53 51 22 48 26 42 14 22 67 52 29
76 30 36 38 11 49 58 14 30 48 79 59 47 12 37 34 12 49 43 74 35 51 28 56 62 30 48 93 63 53
86 35 37 50 22 59 64 9 37 58 91 67 58 12 47 35 21 59 54 78 42 60 33 65 66 41 59 99 74 64
24 93 51 69 71 32 23 75 92 30 67 16 37 70 42 52 78 40 65 31 93 24 92 24 32 53 39 27 74 42
57 44 71 13 41 40 73 65 40 42 32 57 35 61 36 69 43 31 10 91 38 51 44 48 82 29 33 98 11 29
59 50 79 22 49 46 79 73 47 48 27 63 41 69 43 77 51 36 18 97 44 57 51 53 89 37 38 102 4 34
71 36 78 18 42 52 83 66 33 55 43 70 48 63 46 76 41 44 19 102 29 63 37 60 92 37 46 110 20 43
79 11 62 22 21 54 77 43 8 55 65 69 50 41 43 60 17 48 28 95 8 62 11 62 84 32 49 109 43 50
79 13 52 29 11 53 70 30 13 53 72 66 49 29 41 50 5 49 34 87 18 58 12 60 76 30 49 104 53 52
67 26 41 25 3 40 57 26 26 40 67 53 37 22 28 38 10 38 30 74 29 45 25 48 63 19 38 91 50 42
8 86 57 57 66 23 35 75 84 23 50 16 26 70 35 57 73 28 53 47 85 21 85 15 45 45 27 43 59 28
17 79 48 52 58 16 28 66 77 15 52 8 20 61 27 48 65 23 48 43 78 12 78 7 39 38 21 44 57 25
25 70 66 38 57 23 55 74 67 26 24 35 21 69 31 66 62 17 32 71 67 33 70 25 65 35 19 70 32 12
53 72 14 60 48 36 15 41 72 33 81 29 38 37 34 15 54 43 60 29 75 26 70 35 17 41 42 50 77 49
62 30 41 21 9 35 54 30 28 35 61 48 32 26 23 39 15 32 25 72 31 40 28 43 61 13 32 87 45 36
46 93 100 60 85 56 86 105 90 59 17 65 54 100 63 99 89 50 55 100 87 65 93 57 97 65 52 93 40 45
80 46 25 53 27 54 53 4 47 52 91 59 53 6 43 23 29 56 57 65 52 52 44 59 54 41 56 88 77 62
64 24 53 12 16 39 64 40 22 40 55 55 36 37 29 51 18 34 17 82 23 47 24 48 72 18 35 95 36 36
37 94 43 73 70 38 14 70 93 35 78 20 42 65 44 45 77 47 70 18 95 26 93 30 20 55 45 23 82 50
43 71 23 54 47 26 12 46 70 23 72 19 29 41 26 23 54 34 53 30 73 16 70 24 20 35 32 47 69 39
77 85 21 81 62 61 34 45 85 58 106 53 63 44 57 23 67 68 82 35 90 51 83 60 27 62 66 61 101 73
32 106 60 81 83 45 31 85 104 43 76 28 49 81 54 61 90 53 78 31 106 36 105 36 36 66 51 16 86 54
77 61 13 62 39 54 42 20 61 51 96 54 54 19 45 12 43 58 65 52 66 48 59 56 41 46 57 76 85 64
77 53 18 57 33 53 47 13 54 51 93 55 53 12 43 16 36 56 60 58 59 49 51 56 47 43 55 81 81 62
17 91 78 59 76 36 59 91 88 38 32 39 37 86 47 78 82 35 53 72 88 42 91 33 69 54 35 63 50 31
87 37 37 52 24 60 64 8 39 59 93 68 59 12 49 35 23 61 56 77 44 60 35 66 65 43 60 99 76 66
15 101 67 72 80 38 41 88 98 37 59 27 41 83 49 68 87 43 67 48 99 34 100 30 50 60 42 36 71 42
47 123 73 98 99 62 44 100 121 60 92 45 66 95 71 74 107 70 95 36 123 53 121 54 45 83 68 10 103 71
94 9 64 40 26 67 84 38 12 68 83 81 64 38 55 61 18 63 46 101 16 73 8 75 89 45 64 118 62 66
25 86 45 62 63 26 19 67 84 24 64 9 30 62 35 45 70 35 59 31 86 16 85 18 28 46 33 32 70 37
91 6 62 37 23 64 82 37 9 65 80 78 61 37 53 60 16 60 43 99 14 70 5 72 87 42 61 116 59 63
13 96 77 64 79 37 56 92 93 39 40 37 39 87 49 77 85 38 58 67 93 41 95 33 66 57 38 57 57 35
18 73 62 41 57 19 48 72 70 21 30 28 18 67 28 62 63 16 36 64 70 27 72 19 59 35 16 63 38 12
49 70 16 56 45 31 15 41 69 28 77 25 34 37 29 17 52 39 56 31 72 22 68 30 19 37 37 50 73 44
92 83 29 86 63 73 51 41 84 70 117 68 74 42 67 30 66 79 88 53 89 65 81 73 45 69 77 79 108 85
70 46 20 47 23 44 44 12 46 42 82 49 43 8 34 17 28 47 49 59 51 42 44 49 47 32 46 80 70 52
91 9 60 38 22 64 81 35 12 64 82 78 61 35 52 58 15 61 44 97 17 69 8 72 85 42 61 115 61 64
84 84 24 83 62 66 42 43 85 63 111 60 68 43 61 25 66 73 85 43 89 57 82 66 35 65 71 69 104 78
