100 20
294 330 224 130 137 157 146 267 259 377 171 193 130 111 146 151 156 62 117 145
24 39 38 26 38 21 31 46 12 25 30 22 19 31 23 23 32 29 34 39 19 41 14 30 50 14 16 38 46 27 19 24 48 13 24 14 38 25 30 10 46 11 23 27 49 31 27 40 15 48 31 24 13 17 40 38 20 17 30 41 10 37 38 11 24 42 33 26 49 38 50 37 29 47 33 10 44 33 20 36 37 45 26 47 31 23 41 36 11 43 46 18 48 34 39 50 40 35 18 49
417 474 369 197 262 160 287 367 455 456 190 383 201 116 167 211 192 122 194 238
71 73 14 34 69 81 21 36 51 56 80 58 94 117 11 21 42 68 82 25
91 90 29 51 83 100 39 52 68 75 95 76 113 136 22 32 59 87 93 44
29 68 76 70 85 29 65 75 38 32 82 56 44 37 83 90 48 18 61 64
58 62 15 24 60 67 11 27 40 43 70 46 80 103 18 22 33 55 77 12
22 45 89 67 66 13 76 69 58 41 57 43 11 29 95 89 67 37 93 69
58 40 49 15 30 66 42 9 62 53 43 33 72 104 50 21 59 67 106 29
42 24 54 16 23 48 44 15 55 41 31 15 53 86 57 36 55 54 100 30
22 60 66 60 77 25 55 64 29 21 74 47 43 45 73 79 39 7 59 54
16 50 54 45 64 24 42 49 22 6 63 34 42 55 61 64 30 9 64 39
36 75 81 77 92 35 70 82 42 38 88 63 50 37 88 96 52 24 59 71
16 22 67 39 40 20 55 41 48 28 36 14 26 57 73 62 54 35 92 44
37 19 58 20 23 43 47 20 54 38 28 10 48 81 61 42 55 51 100 33
62 74 6 38 75 71 9 42 34 44 83 56 87 104 12 36 25 54 63 23
68 84 13 49 86 77 19 54 35 49 94 66 94 108 17 47 25 57 55 34
65 59 29 21 52 74 28 21 55 54 64 47 85 112 29 5 49 67 93 21
28 63 87 74 82 22 74 78 50 38 76 54 33 24 93 95 60 27 76 71
24 57 52 48 71 31 40 53 15 10 71 40 49 59 58 65 25 8 55 40
52 14 86 47 16 53 75 45 80 62 1 31 47 84 89 65 83 71 125 61
61 67 10 29 65 71 10 32 40 45 75 50 85 106 13 25 32 57 74 16
75 105 54 81 114 81 53 86 39 58 118 87 100 99 58 86 36 55 14 66
56 92 66 79 105 60 59 84 32 45 106 75 78 71 72 91 37 35 25 67
66 100 63 82 112 71 59 88 36 52 114 83 89 84 68 92 38 46 13 69
33 65 49 52 77 39 38 57 9 17 79 48 58 64 55 67 19 14 47 41
5 38 72 50 56 5 59 54 43 24 51 29 21 43 77 73 51 25 83 51
70 90 24 58 94 79 28 63 34 51 101 72 96 107 28 57 25 56 45 42
66 62 24 23 56 75 24 24 52 53 68 49 86 112 24 9 46 66 89 20
18 56 74 62 74 17 62 66 38 26 70 45 34 36 80 83 47 15 69 59
85 89 20 49 84 94 32 51 60 68 95 73 108 129 14 34 50 79 83 40
46 76 42 56 86 53 34 61 9 29 89 57 72 77 48 66 12 28 37 42
33 45 35 21 51 42 22 26 27 19 56 26 56 79 40 39 27 33 72 14
28 35 44 20 43 37 31 24 33 20 47 17 49 74 49 41 35 34 79 20
77 109 61 87 119 83 60 92 43 62 122 91 102 98 65 92 41 57 7 72
23 34 47 25 45 32 35 29 33 17 47 16 44 69 52 46 36 30 78 25
16 36 82 57 56 9 69 60 54 35 49 33 10 39 87 80 62 35 93 60
48 41 38 1 37 57 30 5 48 40 47 27 66 95 41 21 46 54 92 16
62 24 85 46 9 65 76 42 85 69 13 38 60 97 87 59 86 80 131 61
38 33 43 9 35 46 33 13 43 32 42 17 55 84 47 32 43 46 89 18
42 75 101 89 95 36 89 93 63 53 87 69 41 13 108 110 73 42 83 86
66 91 34 62 97 74 33 67 28 47 103 72 92 99 38 65 21 50 34 47
54 43 40 7 37 62 33 4 54 46 48 32 71 100 41 17 51 61 97 20
42 24 54 16 23 48 44 15 55 41 31 15 53 86 57 36 55 54 100 30
43 64 28 39 72 51 18 44 12 24 76 46 68 82 35 49 6 31 52 25
68 82 9 47 83 77 17 51 37 50 92 64 94 109 13 43 27 58 59 32
19 41 85 62 61 10 72 65 56 38 53 38 9 33 91 85 64 36 93 65
32 67 53 55 80 38 42 61 13 19 80 50 57 61 59 71 23 12 47 45
62 57 27 18 52 71 24 19 51 50 63 44 82 108 27 9 45 63 90 17
40 45 32 14 47 49 20 19 34 28 54 27 61 86 36 30 32 41 78 8
48 85 67 75 99 51 58 80 29 38 99 69 69 62 73 89 37 28 34 64
48 85 69 77 100 51 61 82 31 40 99 70 68 60 76 91 39 28 36 66
59 35 57 21 22 66 50 16 68 57 36 33 70 103 58 29 66 70 112 36
36 47 32 21 52 45 19 26 27 21 58 29 59 81 37 37 25 35 71 12
34 54 34 32 62 43 21 38 15 15 66 35 59 76 40 47 16 27 61 21
40 66 104 86 86 31 92 89 69 55 77 63 29 8 110 108 79 47 95 86
62 55 31 17 48 71 28 16 54 51 60 43 81 109 31 7 49 65 94 19
72 80 5 42 78 81 18 45 44 54 88 63 96 115 2 34 35 64 70 29
45 84 76 79 100 47 66 84 36 40 98 69 63 52 82 95 45 27 44 70
31 15 62 27 26 36 50 27 53 36 26 5 40 73 66 49 56 47 99 37
9 30 69 44 48 12 56 47 44 25 44 21 22 50 74 67 51 29 87 47
57 34 56 19 22 64 49 14 66 55 35 31 68 101 57 29 64 68 110 35
15 47 54 42 61 24 41 46 23 4 60 30 41 57 60 61 31 12 66 37
63 59 25 20 54 72 24 21 51 51 65 46 83 109 26 9 45 64 89 17
60 78 16 46 82 69 16 50 27 41 89 60 86 100 22 47 17 49 52 30
58 23 74 35 4 62 65 31 76 61 18 31 61 97 76 48 77 73 122 50
30 27 50 18 34 38 38 21 43 28 38 9 46 76 54 41 44 41 89 25
27 57 91 74 77 18 78 77 56 42 69 52 24 20 97 95 66 34 86 73
57 46 39 10 38 65 33 7 55 49 50 35 74 103 40 14 52 63 98 21
61 92 49 70 102 68 45 76 26 45 105 74 86 87 54 78 25 42 21 56
44 67 29 42 74 53 19 47 11 25 79 48 70 83 35 51 4 32 50 28
53 21 70 31 5 58 61 28 72 57 18 27 58 93 73 46 73 69 118 47
81 85 16 46 81 90 28 48 55 64 92 70 104 125 9 32 46 75 80 36
54 91 69 80 105 57 62 85 33 44 104 74 74 66 75 93 40 33 30 68
55 75 22 45 80 63 17 50 20 36 86 56 81 93 28 50 10 42 48 30
24 36 89 62 57 17 76 64 62 43 47 37 2 38 94 85 70 43 100 67
23 52 46 40 64 32 34 45 16 4 65 34 49 63 53 58 23 14 60 32
22 59 79 67 78 19 66 71 42 31 73 49 33 31 85 88 52 20 71 64
10 47 61 48 63 17 49 52 29 12 61 33 35 49 67 68 38 11 68 44
17 22 71 42 41 19 58 44 50 30 36 16 23 55 76 65 56 37 94 47
54 40 44 9 32 62 37 4 57 48 44 30 69 100 46 20 54 62 100 24
30 63 91 77 83 23 79 81 55 42 76 56 31 19 97 98 64 32 81 75
19 58 71 61 75 20 59 66 34 23 72 45 37 39 77 81 44 12 65 56
51 89 73 81 104 53 65 86 35 43 103 73 70 60 79 95 43 31 36 70
77 76 22 36 69 87 29 37 59 63 81 62 99 123 18 19 50 75 90 30
37 39 37 12 43 46 25 17 36 27 49 22 57 84 41 32 35 41 81 12
57 47 37 10 40 65 31 9 54 48 52 36 74 103 38 13 50 62 96 19
69 88 22 55 91 77 25 60 33 49 99 69 95 106 25 55 23 55 47 40
70 91 26 59 95 79 29 64 33 51 102 72 96 106 30 59 24 56 43 44
26 34 90 63 55 19 77 64 64 45 45 37 3 40 96 85 72 45 103 68
62 63 18 24 60 72 17 26 46 48 70 48 84 108 18 17 39 61 82 16
57 37 52 16 26 64 45 11 63 53 39 31 69 102 53 25 61 67 108 31
32 70 79 74 88 31 68 78 40 35 84 58 45 36 86 93 50 21 61 68
17 36 83 58 56 10 70 60 55 36 48 33 9 38 88 81 63 36 94 61
50 88 74 81 103 52 65 86 36 43 102 73 69 59 80 95 43 31 37 70
15 46 81 62 66 6 68 65 49 32 59 40 19 32 87 84 57 27 83 62
13 35 79 55 55 7 66 57 51 32 48 30 13 40 84 77 59 32 90 57
38 11 66 28 18 43 55 27 60 43 20 13 44 79 69 48 62 55 106 41
26 61 86 72 80 20 74 76 50 37 74 53 31 24 92 94 59 27 77 70
21 48 46 37 60 30 34 42 19 3 62 30 47 64 52 55 25 16 64 30
39 14 88 53 33 38 76 53 73 53 21 29 28 65 92 74 78 60 117 63
18 55 62 54 71 22 50 59 26 15 69 41 41 48 69 73 36 4 62 48
56 89 52 69 99 62 46 75 23 41 102 71 81 81 57 79 25 36 23 56
