100 20
391 127 477 158 199 319 210 281 121 272 334 244 380 321 59 104 149 364 99 179
10 31 14 20 13 35 16 26 41 41 31 49 16 41 38 44 13 30 50 14 26 11 30 20 40 43 14 18 14 30 11 23 46 21 10 31 25 50 23 45 43 25 41 13 37 18 14 40 19 41 46 42 45 28 14 36 14 44 17 14 29 19 18 15 41 42 37 49 45 19 20 34 46 40 33 50 40 38 47 31 50 47 11 17 25 25 48 34 43 49 42 20 15 44 31 25 33 11 32 44
478 163 486 316 214 498 307 376 191 284 394 250 427 347 104 109 239 414 158 313
63 30 13 73 29 55 40 24 77 56 72 70 46 40 78 74 57 75 28 14
77 56 85 31 55 57 40 65 6 70 25 67 85 84 30 32 23 7 102 79
47 35 13 73 33 40 33 9 72 66 61 53 31 25 78 74 50 68 29 30
45 30 40 52 28 27 8 19 46 62 35 43 43 40 56 53 23 40 57 44
62 33 10 76 32 56 43 24 80 59 74 70 45 38 81 77 60 77 25 17
46 28 39 52 26 29 7 19 46 60 36 45 44 41 55 53 23 41 57 42
53 26 46 43 25 34 1 27 38 56 32 50 52 49 47 44 16 34 64 45
44 46 59 52 44 24 20 37 36 74 15 37 52 52 54 53 15 26 75 63
53 19 31 53 17 38 15 16 52 52 47 54 45 41 57 54 32 50 49 30
61 52 12 94 51 60 57 33 96 77 85 71 39 33 99 95 74 92 6 34
115 44 70 63 46 100 70 74 84 20 98 117 102 96 67 63 79 90 81 43
54 42 62 42 40 34 18 41 26 67 16 47 60 59 44 43 5 18 79 62
97 26 64 37 28 81 48 60 57 9 73 97 89 85 41 37 54 63 79 40
73 16 30 59 16 61 36 32 67 39 69 77 59 54 64 59 51 68 45 9
81 31 69 15 31 61 30 54 24 41 43 76 81 78 19 16 26 30 86 55
80 12 53 32 14 62 29 44 44 27 56 78 74 69 37 33 36 48 70 35
94 47 86 6 48 74 46 70 21 49 49 87 96 94 4 6 36 32 103 72
72 52 19 95 51 70 62 41 100 73 93 82 51 44 100 96 79 97 13 30
78 12 53 31 13 61 27 43 43 29 54 77 72 68 36 32 34 46 70 36
22 53 34 82 50 20 37 19 72 86 52 30 14 13 85 83 49 65 44 54
71 67 28 110 66 74 73 49 112 90 101 83 48 43 115 111 90 108 11 47
49 63 23 103 61 54 61 35 100 92 84 62 26 21 107 103 77 94 16 50
81 34 28 77 34 72 53 41 86 50 86 87 63 57 82 77 69 86 35 10
68 34 14 77 33 61 46 30 83 57 78 75 49 43 82 78 63 81 25 14
31 48 50 63 45 11 23 28 50 79 28 26 38 38 66 64 27 41 65 60
24 48 38 73 46 13 29 19 63 81 42 27 24 23 76 74 39 55 51 54
54 20 38 47 18 37 8 21 45 52 41 53 49 45 51 48 25 42 56 36
97 25 61 42 27 81 49 59 61 8 76 97 88 83 47 42 56 67 75 36
93 56 91 18 56 73 48 74 13 61 43 84 98 96 15 18 35 25 109 80
66 26 18 69 25 57 39 26 74 51 72 72 50 44 74 70 56 73 33 10
64 23 19 66 22 54 35 23 70 50 67 69 49 43 70 66 52 69 35 12
25 48 37 73 45 14 29 18 63 81 43 28 23 23 77 74 40 55 50 53
30 68 69 76 66 18 43 48 56 98 27 17 48 51 77 77 39 45 82 81
109 37 66 56 40 94 63 69 77 14 91 110 97 91 61 56 72 82 78 39
79 36 25 79 36 71 54 40 87 52 86 86 61 54 84 79 70 87 32 11
104 32 68 43 34 88 55 66 64 1 81 104 95 90 47 43 62 71 82 43
39 34 29 64 31 26 20 8 58 67 45 42 32 29 67 65 35 52 46 40
48 60 20 99 58 52 58 32 97 89 82 60 25 20 104 100 74 91 16 47
66 24 19 67 23 56 38 26 73 50 70 72 50 44 72 68 54 72 34 10
49 28 19 66 26 39 26 8 65 60 56 54 36 31 70 67 43 61 36 27
105 36 59 63 38 92 62 64 81 22 93 108 91 85 67 63 73 86 69 32
58 17 26 56 15 45 23 17 59 49 55 61 47 42 61 57 39 57 44 22
54 45 65 43 43 35 21 44 25 69 13 46 62 61 44 44 7 17 82 65
74 25 25 68 25 64 43 33 76 45 76 79 58 52 73 69 59 76 37 2
71 47 16 90 46 67 58 37 95 69 89 80 50 43 95 91 75 93 16 25
69 11 48 35 11 52 18 35 41 38 47 68 64 60 40 36 28 42 65 35
95 56 92 16 56 75 50 76 16 59 46 87 100 98 12 16 38 28 110 80
98 38 79 12 39 79 46 68 36 31 60 94 96 92 16 12 43 46 96 60
12 60 44 85 58 14 41 29 73 93 49 20 17 21 88 86 50 64 54 64
36 55 22 91 53 38 48 23 86 86 69 47 14 8 95 92 62 80 27 48
73 66 28 109 65 75 73 49 111 88 102 85 50 45 113 109 90 108 11 45
86 26 66 18 27 67 34 54 34 30 53 82 83 79 23 18 34 41 83 50
96 38 45 75 39 86 62 55 89 40 95 101 79 73 80 76 76 91 52 20
70 60 22 103 59 71 67 44 106 83 96 81 47 42 108 104 84 102 7 40
93 23 63 30 25 75 42 57 49 16 66 91 86 81 35 31 47 56 79 42
78 21 32 62 21 66 42 37 72 38 75 82 63 57 67 63 57 73 44 5
92 43 82 3 44 72 43 67 22 45 49 86 94 91 5 4 35 33 99 67
60 13 31 52 11 45 20 21 55 46 53 62 50 45 57 53 36 53 48 24
90 21 48 53 23 76 47 50 68 22 78 93 78 73 58 54 58 72 61 22
37 53 20 89 51 39 47 21 85 84 69 48 16 9 94 90 61 79 26 46
75 25 61 22 25 55 23 46 28 41 41 70 73 70 26 23 22 31 79 49
115 47 67 71 48 102 72 74 90 28 103 118 100 94 75 71 83 95 76 40
110 40 65 64 42 96 66 69 83 22 96 113 97 91 68 64 77 88 75 37
76 30 66 19 30 56 25 50 22 44 38 71 76 73 23 20 20 27 83 55
113 40 74 51 43 97 64 73 73 9 91 113 103 97 55 51 71 80 86 47
44 36 15 73 34 36 32 7 71 68 59 50 29 23 77 74 48 66 31 33
60 41 65 36 40 40 21 45 21 64 18 53 66 64 38 37 4 14 83 63
82 67 33 110 66 82 77 55 115 85 107 93 59 54 115 111 94 112 19 44
108 41 60 69 43 96 67 67 87 28 98 112 94 88 73 69 79 92 69 34
87 18 45 53 20 73 44 46 67 24 75 89 75 69 58 53 56 70 59 19
90 26 67 21 28 72 38 57 40 25 58 87 86 82 25 21 40 47 84 48
105 34 62 57 36 91 60 64 76 16 89 107 93 87 62 57 70 81 73 35
59 14 31 51 11 45 19 20 54 47 52 61 50 45 56 52 35 53 49 25
96 25 63 36 27 79 46 59 55 10 72 95 88 83 41 36 52 62 78 40
53 53 12 94 52 54 54 29 93 81 81 64 31 25 98 95 71 89 10 38
84 46 81 15 46 64 38 64 10 55 38 77 88 86 15 16 26 21 98 70
12 68 58 85 66 12 45 41 69 100 42 5 32 36 88 86 48 59 69 76
52 48 7 89 46 51 50 25 88 76 77 63 31 25 93 89 66 84 13 34
72 56 83 37 56 52 38 62 12 74 19 61 81 80 36 37 21 3 100 80
55 30 52 40 29 35 7 33 32 57 27 50 56 54 43 41 10 28 70 50
60 47 8 90 46 58 53 30 91 73 82 70 39 33 94 90 70 88 10 30
95 49 87 7 49 75 47 72 21 50 49 88 98 95 4 7 37 32 105 73
101 43 48 79 44 91 67 60 94 42 100 106 83 77 84 80 81 96 54 25
59 42 4 84 40 55 48 25 86 68 77 68 39 33 88 85 65 83 16 25
87 39 34 80 39 79 59 48 90 49 92 94 69 63 85 80 75 91 40 15
60 64 23 106 63 64 66 41 105 90 92 72 37 32 110 107 83 101 8 47
96 41 81 4 42 76 45 68 29 39 55 90 96 92 8 4 39 39 99 65
55 17 30 53 15 40 16 17 53 51 49 57 47 42 57 54 33 51 48 28
27 53 28 86 51 28 41 19 78 86 59 37 10 7 89 87 55 71 37 51
85 39 77 9 40 65 36 61 18 47 42 79 87 84 12 10 28 27 94 64
66 11 30 53 9 53 27 26 59 41 60 69 55 50 58 54 42 59 47 17
61 17 46 38 16 43 10 30 38 46 40 59 58 55 42 39 21 37 64 39
93 37 77 7 38 74 42 65 30 36 54 88 92 89 12 8 38 39 95 61
81 31 69 15 31 61 30 54 24 41 43 76 81 78 19 16 26 30 86 55
97 64 99 26 64 77 55 81 17 69 45 87 103 102 22 26 41 27 117 89
74 24 60 23 24 54 22 45 28 41 40 69 72 69 27 24 21 31 78 49
59 35 7 77 34 53 42 22 80 62 73 67 41 35 82 78 59 77 23 20
36 48 55 59 46 16 22 33 44 78 21 29 44 45 61 60 22 35 70 62
65 50 13 92 49 63 57 34 95 74 87 75 43 37 97 93 74 92 9 30
83 23 36 63 24 72 47 42 75 35 79 88 69 63 68 64 61 77 48 9
