150 45
277 167 278 238 292 126 128 134 269 217 301 293 394 252 81 291 388 200 213 436 384 301 102 136 237 265 184 133 253 107 214 446 229 158 89 211 389 72 184 207 368 315 148 295 328
31 22 33 25 22 34 42 19 35 20 25 31 20 10 15 40 20 42 23 19 14 23 26 18 37 25 47 47 41 16 43 19 29 16 13 22 44 27 48 41 17 12 26 17 41 36 44 15 46 40 15 16 41 31 43 35 11 21 39 22 27 38 22 30 21 42 11 45 45 22 11 14 19 21 24 50 42 45 41 17 20 45 12 14 13 47 25 16 31 19 18 18 48 33 42 24 32 42 35 38 29 49 15 36 34 49 50 42 41 26 28 35 11 20 40 41 31 29 33 19 37 20 39 49 15 38 28 40 23 19 47 12 15 26 21 40 46 37 32 50 24 30 36 35 19 46 21 45 47 50
415 277 447 473 422 154 129 168 468 269 450 494 494 309 109 497 407 328 243 476 490 480 201 246 270 347 194 151 379 126 271 495 288 186 127 351 413 111 287 336 429 401 194 313 386
64 108 40 91 37 107 33 67 86 102 76 130 8 50 152 47 59 21 45 32 23 45 75 37 35 109 25 15 119 85 72 64 33 59 48 43 106 9 78 78 71 106 82 90 71
68 134 56 99 35 133 56 78 112 126 102 154 34 58 177 67 86 46 49 33 36 68 97 62 54 131 50 37 145 107 79 84 46 85 73 25 116 23 97 103 96 116 107 99 77
73 130 48 103 27 130 49 81 107 124 97 152 31 62 175 59 81 43 53 37 28 67 89 56 46 123 44 31 142 106 83 84 48 79 71 22 120 22 89 101 89 120 101 103 81
123 65 50 138 81 84 43 113 33 91 33 109 69 108 118 35 37 66 110 103 65 73 12 39 47 35 50 62 87 90 125 88 92 26 64 103 146 83 25 76 10 145 17 134 125
107 23 81 111 107 37 64 90 17 45 15 62 77 93 74 67 26 66 100 100 87 55 59 55 75 71 65 77 42 50 103 59 83 32 45 124 115 89 72 37 38 113 33 106 105
86 68 129 69 145 41 109 65 86 25 81 38 103 82 67 120 79 90 93 103 125 65 124 101 121 140 105 112 51 26 75 47 86 90 65 153 62 108 136 38 103 60 101 63 78
90 59 46 105 71 68 28 80 34 69 25 93 44 75 109 34 10 36 78 74 51 40 40 19 39 68 30 42 76 62 91 55 60 8 31 89 114 58 51 49 25 113 33 101 92
77 124 39 106 21 125 41 83 99 120 90 148 26 65 170 50 74 39 57 42 19 64 80 48 37 114 36 23 137 103 86 82 49 72 67 25 122 22 80 97 81 122 93 105 85
126 8 111 123 138 25 94 107 40 41 44 42 106 115 46 97 57 94 123 126 117 79 85 86 105 86 96 107 18 58 120 76 108 63 70 154 123 118 98 49 65 121 56 117 122
89 34 88 90 110 27 68 71 39 27 32 51 73 77 71 76 32 60 86 89 89 41 76 60 80 92 67 77 39 28 84 39 71 43 34 123 92 83 89 14 55 91 53 84 86
79 51 65 88 86 51 45 65 38 49 27 75 50 65 95 54 14 38 71 71 65 27 60 36 57 84 43 53 62 40 78 37 54 25 16 100 96 61 72 28 42 94 45 84 79
67 134 56 98 35 132 56 77 112 125 102 153 34 57 177 67 85 45 48 32 36 67 97 62 54 131 49 37 144 106 78 83 45 85 72 26 115 23 97 102 96 115 107 98 76
91 48 116 81 135 21 96 70 66 5 62 30 95 84 57 105 62 82 94 102 114 57 106 88 108 120 93 102 34 20 83 44 83 73 54 145 78 102 119 24 85 76 82 75 85
145 62 73 157 105 87 68 133 36 98 43 110 94 130 113 59 55 89 133 127 90 93 30 64 72 18 75 87 86 102 145 105 115 47 83 127 163 108 39 88 30 162 23 152 146
78 138 51 109 26 138 56 88 114 132 104 160 38 68 183 64 88 51 59 43 33 75 94 62 51 128 50 38 150 114 89 92 55 86 79 15 126 30 93 109 95 126 107 109 87
52 72 76 60 88 61 57 37 66 52 55 80 46 39 105 71 42 34 47 52 69 8 85 51 68 112 51 56 75 32 49 12 33 52 14 96 69 52 95 30 69 68 73 56 50
82 98 21 107 34 103 13 81 72 101 63 127 18 67 146 25 48 25 64 53 13 50 54 20 14 88 9 7 113 87 89 70 49 44 49 50 121 30 56 78 53 120 65 104 88
90 46 113 81 132 20 93 70 63 4 59 31 92 82 58 102 59 79 93 100 111 55 103 85 105 117 90 99 33 18 82 43 81 70 52 143 79 100 116 21 82 77 79 75 84
115 36 127 105 149 13 107 94 64 21 64 13 112 107 34 114 70 99 117 123 128 77 108 99 119 116 107 117 13 43 107 67 105 80 71 162 101 121 122 42 88 99 81 99 109
92 37 72 98 97 41 54 77 26 44 17 67 63 79 83 60 16 52 85 85 76 40 59 45 65 77 54 65 50 42 90 46 68 26 30 112 103 75 72 28 38 102 37 93 91
32 127 130 5 129 106 114 29 129 90 119 112 92 43 141 130 107 85 51 67 116 69 149 111 123 177 106 104 120 71 22 57 61 116 79 125 19 87 157 81 133 21 138 11 23
112 84 24 131 56 98 23 106 53 101 48 124 51 96 137 10 42 52 96 86 41 68 20 24 23 54 32 41 105 95 116 86 79 32 61 78 143 64 23 82 28 142 40 128 115
84 39 84 86 105 32 64 66 40 30 33 56 68 72 76 73 30 55 80 84 84 36 75 56 77 93 63 72 44 26 80 35 65 41 28 118 89 78 87 12 54 88 53 80 81
77 48 76 82 96 42 56 60 43 38 33 65 58 64 86 66 25 45 71 74 75 27 72 48 68 93 54 63 54 29 73 30 56 37 18 108 87 68 83 16 52 86 53 77 75
142 54 77 153 108 80 69 130 30 91 38 103 94 127 105 62 51 88 131 126 92 90 35 64 74 25 76 88 79 96 142 101 113 45 80 130 159 108 45 82 30 157 20 148 143
53 86 54 73 63 82 37 48 70 75 59 103 21 38 127 53 42 9 40 36 44 18 74 35 47 106 30 31 94 57 57 37 22 47 22 70 86 28 81 52 63 86 71 71 57
77 72 41 94 61 75 21 69 50 74 40 100 28 61 119 34 23 20 63 58 40 30 51 14 33 82 18 29 86 61 79 49 45 24 24 76 105 42 59 51 39 104 49 91 79
70 62 58 83 77 61 38 58 48 57 36 84 39 56 105 50 21 27 61 60 56 18 62 31 50 90 35 44 72 44 70 34 43 29 9 89 92 50 72 34 46 91 52 79 71
71 70 49 87 67 70 29 62 51 67 40 94 30 55 115 42 23 19 59 55 46 22 58 23 41 88 25 34 81 54 72 41 41 28 16 80 97 42 67 44 44 96 52 83 73
38 122 132 6 133 100 115 30 126 84 116 104 94 47 133 130 105 86 56 72 118 68 148 111 124 175 107 107 113 65 26 54 64 115 77 130 12 90 157 76 132 13 135 7 28
157 75 78 170 109 101 76 146 50 111 57 123 103 141 124 65 67 100 144 137 96 105 35 73 78 5 84 95 99 116 158 118 126 59 96 132 177 117 39 102 42 175 37 165 158
87 110 19 114 21 115 23 89 83 113 74 139 25 73 159 30 60 35 68 55 1 61 60 31 17 94 21 13 125 98 95 81 55 55 60 39 128 31 60 90 62 128 75 112 94
100 47 57 111 84 59 40 87 21 63 11 84 58 85 98 43 9 49 89 86 64 47 40 32 51 62 43 56 65 60 99 59 71 9 37 102 118 71 52 46 20 117 22 106 100
123 50 142 110 164 28 123 103 79 32 79 4 126 117 26 130 86 113 127 135 143 90 124 114 135 130 121 131 25 53 114 77 116 95 85 176 103 134 137 55 103 101 96 104 117
55 73 66 68 79 65 47 43 62 58 51 86 38 41 110 61 36 25 47 49 59 3 77 41 58 105 41 46 78 40 55 22 31 44 8 88 78 45 86 35 61 77 67 64 56
110 110 8 135 31 121 28 110 79 121 73 146 46 95 161 20 63 53 92 79 25 77 45 36 16 77 33 34 128 111 117 96 77 55 73 54 149 55 40 100 55 148 67 133 116
33 104 70 59 68 96 56 35 91 86 80 114 31 18 140 71 64 27 17 17 54 30 95 55 63 127 47 43 109 65 40 41 1 69 39 69 75 26 102 64 85 74 93 58 39
79 66 45 95 66 70 25 70 45 69 34 95 34 64 114 36 17 25 67 62 46 30 50 17 37 79 24 35 80 58 81 48 49 20 22 82 105 47 59 47 36 104 44 91 81
76 64 50 91 70 67 30 66 45 65 34 91 35 61 110 41 17 25 64 61 49 25 54 22 42 83 27 38 77 53 77 43 46 22 17 84 100 48 64 42 39 99 46 87 77
94 86 18 115 45 95 5 90 58 96 50 121 33 79 137 11 38 34 77 68 27 53 37 10 11 72 14 23 104 85 99 73 61 31 48 65 128 46 41 74 37 127 49 112 98
56 67 79 62 92 55 59 40 63 46 52 74 51 44 100 73 40 38 53 58 73 13 85 53 71 110 54 60 69 27 53 11 39 51 15 101 70 57 95 24 67 68 71 57 54
107 28 76 112 103 42 59 91 13 50 9 67 74 93 79 62 23 64 99 99 83 54 54 51 70 67 62 74 47 53 104 60 82 28 44 121 117 87 67 40 33 115 28 107 105
90 42 108 83 128 18 88 70 58 6 54 34 89 81 59 97 54 76 91 98 107 52 98 80 101 112 86 95 32 18 82 41 79 65 48 139 81 97 111 18 77 79 74 77 85
145 51 153 133 177 42 134 124 83 51 86 26 141 137 3 139 97 129 148 154 156 108 128 126 146 128 134 145 31 74 136 98 135 104 102 192 126 151 141 73 109 124 100 127 139
154 68 80 166 111 94 76 143 45 106 52 117 103 139 117 66 64 98 142 136 97 102 37 72 79 12 84 95 93 111 155 114 124 56 92 134 173 117 43 97 40 171 33 161 155
101 46 124 89 144 19 104 80 69 10 66 20 104 93 48 113 69 91 104 112 123 67 111 96 116 123 102 111 28 30 92 54 93 79 64 155 84 112 124 33 90 82 86 83 94
37 86 91 41 98 70 73 19 84 58 74 85 57 29 112 88 61 46 39 50 81 25 104 68 84 131 66 68 85 35 32 13 33 71 33 102 51 58 113 40 88 50 92 37 33
38 122 132 6 133 100 115 30 126 84 116 104 94 47 133 130 105 86 56 72 118 68 148 111 124 175 107 107 113 65 26 54 64 115 77 130 12 90 157 76 132 13 135 7 28
90 137 42 120 13 140 51 98 111 136 102 163 41 79 184 56 87 54 71 55 27 80 86 59 44 119 48 36 151 119 100 98 64 83 82 12 137 37 83 112 90 137 102 120 99
68 86 39 89 51 86 22 64 64 82 54 110 14 52 131 37 37 8 52 45 31 30 61 20 31 93 14 18 98 67 72 50 35 38 29 64 102 27 67 59 52 101 62 86 72
100 24 87 102 111 28 68 83 28 34 24 53 78 88 69 74 31 66 96 98 91 51 69 60 80 82 69 80 35 40 96 51 80 39 41 127 105 89 82 27 48 103 43 97 98
45 105 126 21 131 82 108 29 112 66 103 86 91 49 115 123 92 81 60 75 115 59 137 103 118 162 101 102 96 48 33 42 62 103 66 132 18 89 147 60 120 16 122 15 36
102 74 30 120 60 86 19 95 44 89 37 112 45 87 126 16 29 43 87 79 42 56 25 15 26 58 26 38 93 82 105 73 70 19 48 80 131 59 33 69 21 130 34 117 105
95 144 48 125 17 147 58 103 117 143 109 170 48 84 191 62 94 61 75 59 34 86 91 66 50 124 55 43 158 126 105 105 70 90 89 6 142 43 88 119 96 142 109 125 103
60 90 126 40 135 65 106 40 100 49 92 67 93 60 96 120 85 82 71 85 117 57 131 100 118 152 100 104 78 34 49 37 69 96 62 139 34 95 142 47 112 32 112 34 51
34 134 135 11 132 112 119 35 135 97 125 117 96 47 146 135 113 90 54 70 120 75 154 116 128 182 111 109 126 77 25 63 65 122 85 127 22 90 163 87 139 24 144 17 27
44 84 69 60 77 75 51 34 74 66 63 94 35 29 120 67 47 24 35 38 59 10 86 48 62 115 44 46 89 46 45 23 19 55 20 83 72 38 94 44 72 71 78 56 45
102 97 7 125 38 107 15 99 67 108 60 132 38 87 148 9 50 43 84 73 23 64 38 22 6 72 22 26 115 97 107 84 69 42 60 59 138 50 38 86 44 137 56 122 107
140 23 126 134 153 34 110 120 53 49 59 41 122 129 34 112 72 110 138 141 133 94 98 101 120 95 111 123 21 69 133 89 123 78 85 170 132 133 110 62 79 130 69 128 135
73 61 57 86 76 61 36 61 45 58 34 85 39 58 105 48 18 27 63 61 55 21 60 29 49 87 34 43 72 46 73 36 45 26 11 89 95 51 70 35 43 93 49 81 74
87 64 43 102 67 71 24 77 40 71 30 96 39 71 113 32 14 31 74 69 47 37 43 15 36 72 25 37 80 62 88 54 56 13 29 84 112 52 52 50 29 111 37 98 88
92 109 14 118 22 115 22 93 81 114 73 140 28 77 158 26 60 38 73 60 6 63 56 30 13 90 22 16 125 100 99 83 60 54 62 42 132 36 55 91 60 132 72 116 98
49 112 56 77 50 107 47 54 94 100 83 128 19 36 152 61 66 24 30 16 38 42 88 49 50 122 38 30 120 80 57 57 20 68 48 50 93 8 92 77 82 93 92 76 56
66 77 119 50 131 52 99 45 88 36 81 57 89 62 86 112 74 77 74 85 112 51 121 93 111 141 94 99 66 22 55 32 68 86 54 137 46 92 132 36 101 44 101 44 58
74 49 84 76 102 38 63 56 49 32 40 60 63 62 83 74 34 50 71 75 81 28 80 56 76 101 60 69 51 20 69 25 56 45 22 113 80 71 91 9 60 79 61 71 71
111 36 123 101 145 10 104 90 62 16 61 16 108 102 38 111 67 95 112 119 125 73 106 95 116 114 103 113 15 39 102 62 100 77 67 158 97 117 119 38 85 95 79 95 105
52 71 84 56 96 57 65 34 68 46 59 74 54 41 101 78 47 42 50 57 77 16 91 59 76 117 59 64 71 25 48 4 38 57 21 103 63 59 102 26 74 62 77 51 49
90 119 24 117 13 124 32 93 92 121 84 148 30 76 168 37 69 42 70 56 8 68 67 41 25 101 30 21 134 106 98 87 59 65 68 31 133 33 65 98 71 133 83 116 97
94 29 87 95 110 27 68 76 33 30 28 52 75 82 70 75 31 62 90 93 89 45 72 59 80 87 67 78 37 33 90 45 74 41 37 124 98 85 85 20 51 97 48 90 91
78 69 44 94 64 72 24 69 47 71 36 97 32 63 116 35 19 23 65 60 44 30 50 16 36 80 22 33 82 59 80 48 47 21 23 80 105 45 59 48 37 104 46 91 80
58 99 132 34 139 74 113 40 109 58 101 75 98 60 104 127 93 87 72 86 122 63 139 107 124 161 106 109 87 43 46 44 72 104 69 142 25 98 149 57 120 23 121 29 49
80 119 33 108 19 122 35 84 94 118 85 145 24 67 166 44 70 37 60 45 13 62 74 43 31 108 31 19 133 102 89 81 50 67 64 28 124 24 74 94 75 124 87 107 87
84 55 54 96 77 60 35 72 35 60 24 85 45 69 102 43 7 35 74 71 57 32 50 26 47 76 35 46 69 51 84 46 56 16 22 93 105 58 61 39 33 103 38 92 85
40 129 74 71 61 122 67 53 113 112 102 140 39 33 166 81 85 44 22 9 55 56 109 69 70 143 59 49 135 91 51 67 27 88 64 53 89 26 112 90 102 89 113 72 49
133 50 70 143 101 74 61 120 22 84 29 97 85 118 102 55 42 79 121 117 84 80 31 55 67 32 67 80 74 87 132 91 103 35 70 122 149 99 43 74 21 148 10 138 133
91 145 51 122 21 147 60 101 119 142 110 170 48 81 192 66 95 61 72 56 36 86 95 68 53 128 56 44 158 125 102 103 68 92 89 3 139 42 92 119 99 139 111 122 100
135 57 66 146 98 80 59 123 28 90 34 104 84 119 109 52 44 79 122 117 82 83 25 54 64 27 66 78 81 93 135 95 104 36 73 119 153 98 37 79 20 152 13 142 135
101 120 18 128 13 128 34 103 92 126 84 153 39 87 170 34 71 50 81 67 15 76 62 42 23 94 35 28 137 113 109 95 70 65 74 36 143 44 58 103 69 143 81 126 108
82 83 28 103 48 89 8 77 58 87 48 113 23 66 132 23 33 22 66 57 28 41 47 7 20 80 6 18 98 75 86 61 49 30 37 65 115 37 52 65 41 114 52 100 86
121 4 99 121 127 30 83 103 28 44 32 52 96 109 58 85 46 85 117 118 106 72 73 74 93 76 85 97 28 57 117 72 100 51 62 144 123 108 86 46 53 121 44 116 118
23 107 81 47 80 95 67 24 97 84 86 111 42 7 138 82 70 37 13 23 66 33 105 65 74 136 58 55 109 62 28 38 11 77 43 79 63 37 112 63 93 63 101 46 27
38 106 65 65 62 99 52 41 91 90 80 118 26 24 143 67 63 24 21 15 49 33 92 52 58 125 43 38 112 69 46 45 7 67 41 63 81 20 98 67 83 80 92 64 44
108 107 5 133 32 117 25 107 76 118 70 143 44 93 158 17 60 51 90 77 24 74 43 33 13 75 31 32 125 107 115 94 75 52 70 55 146 54 39 97 52 145 64 130 114
78 145 60 109 34 144 64 89 122 138 112 166 45 69 189 73 96 58 59 44 42 80 103 71 60 137 59 46 156 119 89 96 58 95 85 17 127 35 102 115 104 127 116 110 87
76 56 107 68 123 33 87 55 67 18 61 45 83 68 72 98 57 70 79 87 103 44 103 79 99 121 83 90 47 5 68 29 69 68 43 133 67 89 115 16 83 65 81 62 70
109 60 46 124 76 75 34 99 28 80 24 101 58 94 112 31 23 53 96 90 58 59 23 28 42 49 40 53 80 77 111 74 78 12 50 96 132 72 35 63 6 131 18 120 111
106 49 131 93 151 22 111 85 74 17 72 14 112 100 43 119 76 98 110 119 130 74 117 102 123 127 109 118 28 36 97 61 100 86 71 162 87 119 130 40 96 85 91 87 100
142 22 107 143 137 49 93 125 34 65 43 67 111 129 63 92 60 101 136 136 117 91 73 85 102 66 97 110 43 79 138 93 119 61 81 156 144 124 85 68 57 143 45 138 139
77 62 116 65 131 37 96 56 76 21 70 43 90 71 72 107 66 77 82 92 111 51 112 88 108 130 92 98 50 13 68 34 74 78 51 140 62 96 124 26 92 60 90 59 70
98 59 131 83 150 31 111 77 81 19 77 24 109 93 53 121 78 96 104 113 129 71 122 103 124 134 108 116 39 32 88 55 95 89 69 159 76 116 134 40 101 74 97 77 91
78 45 80 82 99 38 59 61 43 35 34 61 62 66 83 69 28 49 74 77 79 29 74 51 72 94 57 67 50 26 74 30 59 39 22 112 87 71 86 13 54 85 54 77 76
88 52 55 100 79 59 36 76 31 60 20 84 48 73 101 43 3 39 78 75 59 36 47 27 48 72 37 49 67 53 88 49 60 13 26 96 108 61 59 40 29 107 34 95 89
55 72 98 50 110 53 78 34 75 40 66 66 68 47 94 92 57 56 58 67 91 30 103 72 90 126 73 78 67 17 47 10 49 68 34 116 54 72 114 25 84 52 86 45 49
107 39 123 97 145 12 104 87 65 13 63 16 107 99 41 112 68 94 110 117 124 71 108 95 116 117 102 112 20 35 99 59 98 78 66 157 93 115 121 36 87 91 81 91 101
128 6 104 128 132 34 88 110 31 49 37 53 102 116 56 89 52 92 123 125 112 79 75 80 98 75 90 103 29 63 123 79 107 56 69 150 129 115 88 53 56 127 46 122 125
144 48 150 132 175 40 132 123 80 50 84 26 139 136 5 137 94 127 146 153 154 106 126 123 143 125 132 143 28 72 136 96 134 102 100 190 126 149 139 71 106 124 97 126 138
66 84 126 47 137 59 106 46 96 43 89 60 95 65 89 120 82 83 76 89 119 58 129 100 118 149 101 105 71 30 55 38 72 94 62 142 41 98 140 44 109 39 109 41 58
96 79 25 116 53 89 11 90 50 90 42 114 38 81 130 13 31 36 81 72 35 52 32 8 19 66 18 30 97 81 100 71 63 23 46 73 127 51 38 69 29 126 41 112 100
113 35 124 103 146 10 105 92 62 18 62 15 109 104 37 112 68 96 114 121 126 74 106 96 117 114 104 114 14 41 104 64 102 77 69 160 99 118 119 39 85 97 79 97 107
102 41 121 92 142 14 101 81 65 9 62 20 103 94 46 109 66 90 105 112 121 66 107 93 113 118 99 109 24 30 94 55 93 76 62 153 88 111 120 32 86 86 81 86 96
58 95 128 36 137 70 109 39 105 54 97 72 95 59 101 123 89 84 70 84 119 60 135 103 120 157 103 106 83 39 46 40 69 100 65 139 29 96 145 52 116 27 117 30 49
143 33 96 148 127 61 84 127 27 75 38 81 105 129 79 81 55 96 135 133 108 90 59 77 92 50 89 102 56 85 140 96 117 54 80 147 151 119 70 73 46 149 33 142 141
117 100 17 140 46 114 29 114 69 116 64 139 54 102 153 14 57 58 100 88 37 78 30 34 21 62 37 42 120 108 123 97 84 47 72 69 152 65 25 96 43 151 54 137 122
128 16 119 124 145 23 101 109 48 39 52 36 112 118 37 105 64 100 127 130 124 83 93 93 112 94 103 114 12 58 122 78 112 70 75 161 122 123 106 51 74 120 64 118 124
74 97 29 99 38 100 18 73 73 96 63 123 11 59 144 32 47 18 57 45 17 43 60 22 22 94 10 4 110 81 81 63 41 45 43 51 113 23 63 73 56 112 68 96 80
101 67 140 84 157 39 120 80 90 28 86 27 117 97 54 130 87 104 108 119 137 78 131 112 132 143 117 124 46 39 91 61 101 98 77 167 75 123 144 48 110 73 106 78 93
50 109 132 22 137 85 114 35 116 69 107 87 97 55 116 129 98 87 65 80 121 65 143 109 124 167 107 108 98 52 37 47 68 108 72 137 14 95 153 64 125 12 127 18 40
58 97 45 83 49 95 31 58 77 89 66 117 7 43 140 47 49 8 41 32 31 32 72 32 38 106 23 19 107 72 64 51 25 51 35 56 97 15 77 65 65 97 75 81 64
87 98 16 111 33 105 12 86 71 103 63 129 23 72 148 21 49 30 69 58 13 54 50 20 9 85 11 11 114 90 94 74 54 44 52 51 125 35 52 80 51 125 63 109 93
49 84 61 67 69 78 43 42 70 70 59 98 28 34 122 59 43 16 38 37 51 12 79 40 53 109 36 38 91 51 52 30 20 49 19 77 80 33 86 47 66 79 73 64 52
36 131 79 68 66 123 71 51 116 112 105 140 43 31 167 85 88 47 19 10 60 57 113 73 74 147 63 54 136 91 48 67 28 92 66 58 86 31 117 91 106 86 116 69 46
63 111 43 90 37 110 36 66 89 104 79 132 11 49 154 49 62 23 43 30 24 47 78 40 38 112 28 17 122 86 71 65 32 62 50 42 106 6 81 80 74 106 85 89 70
89 97 15 112 34 104 10 87 70 102 61 128 25 73 146 19 48 31 71 59 14 54 49 18 8 83 11 13 113 90 95 74 55 42 51 53 126 36 50 80 49 125 61 110 94
95 28 90 95 113 24 71 77 35 27 31 49 77 83 67 78 34 65 91 95 92 47 75 62 83 89 70 81 34 32 90 45 76 44 39 127 97 88 88 20 54 96 51 90 92
112 95 15 134 46 108 23 108 64 110 59 134 49 97 148 8 51 52 95 84 34 72 29 28 17 62 31 37 115 102 117 91 79 41 66 68 146 61 27 90 39 145 51 131 117
36 133 81 68 67 124 73 51 118 114 107 142 45 32 168 87 90 49 20 12 62 59 115 75 76 149 65 56 138 93 49 68 30 94 68 58 86 32 119 93 108 86 118 69 46
36 125 74 67 64 117 66 48 110 107 99 135 38 28 161 80 82 41 17 4 56 52 108 68 69 141 57 49 131 86 47 62 23 86 60 57 85 26 112 85 100 85 110 68 45
86 119 27 114 14 123 34 90 93 120 84 147 27 73 167 40 70 40 66 51 9 66 70 41 27 104 30 19 134 105 94 85 56 66 67 29 129 29 69 97 73 129 85 113 93
30 135 132 14 128 115 117 34 136 99 125 121 93 44 150 132 112 87 50 66 116 74 153 114 125 182 108 106 128 79 23 64 62 121 84 123 28 86 161 88 138 29 143 20 23
78 96 25 102 37 99 14 76 71 97 61 123 14 63 143 28 46 20 60 49 17 45 56 19 19 90 7 5 110 82 84 65 45 43 44 52 115 27 60 73 53 115 65 99 83
52 105 131 26 137 81 113 35 113 65 105 83 96 56 112 127 95 86 66 81 121 64 141 108 123 165 106 108 94 49 39 45 68 106 70 138 18 95 151 61 123 16 125 21 42
45 117 134 14 137 94 116 33 123 78 114 97 97 52 126 132 103 89 62 78 122 69 148 112 127 173 109 109 107 60 32 52 67 114 77 135 7 94 157 72 130 6 134 11 35
139 54 153 125 176 40 134 118 86 47 88 19 139 132 12 140 97 127 143 150 156 104 131 126 146 133 134 144 32 68 130 93 131 105 99 190 118 149 144 70 111 116 103 120 133
33 101 72 56 72 91 57 31 89 81 78 109 33 17 135 72 61 28 19 22 57 26 95 55 65 127 48 46 105 60 38 36 4 67 36 73 71 30 102 59 84 71 92 54 37
72 72 120 57 134 46 100 51 85 30 78 50 92 68 79 112 73 80 79 90 114 54 119 93 112 138 95 101 59 19 62 35 73 84 55 141 53 96 131 33 99 51 98 51 64
129 6 108 128 136 31 92 111 35 47 41 49 106 117 50 94 55 94 125 127 116 80 80 84 103 80 94 106 25 62 124 79 109 60 71 153 128 118 93 53 61 126 51 122 126
101 22 95 100 119 19 76 82 36 26 33 44 84 90 61 83 39 72 98 101 98 54 78 68 88 90 76 87 28 35 96 51 83 48 46 134 101 95 91 25 57 99 52 94 97
150 71 73 163 104 96 70 139 45 106 51 119 97 135 121 59 61 93 137 130 90 99 29 66 72 9 77 89 96 110 151 112 119 52 89 126 170 110 35 96 35 169 31 159 151
96 127 29 124 4 133 40 101 100 130 92 157 38 83 176 43 78 51 76 61 17 77 72 49 31 105 39 30 143 115 105 96 66 73 77 25 140 40 69 107 78 140 90 123 103
149 61 80 160 111 87 74 137 38 98 46 109 100 134 110 65 59 95 138 132 96 97 37 69 78 19 81 93 85 104 149 108 120 51 87 133 166 114 45 90 36 165 27 155 150
87 118 25 114 15 122 32 90 91 119 83 146 27 73 166 38 68 39 67 52 8 65 68 40 25 102 29 18 133 104 95 85 56 64 66 31 130 30 67 96 71 129 83 113 94
126 35 77 134 107 59 64 112 9 69 20 82 85 112 88 62 36 77 117 114 89 73 43 57 73 46 69 82 59 75 124 82 99 34 63 127 139 99 56 62 27 137 15 129 126
68 56 77 73 94 47 56 51 51 41 42 69 54 55 92 68 31 41 63 66 73 19 77 49 69 100 53 60 60 26 64 21 48 42 13 104 79 62 88 17 58 78 61 68 66
61 94 42 85 48 93 28 59 74 88 64 116 7 46 138 44 47 6 44 35 30 32 69 29 36 103 20 17 105 71 67 51 28 48 34 57 99 18 74 64 62 98 72 83 66
83 64 123 68 139 37 103 62 81 21 75 38 98 78 68 114 73 85 89 99 119 59 118 95 115 135 99 106 49 20 73 42 81 84 59 147 63 103 130 32 98 61 95 62 75
91 50 55 103 81 58 37 79 28 60 17 84 51 77 100 43 1 41 81 78 60 39 45 28 49 69 38 50 67 55 91 52 63 10 29 97 111 64 57 42 26 109 31 98 92
81 85 28 102 47 90 9 76 60 88 50 114 21 65 133 24 35 21 64 56 26 41 49 9 20 82 4 17 99 75 85 60 47 32 37 63 114 35 54 65 43 113 54 99 85
132 67 56 146 87 88 51 122 36 96 39 113 78 117 120 42 45 74 119 112 72 82 14 48 54 26 59 70 90 97 133 96 101 35 72 109 155 92 25 83 18 153 19 142 134
151 92 59 168 88 114 63 143 62 123 65 139 91 135 144 49 69 91 135 126 78 103 23 63 61 23 72 81 116 122 153 119 118 58 94 111 178 104 18 108 42 176 45 164 154
53 71 90 54 102 55 70 34 71 42 61 70 60 44 97 84 51 48 54 62 83 22 96 64 82 120 65 70 69 21 47 4 43 61 26 109 59 65 106 24 78 58 81 49 49
96 40 66 105 91 49 48 82 21 53 10 75 61 82 90 52 10 51 88 86 71 44 50 39 59 69 49 61 56 51 95 53 70 18 33 108 111 74 62 37 29 110 29 100 96
48 89 59 69 65 83 42 43 74 76 63 104 23 33 128 57 46 13 35 32 47 18 79 40 51 111 34 34 96 57 52 35 17 52 24 71 82 27 86 52 68 82 76 66 52
132 48 71 142 102 72 61 119 20 82 28 95 85 117 100 56 41 79 121 116 85 79 33 55 68 34 67 80 72 86 131 90 103 35 69 123 148 99 45 72 22 146 10 137 132
133 10 112 131 140 34 96 115 38 49 45 50 110 121 49 97 59 98 129 131 119 84 82 87 106 81 98 110 26 66 128 83 113 64 75 157 131 122 95 56 64 129 54 125 129
21 121 84 52 77 110 73 34 110 99 99 126 46 14 153 88 82 45 3 14 67 47 113 73 78 146 64 58 124 77 32 53 19 88 57 72 70 36 119 78 103 70 112 53 30
21 123 119 10 118 103 104 20 122 88 112 111 81 32 140 119 98 75 40 56 105 60 139 101 112 168 96 94 117 67 10 50 50 107 70 114 28 75 148 76 124 29 130 13 12
81 89 25 103 43 94 9 77 64 92 54 118 19 65 137 24 39 21 64 54 22 43 50 12 17 84 0 13 104 79 86 63 47 36 40 59 116 33 55 69 46 115 58 100 85
120 95 23 142 53 110 31 116 63 113 59 136 58 105 148 16 54 60 103 92 43 78 23 34 26 54 40 46 116 107 125 97 87 43 72 76 153 70 18 94 37 153 48 138 125
47 108 57 74 53 103 46 50 90 95 79 123 18 33 147 61 62 21 28 17 40 37 87 47 51 121 37 30 115 75 54 52 16 65 43 55 90 11 92 72 80 89 90 73 53
38 137 139 15 136 116 123 39 139 100 130 120 100 51 149 139 117 94 57 73 124 79 158 120 132 187 115 113 129 81 30 67 69 126 89 131 23 94 167 91 143 25 148 21 30
