200 60
204 102 268 194 263 177 245 125 123 395 226 130 327 117 220 129 175 331 493 362 275 70 259 253 273 113 153 427 383 224 233 140 182 335 157 244 339 319 328 262 236 204 119 175 208 234 286 318 370 75 95 234 140 154 279 301 329 168 200 224
36 34 30 11 45 19 16 49 22 47 47 37 46 29 26 44 14 20 46 48 42 32 50 39 35 31 43 27 50 24 15 48 22 13 49 40 27 50 43 42 44 24 16 13 20 34 27 25 44 13 26 10 35 10 26 43 35 49 29 13 47 41 24 36 41 36 38 30 24 44 21 31 43 19 35 27 28 34 34 29 46 35 26 47 21 40 10 32 37 50 22 31 49 41 31 13 20 36 14 35 33 49 23 48 39 28 16 33 28 42 36 26 26 35 47 36 11 45 22 23 22 19 29 32 48 43 37 39 27 49 46 27 38 40 48 34 23 32 26 29 18 32 23 16 49 23 29 37 21 33 44 30 23 23 26 21 32 41 33 30 50 23 39 31 12 24 18 31 15 40 12 47 20 28 24 42 34 11 22 35 47 46 31 43 38 38 13 19 33 37 19 47 27 21 27 47 10 12 18 38
235 157 294 251 284 287 421 135 223 459 285 208 360 170 423 178 320 360 496 471 317 134 413 328 387 181 193 450 412 412 420 237 238 412 175 477 440 356 403 377 401 320 130 178 296 332 469 335 454 112 120 359 176 218 370 493 449 314 339 228
68 91 46 131 44 41 126 30 73 72 28 104 119 49 155 106 39 86 136 85 181 164 157 167 122 30 112 11 175 33 48 130 35 110 29 23 30 63 135 16 132 69 157 36 170 138 122 171 69 121 146 151 59 74 68 137 182 117 143 11
98 199 152 13 147 139 226 146 64 136 148 140 146 118 229 209 98 104 120 86 269 200 189 184 98 109 170 148 249 116 180 123 171 43 166 126 118 195 63 121 101 155 124 168 161 186 159 166 197 167 147 168 195 167 135 75 200 34 53 148
83 108 101 144 100 99 109 114 139 66 166 34 18 90 85 106 133 64 41 80 129 43 32 31 59 122 43 140 102 109 138 35 150 115 150 116 110 146 100 133 60 78 55 136 38 37 20 36 137 30 19 14 156 83 70 89 48 123 114 142
74 168 118 43 114 106 198 110 22 111 104 126 135 88 209 180 57 88 121 70 246 191 180 180 98 70 151 107 230 80 141 121 130 44 125 89 82 157 78 80 104 127 133 129 164 172 146 168 160 152 146 163 155 138 109 88 197 43 76 107
43 112 62 92 58 50 145 52 36 67 57 93 107 39 164 126 8 63 112 55 197 159 150 156 94 11 111 50 184 24 83 108 73 71 68 30 25 98 99 23 103 76 131 71 151 136 114 153 101 116 128 139 97 86 64 103 172 78 105 50
77 117 71 121 68 63 152 55 61 91 23 122 136 65 180 132 31 97 146 91 207 185 177 185 129 34 133 35 199 46 72 142 55 105 49 41 44 86 135 21 139 92 166 60 184 160 141 186 93 141 161 169 80 99 87 139 201 110 140 33
42 122 72 80 68 60 154 63 25 72 67 95 108 45 170 135 14 62 108 51 205 162 152 156 89 23 116 62 191 34 95 105 85 60 80 42 35 110 90 35 98 84 126 83 149 139 116 152 113 120 127 139 109 94 69 95 173 67 95 62
24 82 46 110 43 39 105 54 82 15 101 33 48 24 111 90 68 22 65 36 149 99 90 97 57 56 53 77 131 43 86 58 92 80 90 50 44 98 87 67 66 36 87 80 97 76 54 98 93 57 73 80 104 48 15 83 113 89 99 79
67 81 37 136 35 33 116 21 80 66 36 99 114 46 146 95 46 84 133 85 171 156 150 161 120 34 104 8 165 32 39 127 29 113 25 21 30 54 137 24 130 61 155 27 165 130 116 166 59 114 142 145 52 65 62 138 175 121 145 10
74 96 53 133 51 48 132 37 74 79 21 111 127 56 162 111 40 93 142 90 187 171 164 174 128 34 119 13 181 39 51 136 35 113 29 30 37 65 140 19 138 76 163 39 177 146 130 178 72 128 153 158 60 81 75 142 189 120 147 12
35 77 28 116 23 15 109 24 69 36 66 67 82 12 128 90 43 50 99 54 160 129 121 130 87 28 78 42 149 12 59 93 60 89 57 15 12 74 107 34 97 40 121 50 132 104 86 133 73 86 108 114 77 49 31 107 146 98 117 44
136 184 172 155 170 168 183 183 178 136 229 104 90 152 150 181 185 116 66 123 191 94 88 68 85 179 119 207 161 169 211 72 220 137 219 179 171 221 105 193 77 151 48 207 39 107 96 42 212 106 60 70 229 158 139 93 72 141 114 208
27 122 83 74 79 73 143 86 66 55 119 54 61 51 142 129 72 19 49 10 183 116 106 104 29 68 83 102 162 62 120 47 122 44 119 73 64 134 47 83 38 76 66 112 91 100 73 95 131 81 71 88 139 88 55 45 121 53 59 103
51 153 106 37 102 94 179 102 37 89 115 96 104 72 183 162 62 59 86 41 223 159 149 146 63 68 124 108 203 72 137 87 131 13 126 83 74 152 46 82 69 108 97 126 129 143 116 133 152 123 111 130 153 120 88 55 163 19 48 109
77 177 135 29 131 124 199 134 72 111 151 108 110 101 196 185 98 75 80 60 238 162 151 144 59 103 138 143 215 105 169 85 165 24 161 116 107 184 21 118 60 132 83 159 120 151 124 125 183 133 108 129 186 144 111 34 160 20 14 144
89 93 94 158 94 95 91 109 146 64 163 35 25 91 66 89 136 72 60 90 109 31 22 33 76 124 29 136 83 109 129 52 143 129 144 114 110 136 117 133 78 70 75 129 54 17 14 51 125 16 38 23 146 72 68 107 47 137 131 138
93 70 82 171 84 86 66 98 151 60 154 43 42 88 46 65 135 80 82 98 88 39 36 54 93 121 16 126 65 105 112 73 129 141 131 108 106 117 134 128 97 58 98 114 79 13 28 76 106 17 63 48 128 56 64 125 64 150 148 128
80 55 27 159 29 34 90 21 106 64 57 96 110 56 125 70 73 92 137 98 146 145 139 153 129 59 92 30 143 51 14 130 24 133 26 41 49 29 152 51 139 50 160 9 163 118 109 163 31 104 140 139 32 49 60 151 166 142 162 31
75 176 133 26 128 121 198 131 67 109 147 107 110 98 196 184 95 74 81 59 237 163 152 145 60 100 137 140 215 102 166 86 162 20 158 113 104 181 24 114 62 130 85 156 122 151 124 127 180 133 109 130 183 142 109 36 162 16 18 140
106 7 57 194 61 69 28 70 153 71 119 86 96 87 68 8 124 107 134 121 84 105 104 122 137 109 64 91 84 95 61 125 82 165 87 90 94 58 172 107 144 50 155 69 144 81 87 142 45 77 125 114 71 38 71 166 131 174 185 93
110 43 77 196 80 86 27 93 165 72 147 72 76 97 33 31 141 104 117 121 63 70 71 91 125 126 42 119 52 110 95 108 115 165 118 109 111 95 165 129 131 59 136 100 117 49 64 114 82 53 101 86 107 50 75 157 97 175 178 121
59 160 115 30 111 103 185 113 48 96 127 99 105 81 187 170 74 62 82 45 227 159 148 145 59 80 128 120 207 83 147 84 142 1 138 94 85 163 36 94 64 115 91 137 125 144 117 129 162 125 109 129 164 127 94 46 161 9 36 120
40 90 65 115 63 60 106 75 97 29 124 14 26 47 102 94 89 24 46 42 143 80 71 75 44 78 43 100 122 65 104 38 113 84 112 73 67 116 82 90 52 48 68 100 74 61 35 75 109 41 50 58 123 57 32 75 91 93 95 101
84 181 132 31 128 120 210 125 38 122 120 133 142 100 219 193 73 95 123 77 257 197 186 184 100 85 161 123 239 95 157 125 146 42 140 103 96 172 74 95 105 139 132 145 166 180 153 170 175 160 149 168 171 150 120 85 201 38 69 122
89 190 146 13 141 133 214 142 69 125 152 125 128 111 213 199 100 90 99 74 254 181 170 163 78 108 155 148 233 113 177 104 171 30 166 123 114 192 41 122 80 145 102 166 139 169 142 144 192 151 127 148 193 157 124 53 179 21 30 148
85 23 29 171 33 41 58 40 126 54 90 80 93 62 92 38 95 90 127 101 114 117 113 129 124 80 67 61 110 67 36 118 55 143 59 61 66 40 155 78 133 34 149 41 145 91 88 144 29 81 123 118 50 25 53 151 141 152 166 63
137 83 115 217 118 123 58 131 195 102 187 89 85 129 10 70 176 126 123 144 48 49 56 75 137 161 60 158 20 145 136 115 155 187 159 146 146 135 179 166 140 94 136 141 108 45 72 103 122 62 100 78 147 87 105 169 74 196 193 160
69 119 71 111 68 62 153 56 50 87 34 116 131 60 179 133 21 89 139 82 208 181 172 180 121 27 130 40 199 41 78 134 62 94 56 39 40 92 125 19 130 91 158 65 177 156 136 179 98 137 154 163 88 98 83 129 196 100 130 39
31 123 75 70 70 62 153 69 27 67 82 85 96 43 165 135 30 49 93 35 201 151 141 144 73 33 108 73 185 38 102 91 96 47 91 49 40 118 74 48 82 81 110 92 135 130 106 138 119 110 113 127 118 93 64 79 161 54 80 74
150 67 112 235 116 123 32 127 203 112 179 110 112 136 32 52 179 143 152 160 25 88 93 113 163 163 80 150 32 148 121 144 142 205 147 145 148 116 203 164 168 97 169 129 144 77 99 140 103 88 132 113 128 87 114 195 114 214 217 152
38 99 49 102 45 37 131 39 49 56 55 84 99 28 151 112 20 59 108 54 184 149 141 148 92 5 100 42 172 11 71 103 64 78 60 17 11 87 103 19 102 63 128 60 145 125 105 147 89 106 122 131 86 73 52 106 164 86 111 42
23 100 51 93 47 38 130 46 48 47 71 72 86 20 145 112 29 43 93 39 180 138 129 135 76 20 91 55 166 16 80 88 76 67 73 27 18 96 89 35 86 59 113 70 131 115 93 133 96 96 108 118 97 70 44 91 151 75 98 56
48 111 86 105 83 80 125 94 100 50 139 28 28 63 114 115 99 28 25 41 157 82 72 70 25 91 58 117 133 80 125 18 132 76 131 89 82 137 65 104 31 69 47 120 60 69 42 62 131 51 38 53 144 79 52 57 87 84 80 119
109 18 52 195 57 65 47 61 148 77 103 99 111 86 90 29 117 113 147 125 102 126 124 142 146 102 81 77 105 90 43 138 64 167 70 83 89 37 178 98 155 56 169 53 161 101 104 160 24 95 141 132 49 45 76 174 151 176 190 79
42 90 66 116 64 62 105 76 99 30 125 13 24 49 100 94 91 25 45 43 142 78 69 73 45 80 42 101 120 67 105 37 114 86 113 75 69 117 82 92 52 48 67 101 72 59 33 74 110 39 49 56 124 58 33 75 89 95 96 103
36 123 89 80 85 79 142 93 78 57 129 49 53 58 137 130 83 21 37 21 179 108 97 94 18 79 79 112 157 72 127 36 130 51 127 82 74 140 45 93 28 78 55 120 80 93 66 83 136 75 60 78 145 90 58 40 111 59 59 113
101 51 76 185 78 83 42 92 157 64 148 59 62 91 35 43 137 93 103 110 72 57 57 76 112 121 29 119 55 106 99 94 118 154 121 106 106 102 152 126 117 54 121 103 102 35 49 99 89 38 86 71 113 48 67 144 84 164 166 121
141 55 101 227 105 112 20 116 193 103 167 104 107 126 35 40 168 135 148 152 36 89 93 114 157 152 74 139 41 137 109 139 130 197 135 134 137 104 196 153 162 87 165 117 143 75 94 139 91 83 130 112 116 76 105 189 116 206 210 141
51 152 109 41 105 98 176 108 54 86 128 87 92 75 175 161 76 52 70 35 216 147 136 132 47 79 117 118 195 80 143 72 140 12 136 91 82 158 29 94 52 106 80 133 113 132 105 117 157 114 96 116 160 118 86 36 149 20 34 119
24 84 37 106 32 25 114 35 64 32 74 61 75 4 129 96 43 40 89 42 164 125 117 124 76 29 76 53 150 15 70 83 71 79 68 24 17 85 96 40 86 43 110 62 124 101 81 125 84 82 100 108 88 54 29 96 140 88 106 54
58 93 77 127 76 74 102 89 115 41 140 9 8 64 91 94 107 40 41 58 133 63 53 57 49 96 35 115 110 83 115 32 126 98 126 89 84 125 89 107 54 56 62 112 59 46 19 60 117 28 36 40 134 63 45 81 73 106 103 117
97 151 134 126 132 129 155 144 141 98 189 68 55 113 130 150 147 77 27 85 173 79 70 54 48 140 88 168 145 130 173 33 182 104 181 140 132 184 77 154 41 115 16 169 23 82 64 29 176 75 27 46 192 122 101 64 67 109 89 169
53 153 105 38 101 93 180 100 28 91 109 101 110 72 187 163 56 63 94 45 226 165 155 153 71 64 128 104 207 70 134 94 127 21 122 80 72 149 55 77 78 109 106 123 137 148 121 141 150 128 119 137 150 121 89 64 170 25 56 104
101 123 120 155 119 119 121 133 155 86 185 53 38 109 90 119 151 81 48 96 132 38 29 16 70 141 59 160 104 128 156 45 169 128 169 135 129 164 108 153 68 96 54 155 24 44 37 21 154 45 21 8 174 101 90 97 32 135 122 161
103 2 51 191 55 63 36 63 148 68 111 87 98 82 76 16 118 105 135 119 92 110 109 127 136 103 67 84 92 89 53 126 74 161 79 84 88 51 170 101 144 48 157 61 147 86 90 145 38 80 127 118 63 36 68 165 136 171 183 85
111 112 119 174 119 120 104 133 168 88 188 58 45 115 69 106 159 93 69 109 111 15 7 13 89 147 52 161 81 133 152 64 167 145 168 138 135 158 129 157 88 94 77 152 45 29 38 40 147 39 42 19 169 95 92 117 23 153 142 162
52 127 76 85 72 65 159 65 25 81 60 105 118 53 178 140 10 73 119 61 211 171 162 167 99 25 124 60 199 39 94 116 83 68 77 44 39 110 99 32 109 90 137 82 160 149 126 163 114 129 138 150 108 100 77 105 183 73 103 59
115 97 75 179 75 77 131 62 119 110 38 143 158 94 171 112 85 132 181 133 186 194 188 202 169 79 141 40 188 80 44 174 26 159 25 69 78 48 184 64 179 99 202 40 210 167 158 211 60 153 187 188 36 98 106 186 215 166 192 39
106 149 138 141 137 134 150 149 154 102 197 70 56 120 121 148 157 86 39 96 164 68 60 42 61 149 85 174 135 138 177 41 187 118 186 147 140 186 92 162 55 117 31 173 9 75 62 14 178 72 25 38 195 123 105 79 53 124 104 176
71 166 128 53 124 118 184 130 84 99 156 89 90 95 176 172 104 63 56 52 219 139 129 120 38 106 120 144 195 104 165 62 164 37 161 115 106 179 4 121 37 120 58 156 95 130 103 100 176 113 84 106 183 132 100 9 136 39 18 144
72 62 62 154 63 65 69 77 129 38 133 28 34 66 63 61 113 62 74 79 104 59 52 67 81 99 6 105 84 83 96 65 111 123 112 86 84 103 120 106 87 38 94 96 83 33 25 82 92 18 63 55 113 39 41 113 79 132 134 107
115 110 119 179 119 121 100 134 171 90 189 61 49 117 63 103 162 97 75 114 104 9 4 19 95 150 51 161 75 135 151 69 167 151 168 140 136 157 135 159 94 94 84 152 52 26 40 47 145 40 48 25 167 95 94 123 24 159 149 163
88 93 94 157 94 95 92 108 145 63 163 34 24 90 67 90 135 71 59 88 111 33 23 34 74 123 29 136 84 108 129 51 143 127 144 114 110 136 115 133 76 70 73 128 53 19 13 50 125 16 37 22 146 72 67 105 48 136 129 138
142 174 170 173 169 167 169 182 189 134 232 101 86 155 132 170 192 121 74 132 171 76 72 52 96 184 110 208 141 173 207 77 219 152 219 181 175 216 123 197 89 147 62 205 34 93 89 33 206 97 58 59 225 152 138 111 51 157 134 209
82 157 131 95 128 123 169 137 116 96 176 73 66 103 151 160 128 65 26 66 194 106 96 84 29 124 100 157 168 118 170 35 175 75 172 128 120 182 45 139 19 116 17 164 55 102 79 60 177 90 49 72 189 125 98 32 98 79 56 158
163 89 132 246 135 141 55 147 219 126 200 118 117 152 30 74 196 154 156 172 15 82 89 108 169 181 88 171 15 166 143 148 164 216 169 164 166 139 210 183 173 114 170 151 141 78 103 136 126 93 133 112 151 105 129 201 105 225 224 173
140 185 175 159 173 170 184 185 182 138 232 106 92 155 150 182 189 119 70 127 190 94 88 68 89 182 121 210 161 173 213 75 223 141 222 182 175 223 109 196 81 153 52 210 40 107 98 43 214 107 62 71 232 160 142 97 71 145 118 211
148 71 114 232 117 124 37 129 203 110 182 106 106 135 23 56 179 140 146 158 25 79 85 105 158 164 75 153 23 148 125 138 146 202 151 147 148 121 198 166 162 97 162 133 136 70 93 132 108 82 126 106 134 87 113 190 105 211 213 155
49 119 69 90 65 57 152 58 32 75 56 100 114 46 171 132 3 69 117 60 204 166 157 162 98 17 118 53 192 31 87 113 76 72 71 36 32 102 101 25 108 83 136 75 157 143 121 159 106 123 134 146 100 93 71 106 179 78 106 52
126 93 115 200 117 120 75 131 184 94 187 74 67 122 33 83 169 112 101 130 73 24 31 50 118 155 50 159 44 140 142 94 160 171 162 142 140 144 159 162 120 91 113 145 83 27 54 78 132 47 77 55 156 88 98 149 49 179 173 161
139 186 175 158 173 170 185 185 181 138 232 107 93 155 151 183 189 119 69 127 192 95 89 69 89 182 121 209 162 172 213 75 223 140 222 182 174 223 108 196 80 154 51 210 41 108 98 43 215 108 62 72 232 160 142 96 73 144 117 211
70 164 114 46 110 102 194 106 18 107 100 122 132 83 205 176 53 84 119 67 242 188 177 177 96 65 148 103 226 76 137 119 126 43 120 84 77 152 78 75 103 122 131 125 162 169 143 166 155 149 143 160 150 134 105 88 194 43 77 102
77 56 25 156 27 31 91 18 103 61 56 93 108 53 125 71 70 90 135 95 147 143 138 151 126 56 91 28 143 48 17 127 25 130 27 38 46 32 149 49 136 48 157 11 161 117 107 161 34 103 138 138 35 48 58 148 165 139 159 30
13 96 58 95 54 48 119 62 71 30 102 41 53 27 124 104 63 11 60 21 163 107 98 101 47 54 66 82 144 43 96 55 99 65 97 53 45 109 73 67 57 50 81 88 97 87 62 99 105 67 74 84 114 62 29 70 118 75 85 83
38 88 62 115 60 57 105 72 96 26 121 16 28 44 102 93 87 23 48 41 143 82 72 77 46 76 43 97 122 63 102 40 110 84 109 70 64 113 83 87 54 45 71 97 77 62 37 78 107 42 53 60 120 55 29 76 94 93 96 98
74 115 69 120 66 61 150 54 59 89 25 119 134 62 178 130 29 95 144 89 205 182 174 183 127 31 131 34 198 44 71 139 55 103 48 39 42 85 133 19 137 90 164 59 182 157 139 183 93 139 158 166 80 97 85 137 199 109 138 33
151 76 118 234 121 127 43 133 206 113 186 107 107 139 21 61 183 142 146 160 23 77 83 103 159 167 77 158 18 152 130 138 151 204 155 150 152 127 199 170 163 100 162 138 135 70 93 131 114 83 125 105 139 91 116 191 102 213 214 160
38 91 65 112 63 60 108 74 95 29 122 17 28 46 104 96 87 21 46 39 145 83 73 77 43 77 45 99 124 64 104 38 112 82 111 72 66 116 80 89 51 48 68 100 75 63 37 77 109 43 52 60 123 58 31 73 93 91 94 100
103 131 125 152 124 123 129 138 155 90 189 57 42 113 99 128 153 83 45 96 141 46 37 21 67 144 67 164 112 131 163 42 175 126 175 139 133 171 104 156 64 103 47 161 15 53 44 12 162 53 18 16 181 107 94 92 36 133 117 166
117 48 59 198 63 70 76 60 146 93 85 120 133 93 121 60 112 126 166 135 130 155 152 169 162 98 107 64 135 90 27 158 45 172 51 80 89 13 189 90 171 74 189 39 186 129 128 185 12 121 164 158 22 66 91 187 180 181 200 66
63 84 38 131 36 33 119 22 75 64 36 97 112 43 147 98 41 81 130 81 174 156 149 160 117 29 104 12 167 28 44 124 34 109 29 17 26 59 133 19 127 61 152 32 163 130 115 164 64 113 140 144 57 66 60 134 175 116 141 13
131 103 123 201 125 128 86 139 188 100 195 77 68 128 42 94 175 115 100 133 80 17 27 44 118 161 57 167 50 146 151 93 169 172 171 149 147 154 159 169 119 99 110 154 77 31 56 72 142 51 74 51 165 97 104 148 40 181 173 169
4 103 61 87 57 50 128 63 60 39 98 51 63 27 134 112 54 17 66 15 173 118 108 111 50 47 76 79 155 39 97 61 98 57 95 50 42 112 69 62 60 58 86 89 104 97 73 107 109 77 82 94 116 70 37 68 128 66 80 80
89 144 127 122 125 122 150 136 134 90 182 61 49 105 127 144 139 69 20 78 170 78 68 54 41 132 82 160 142 122 166 25 174 98 173 132 124 177 72 146 35 107 14 162 26 78 59 31 169 70 23 44 185 115 93 60 69 104 85 161
127 182 167 141 165 162 185 176 166 130 220 100 87 145 155 181 176 108 58 113 196 100 93 74 75 170 119 199 167 161 206 65 214 124 213 171 163 217 91 185 66 147 37 202 41 109 95 45 209 106 58 72 225 155 133 80 81 127 100 201
15 93 47 97 42 35 122 45 57 36 79 60 74 12 135 104 41 33 83 33 170 126 117 123 68 30 79 61 155 21 80 78 80 69 77 31 23 95 86 44 78 50 104 71 120 103 81 122 94 84 97 106 98 62 33 86 139 78 96 62
126 99 82 191 83 86 131 71 131 118 49 151 166 104 173 113 97 142 190 144 186 199 194 209 179 90 147 51 189 91 47 183 33 170 35 80 89 47 196 76 189 106 212 47 219 173 165 219 60 160 195 195 35 104 115 197 222 177 204 51
86 174 141 71 137 131 190 145 105 109 175 93 90 109 176 179 124 74 51 68 220 134 123 112 40 124 123 161 194 120 179 59 180 58 177 132 123 193 23 139 34 130 45 171 83 128 103 89 189 114 77 100 197 141 110 15 127 59 30 161
50 96 76 118 74 71 109 86 106 39 135 12 16 59 99 99 100 31 37 48 142 72 62 64 41 89 42 111 119 77 115 28 124 88 123 85 79 126 81 102 47 56 59 111 62 55 28 64 118 37 39 47 133 65 43 72 81 97 95 113
40 86 36 113 32 25 119 26 62 48 55 79 94 22 141 100 32 59 108 58 172 142 134 142 94 16 91 35 161 5 60 102 55 88 52 6 3 75 110 21 104 52 129 49 143 117 98 145 77 99 120 126 76 61 44 111 158 96 119 36
136 90 119 213 121 125 67 135 194 102 191 86 81 130 20 78 177 123 116 142 57 39 47 66 132 162 59 162 28 147 142 109 161 183 164 148 147 142 173 168 135 96 129 146 99 40 67 94 130 59 92 70 154 91 106 163 63 192 188 164
83 43 57 168 59 64 50 73 138 45 129 47 54 71 54 41 117 76 94 93 90 68 64 82 100 102 21 100 75 86 84 85 102 138 104 86 86 89 138 106 106 35 114 87 102 42 45 100 77 35 82 72 100 29 48 131 92 147 152 102
152 70 115 237 119 125 35 130 206 114 181 112 113 138 31 55 181 145 153 162 22 87 93 113 164 166 81 153 30 151 124 145 145 207 150 148 150 119 204 167 169 99 169 132 144 77 100 140 106 89 133 114 131 89 116 196 113 216 218 155
114 177 157 124 155 151 182 166 150 121 207 93 82 133 156 177 161 95 47 99 199 104 95 78 60 157 115 187 170 149 196 55 203 107 202 159 151 208 74 171 51 139 24 191 44 109 91 50 201 102 54 73 215 147 124 63 88 110 83 189
9 95 54 95 50 44 120 57 67 30 97 45 58 22 126 104 57 16 66 22 164 112 102 107 52 48 68 76 147 38 91 60 94 65 91 48 40 105 76 61 62 49 87 84 102 91 66 105 102 71 79 90 110 61 29 74 123 75 87 78
107 105 111 172 112 113 97 126 164 82 181 53 41 109 63 99 154 89 69 106 106 15 4 21 88 142 44 154 77 127 145 63 160 144 161 132 129 150 128 151 88 87 80 145 50 21 32 46 139 32 43 21 161 88 86 117 30 152 142 156
25 112 76 86 73 67 132 81 74 46 119 43 50 46 131 119 75 9 45 15 172 106 96 95 29 68 72 100 151 60 115 41 118 55 115 71 62 128 56 83 39 67 65 107 85 89 62 88 124 70 64 79 133 78 46 52 113 64 69 101
82 184 138 7 134 126 209 134 59 119 142 122 127 104 210 193 91 86 100 69 251 180 169 164 78 99 151 139 230 104 169 104 162 24 157 115 106 184 44 112 81 139 105 158 141 167 140 146 184 148 128 148 185 151 118 56 180 15 36 139
31 78 47 116 45 42 99 57 89 12 106 27 42 30 104 85 75 25 63 41 142 92 83 90 58 63 46 81 124 49 87 55 94 85 93 55 50 99 90 73 66 33 85 82 92 69 47 93 93 49 69 74 106 44 14 85 106 95 103 83
42 61 29 129 28 27 86 41 94 8 95 40 55 27 98 69 73 43 82 56 133 97 90 101 77 59 46 68 119 43 68 74 78 100 78 46 44 80 108 66 86 15 104 64 108 72 56 108 73 54 84 86 87 27 6 104 116 109 120 70
114 17 59 201 64 72 40 69 156 81 111 102 112 93 85 25 125 118 150 131 95 124 123 141 150 109 81 85 99 97 51 141 72 173 77 90 96 44 183 105 158 60 171 61 162 100 105 160 31 95 142 132 56 49 81 179 150 182 195 87
115 30 73 202 77 84 14 88 166 77 140 83 89 98 45 16 140 111 130 127 64 87 87 107 136 124 55 112 60 110 84 121 105 171 109 106 109 82 174 125 142 59 149 91 132 66 78 130 69 67 116 101 94 48 78 167 113 181 187 114
48 61 40 134 40 40 81 54 104 11 108 29 43 39 88 67 86 43 74 59 125 84 77 88 73 71 33 81 108 56 78 66 90 104 90 60 57 88 108 79 81 19 96 76 96 59 43 96 81 41 73 73 97 28 14 102 102 113 121 83
64 127 77 97 73 67 160 64 36 88 47 114 128 59 183 141 13 84 132 74 214 180 171 177 113 27 131 52 203 42 89 128 75 82 69 44 42 104 113 27 122 94 150 77 172 156 135 174 109 137 149 160 100 103 84 119 193 87 117 51
136 73 109 218 112 117 45 125 193 99 179 91 90 126 4 59 172 127 129 144 40 60 66 86 142 156 61 151 20 141 126 121 146 188 150 140 141 125 183 160 145 89 144 132 118 52 76 113 112 66 107 87 137 81 102 173 86 197 197 153
113 102 113 181 114 115 91 128 170 85 184 59 48 113 55 95 159 96 79 113 97 8 7 27 97 146 45 156 68 131 144 72 161 152 162 136 133 149 137 155 98 88 89 146 59 19 38 54 138 35 53 30 160 88 90 127 32 160 151 158
86 57 34 164 36 40 92 27 110 70 56 102 117 62 128 72 76 99 144 105 148 150 145 159 136 63 98 30 146 56 8 136 19 139 23 46 54 24 159 55 145 56 166 5 170 123 115 170 28 110 147 146 26 54 67 158 172 147 169 32
116 26 59 201 63 71 51 66 153 85 104 108 119 93 96 35 121 121 156 133 105 134 132 150 154 107 90 79 110 95 43 147 64 173 70 87 94 34 186 101 163 64 177 54 170 109 112 168 22 103 149 141 46 54 84 182 159 183 198 81
31 130 89 63 85 78 153 90 57 64 118 66 72 55 154 138 68 29 58 13 194 128 117 115 35 67 95 104 174 64 125 57 124 33 120 75 66 139 42 82 44 84 73 116 100 112 85 104 137 92 81 99 143 96 64 42 132 42 52 104
69 119 71 111 68 62 153 56 50 87 34 116 131 60 179 133 21 89 139 82 208 181 172 180 121 27 130 40 199 41 78 134 62 94 56 39 40 92 125 19 130 91 158 65 177 156 136 179 98 137 154 163 88 98 83 129 196 100 130 39
70 171 127 21 122 115 196 124 56 106 137 108 112 92 196 180 84 72 87 55 237 166 155 150 65 91 137 131 216 94 158 90 153 11 149 105 96 174 34 105 68 126 93 148 129 152 125 133 173 134 114 135 175 138 105 45 167 4 30 131
49 81 32 121 28 22 115 19 69 51 49 83 98 28 139 95 37 66 115 67 169 144 137 146 102 22 92 27 159 14 51 109 46 97 43 3 12 66 119 21 112 51 137 40 149 119 102 150 69 101 125 130 67 59 47 120 162 105 128 28
45 139 101 66 98 91 158 104 73 72 135 65 68 69 153 145 86 35 44 27 195 121 111 106 21 84 95 120 173 80 139 46 140 38 136 91 82 153 30 99 28 93 56 131 87 108 81 91 149 91 70 90 157 105 72 27 123 45 43 121
56 155 106 39 102 94 183 101 24 94 106 105 114 73 190 165 54 67 99 49 229 170 159 158 76 63 132 103 211 70 134 99 126 25 121 80 72 149 60 76 83 111 111 123 142 152 125 146 151 132 124 141 149 123 92 68 175 28 60 103
82 38 24 166 28 36 73 29 117 58 74 87 101 58 108 53 85 91 132 100 129 131 126 141 127 70 79 46 126 59 21 124 39 139 43 50 57 30 154 65 136 40 154 25 154 104 98 154 24 92 132 129 38 36 56 152 154 148 165 48
104 158 141 129 139 136 161 151 147 105 196 75 62 120 135 157 153 84 34 91 178 83 74 57 54 147 95 175 149 137 181 40 189 108 188 147 139 191 79 161 46 122 18 176 24 87 71 30 183 82 33 51 199 129 108 67 69 113 91 176
47 94 72 117 70 68 108 83 103 36 132 12 19 55 100 97 97 29 40 46 142 74 64 67 42 86 42 108 120 73 112 31 120 87 120 81 75 123 81 98 48 53 62 107 66 57 30 67 115 38 42 50 130 63 39 73 84 96 95 109
135 160 159 175 158 157 154 171 185 124 223 91 76 146 116 155 186 115 71 127 155 60 56 36 94 177 97 198 125 165 195 72 208 152 208 172 166 203 125 189 88 135 64 194 28 78 76 25 193 83 50 46 213 139 128 113 35 157 137 199
62 155 118 59 115 108 174 121 81 89 149 79 80 86 167 162 98 52 49 43 209 131 120 113 28 98 110 135 186 95 155 53 156 36 152 107 97 170 13 113 29 110 54 147 89 120 94 94 166 104 76 98 174 121 89 11 129 41 27 136
103 65 51 178 53 58 99 44 122 88 55 119 134 79 139 80 87 116 161 121 155 165 160 175 153 76 113 38 156 71 13 154 16 154 22 60 69 17 175 65 163 73 184 17 187 139 132 187 29 126 164 162 10 70 85 175 188 162 184 38
102 76 91 179 92 95 67 107 160 69 163 51 47 97 40 69 144 89 86 107 83 33 31 51 99 130 25 135 58 114 120 78 137 149 139 117 115 124 140 137 103 67 101 122 78 10 34 75 112 24 65 47 135 65 73 131 58 158 155 136
86 64 37 161 38 42 99 27 106 73 48 105 120 62 135 79 72 100 146 104 155 155 150 164 136 59 103 24 153 54 13 138 13 137 16 43 52 28 158 50 146 60 168 2 173 129 119 173 35 115 150 150 27 60 70 158 177 145 167 25
39 137 89 55 84 76 165 83 25 76 95 90 100 55 174 147 43 52 90 35 211 156 145 146 68 48 116 88 194 53 117 89 111 32 106 64 55 133 63 62 77 93 105 107 133 136 111 137 134 116 113 129 133 105 74 69 163 39 67 88
45 117 66 89 62 55 149 56 32 71 58 96 110 43 168 130 6 65 113 56 201 162 153 158 94 15 114 53 188 29 86 109 77 69 71 34 29 102 98 26 104 80 132 75 153 139 117 155 105 120 130 141 100 90 67 103 175 76 104 53
74 45 51 160 52 56 57 66 129 36 123 41 50 63 63 46 108 68 89 85 99 72 67 83 93 93 21 94 83 78 80 80 97 129 99 79 78 86 131 99 100 27 110 82 100 45 42 99 76 34 80 72 97 24 39 124 94 139 144 96
66 113 65 113 62 56 148 51 53 82 32 112 127 55 173 128 21 86 136 80 202 176 168 175 119 23 125 35 193 36 72 131 57 95 51 33 35 87 125 13 128 85 156 60 174 151 132 176 93 133 150 159 83 92 78 129 191 101 130 34
87 144 125 118 123 120 151 135 130 89 179 60 49 103 129 145 136 66 17 74 172 81 71 58 38 130 83 158 145 120 165 23 172 94 171 129 122 176 68 144 31 107 12 160 30 80 60 35 168 71 25 47 183 115 92 56 72 100 81 159
84 177 141 60 137 130 194 143 97 110 170 97 96 108 183 182 118 74 59 66 226 142 132 121 44 119 128 157 201 117 178 66 178 49 174 129 120 192 14 135 40 131 55 169 93 135 109 99 189 120 86 108 196 143 111 13 136 49 19 158
85 185 137 18 132 124 212 131 47 123 131 131 138 104 218 196 81 93 116 75 257 193 182 178 93 92 159 131 238 100 163 118 154 35 149 110 102 179 63 104 97 141 123 152 158 177 150 163 181 158 143 162 178 153 122 75 195 28 57 131
136 161 159 176 159 158 154 172 186 125 224 92 77 147 116 156 187 116 72 128 155 60 57 37 95 178 97 199 125 166 196 73 209 153 209 173 167 204 126 190 89 136 65 195 29 78 77 26 194 84 51 47 214 140 129 114 35 158 138 200
118 165 153 144 151 149 166 163 162 116 210 85 71 134 136 163 168 98 48 106 177 81 74 55 69 161 101 188 148 151 192 53 201 123 200 160 153 202 94 175 61 132 33 188 22 90 78 26 193 88 41 53 210 139 120 81 63 128 104 189
67 123 103 113 101 97 133 112 116 66 158 39 31 82 116 125 117 46 10 57 159 75 65 58 28 109 65 136 133 99 142 2 150 86 149 108 101 153 67 123 28 84 31 138 42 68 43 45 146 54 22 43 161 93 69 57 75 93 81 137
89 170 141 87 138 132 182 146 116 107 181 86 81 111 166 173 132 74 40 72 209 120 110 98 37 130 115 164 183 124 180 49 183 71 180 135 127 193 37 145 28 127 29 173 68 117 94 73 188 105 64 86 198 138 108 26 112 74 46 165
92 60 75 173 76 80 56 91 149 56 147 46 48 84 43 54 131 81 89 99 84 49 47 65 98 116 16 118 64 101 103 80 120 143 122 102 101 107 139 122 103 51 107 105 89 24 35 86 95 24 72 58 118 48 60 130 74 152 153 120
35 136 93 54 89 81 161 92 49 71 115 75 83 58 163 145 63 38 67 21 203 138 128 126 45 64 104 103 183 64 127 67 125 24 121 75 66 142 42 80 52 91 81 118 110 122 95 114 141 102 91 109 144 103 70 45 143 33 50 104
108 10 59 196 63 71 25 72 155 72 122 86 95 89 65 5 127 108 134 122 81 103 102 121 137 111 63 94 81 97 64 125 85 166 90 92 96 61 172 110 144 51 155 72 143 79 86 141 48 76 124 113 74 39 72 167 129 175 185 96
62 47 38 148 39 42 66 53 115 23 110 39 51 48 77 52 94 58 87 74 112 83 77 91 87 79 30 81 98 63 72 78 86 118 87 64 64 80 123 84 95 13 108 71 104 57 47 103 70 42 82 78 89 16 25 117 104 128 136 83
83 110 103 142 102 101 112 115 138 68 167 35 20 91 88 108 133 64 39 80 132 45 34 31 58 123 46 142 105 110 140 33 152 114 152 117 111 149 98 134 58 80 52 138 35 40 23 34 140 33 16 14 158 85 72 87 48 122 112 144
125 101 119 196 120 123 85 135 183 95 191 71 63 123 44 92 170 109 94 127 83 13 22 40 112 156 52 163 54 141 148 88 165 166 167 144 142 151 153 164 113 95 104 150 73 26 51 68 139 46 68 46 162 93 99 142 38 175 167 165
89 188 140 20 135 127 216 133 48 127 131 135 142 107 222 199 83 97 120 79 261 197 186 182 97 94 163 133 242 103 166 122 156 39 150 112 104 181 67 105 101 144 127 154 162 181 154 167 183 162 147 166 180 156 125 79 199 32 60 132
87 187 139 16 134 126 214 133 49 125 133 132 139 105 219 197 83 95 116 77 259 194 183 179 94 94 161 133 240 102 165 119 156 35 151 112 104 181 63 106 98 143 123 154 158 178 151 163 183 159 143 163 180 155 123 75 196 28 56 133
60 128 78 92 74 67 161 66 31 86 53 112 126 58 182 142 11 81 128 70 214 178 169 174 108 27 130 56 203 42 92 125 79 77 73 45 42 107 108 30 118 94 146 80 168 155 133 171 112 135 146 157 104 103 83 114 191 82 112 55
108 150 140 143 138 136 151 151 156 103 199 71 57 122 121 148 159 88 41 98 163 67 59 41 63 151 86 176 134 140 178 43 188 120 187 148 142 188 94 164 57 118 33 175 8 75 63 13 179 72 26 38 196 124 107 81 52 126 106 177
127 56 94 211 97 103 29 110 182 89 164 86 87 114 19 42 159 119 128 137 46 69 72 93 138 143 55 135 35 128 109 119 130 181 134 127 128 108 178 146 143 76 145 116 122 54 74 118 95 63 109 91 120 67 92 170 96 190 192 137
42 109 81 101 79 75 124 89 94 46 133 29 32 57 117 113 93 22 30 35 159 87 76 75 25 85 59 112 136 74 121 24 127 72 125 84 76 133 64 98 33 66 52 115 66 72 45 69 127 54 44 59 140 76 48 56 93 80 78 113
61 157 118 53 114 107 176 120 76 90 146 82 84 85 170 163 94 53 54 42 213 136 125 118 33 95 113 133 189 93 154 58 154 31 150 105 96 169 12 110 35 111 60 146 95 124 98 100 166 107 82 103 172 123 90 15 134 35 25 134
82 45 57 166 59 63 52 73 137 44 130 45 52 70 55 43 116 75 92 92 91 67 63 80 98 101 19 101 76 85 85 83 102 136 104 86 86 90 136 106 104 34 112 87 100 41 43 98 79 33 81 70 101 30 47 129 91 145 150 103
76 176 134 30 130 122 198 133 71 110 150 106 109 100 194 184 98 74 79 59 236 161 150 143 58 103 137 142 214 104 168 83 164 23 160 116 106 183 20 117 59 130 82 158 119 149 122 124 182 132 106 128 185 142 109 33 159 20 14 143
100 200 152 20 147 139 227 145 60 138 143 144 150 118 232 210 95 107 126 89 272 205 194 189 104 106 173 145 252 115 178 129 168 47 163 124 116 193 70 118 107 156 131 166 168 190 163 172 195 171 153 174 192 168 136 82 206 38 61 145
102 168 146 114 144 140 175 154 138 110 195 83 73 121 152 169 149 83 36 87 195 102 92 77 48 144 107 176 167 137 186 44 192 96 190 147 139 197 64 159 39 129 14 180 44 104 84 50 191 95 48 69 204 138 113 52 89 100 74 177
52 143 107 68 103 97 161 110 80 76 142 66 68 75 154 149 93 40 40 34 196 120 109 103 17 91 97 127 173 86 145 43 146 41 143 98 89 158 26 106 22 97 50 137 82 108 81 87 155 91 67 88 163 109 77 21 120 48 40 127
138 73 110 221 113 119 44 126 194 101 181 93 92 128 6 59 173 129 131 147 38 62 68 88 144 158 63 152 18 142 127 123 147 190 151 142 143 125 185 162 148 90 146 133 120 54 78 115 112 68 109 89 137 82 104 176 88 199 199 154
78 47 56 163 57 61 55 71 134 40 128 42 49 67 58 46 113 71 89 88 95 67 63 79 94 98 17 99 79 83 85 80 101 132 103 84 83 90 133 104 101 32 109 87 98 41 40 96 79 31 78 69 101 29 43 126 90 142 146 101
113 78 64 184 66 69 111 55 126 100 52 132 147 90 153 93 92 127 174 131 166 179 174 189 164 82 127 42 169 80 27 166 19 162 24 68 77 27 184 69 174 86 196 29 200 152 145 200 40 140 177 176 15 83 97 185 202 169 193 42
113 160 147 140 145 143 162 158 157 111 204 79 66 128 132 158 162 92 43 101 174 78 70 52 64 155 96 182 145 145 186 47 195 119 194 154 147 196 90 169 57 126 29 182 18 86 73 23 188 83 35 49 204 133 114 78 61 124 101 183
43 90 40 112 36 29 123 29 59 53 51 84 99 27 146 104 28 62 112 61 176 147 139 147 97 12 96 33 166 9 61 106 54 88 50 7 7 76 112 16 107 57 133 49 147 122 103 149 78 104 124 131 76 65 49 113 163 96 120 34
38 128 92 75 88 82 147 96 76 61 130 54 58 61 142 134 83 25 39 21 184 112 102 98 18 79 84 113 162 73 130 39 132 46 129 84 75 144 41 94 27 82 55 122 82 98 71 86 140 80 64 82 148 94 62 36 115 54 54 114
118 35 78 204 81 88 13 93 170 80 145 84 90 102 40 21 144 113 130 130 59 84 85 105 137 129 55 117 55 114 89 121 110 174 114 111 114 87 176 130 143 63 149 96 131 64 78 128 74 67 115 100 99 52 81 169 111 184 189 119
88 128 116 134 115 113 131 127 138 80 176 48 34 100 106 127 138 67 27 80 150 58 48 37 50 129 65 153 122 118 154 25 165 108 164 126 120 164 87 142 47 95 34 151 21 58 41 23 156 51 3 24 173 101 83 75 53 115 100 154
83 159 132 93 129 124 171 138 115 97 176 75 69 104 154 162 128 66 28 66 197 109 98 86 29 125 103 158 170 118 171 37 175 73 173 129 120 184 42 140 19 117 19 165 58 105 82 63 178 93 52 75 190 127 99 30 101 77 54 159
75 79 40 144 39 39 115 25 88 72 33 105 120 54 147 95 53 92 140 93 171 161 154 166 128 42 108 4 166 40 33 134 21 122 16 29 38 48 145 30 138 65 162 21 172 134 121 172 54 118 148 151 45 67 68 146 180 129 154 6
70 34 16 157 21 28 67 31 113 41 85 69 82 48 95 47 84 76 114 87 121 113 108 122 110 68 61 56 114 54 40 106 56 128 58 50 54 48 140 68 119 21 136 41 135 86 79 135 40 73 113 110 57 17 39 137 135 138 152 58
128 139 143 180 142 143 130 157 182 110 210 78 63 135 91 133 178 108 73 123 130 35 33 15 95 167 77 184 100 154 177 70 192 154 192 160 155 184 132 178 92 118 73 177 35 55 60 29 173 64 46 31 194 121 114 119 11 161 144 186
85 148 127 112 125 121 156 136 127 91 179 64 54 103 135 149 134 66 17 72 178 88 78 65 34 128 88 158 151 120 166 25 173 89 172 129 122 178 62 143 26 109 6 161 37 87 65 42 171 77 32 54 185 118 94 50 79 94 74 159
80 164 133 78 129 124 178 137 105 100 171 82 78 102 164 168 121 65 39 62 208 122 111 100 30 119 111 155 182 115 171 47 174 60 171 126 117 185 28 135 23 120 34 164 72 116 91 78 180 102 65 88 190 131 101 16 115 64 39 156
57 53 39 143 40 42 72 54 111 18 110 34 47 45 81 58 91 52 81 68 117 82 75 88 81 76 29 82 101 61 75 72 88 113 89 63 62 84 116 83 89 15 103 74 100 56 44 99 75 40 77 75 93 21 21 111 102 122 130 84
90 136 122 130 121 118 140 133 138 86 181 54 41 104 115 136 140 69 24 80 158 66 56 43 47 132 73 157 131 121 161 25 171 105 170 130 123 171 82 146 43 102 26 157 19 67 50 23 163 60 12 33 179 109 89 70 58 112 95 159
117 21 70 205 74 81 15 83 165 81 132 92 100 99 59 6 137 116 140 132 71 102 102 122 144 122 67 104 73 108 73 131 95 175 100 103 107 69 181 121 151 61 160 82 146 80 90 143 56 80 128 115 81 49 81 175 128 185 194 106
65 39 31 152 33 38 63 47 116 28 104 48 61 48 80 47 92 64 96 79 112 90 85 100 95 77 38 75 100 61 63 87 78 123 79 61 61 70 129 81 103 9 117 63 113 64 57 113 61 51 91 87 80 7 29 124 112 132 142 77
108 17 62 196 66 74 21 76 157 71 128 82 90 90 58 5 130 106 130 122 76 95 95 114 134 114 57 99 73 100 71 121 92 166 96 96 99 69 170 114 141 52 150 78 137 72 81 134 56 70 118 106 81 40 72 164 121 175 184 101
27 76 31 113 27 20 105 34 73 23 80 53 68 6 120 87 52 38 86 45 154 116 108 116 75 38 66 56 140 23 68 79 71 85 69 29 24 82 99 47 85 33 108 61 118 92 73 119 79 73 95 100 86 45 19 97 132 94 110 57
85 187 142 7 137 130 212 138 63 122 147 124 128 107 212 196 95 88 101 72 253 181 171 165 79 103 154 143 232 108 172 105 166 27 161 119 110 188 43 116 81 142 105 162 141 168 141 146 188 150 128 149 189 154 121 56 181 18 34 143
96 152 134 123 132 129 157 144 139 98 188 68 57 112 132 152 145 76 26 83 176 82 73 58 46 139 90 167 147 129 173 32 181 101 180 139 131 184 73 153 38 115 12 169 27 85 66 32 177 77 29 49 192 123 101 61 71 106 85 168
75 94 88 143 87 87 98 101 132 54 154 22 10 79 79 93 123 57 47 75 122 46 36 41 61 112 31 128 97 98 124 39 137 114 137 104 99 133 102 123 64 64 64 123 51 31 7 50 123 18 31 26 142 69 58 92 57 122 116 130
101 106 109 165 109 110 100 123 158 78 178 48 35 105 69 101 149 83 62 100 112 22 11 19 81 137 43 151 84 123 143 56 158 137 159 129 125 150 121 148 81 85 73 143 45 24 28 41 139 30 36 15 160 87 82 110 32 145 135 153
106 136 130 152 129 128 135 143 157 95 193 62 47 117 104 133 157 86 45 99 146 50 42 24 68 147 72 169 117 135 168 44 179 126 179 143 137 176 103 160 64 108 45 166 10 58 50 7 167 58 20 22 186 113 99 91 37 133 116 170
74 166 131 61 127 121 184 133 92 100 162 88 87 98 174 172 111 64 51 56 217 135 124 115 35 111 118 148 192 108 168 57 169 45 165 120 110 182 11 126 32 121 51 160 88 126 100 94 179 111 79 101 186 133 101 3 130 47 23 149
47 149 105 42 101 93 173 103 48 84 122 87 93 70 175 158 69 50 73 33 215 148 137 134 50 73 116 112 195 74 138 75 134 11 130 85 76 153 35 88 56 103 84 128 116 133 106 120 152 114 99 118 155 115 83 42 151 21 40 113
148 66 111 233 114 121 31 125 201 110 177 108 110 134 30 50 177 141 150 158 26 86 91 111 161 161 77 149 31 146 119 141 141 203 145 144 146 115 201 163 165 95 166 128 142 75 96 138 102 85 130 111 127 85 112 192 112 212 215 151
56 132 81 82 77 70 164 70 22 85 62 109 122 58 183 145 14 76 122 64 216 176 166 170 102 30 129 64 203 44 99 119 87 67 81 49 44 114 99 36 111 95 139 87 163 153 130 166 118 133 141 153 112 105 82 105 187 72 103 63
88 58 71 170 72 76 57 87 145 52 143 43 46 80 47 53 127 78 87 96 87 52 49 67 96 112 13 115 68 97 100 78 117 139 119 98 97 104 136 118 101 47 105 102 89 26 34 86 93 23 71 58 115 44 56 127 76 149 150 117
83 179 141 49 137 130 198 142 90 113 165 103 103 107 189 186 113 76 67 65 232 151 140 131 50 116 133 155 208 115 177 74 176 41 172 127 117 192 11 131 48 134 66 168 104 142 116 109 189 126 95 117 195 145 113 19 146 40 8 155
95 173 145 93 142 137 185 151 123 111 187 89 82 117 166 176 138 79 42 78 209 119 109 96 42 136 116 170 182 130 184 50 188 77 186 141 132 197 44 151 33 131 27 178 65 118 95 70 192 106 63 85 203 141 113 33 109 80 52 171
115 94 109 187 110 113 80 125 173 85 181 62 54 113 43 85 160 100 88 118 85 15 19 39 105 146 42 153 57 131 139 81 156 158 158 134 132 143 146 154 106 85 100 141 71 16 42 66 131 36 63 41 154 83 89 135 42 166 160 155
150 89 125 230 128 133 60 141 207 114 196 102 99 141 16 75 187 139 136 157 37 60 68 86 151 172 73 167 7 157 143 128 163 200 167 156 157 141 192 176 154 105 149 149 119 59 85 115 128 76 112 91 154 97 117 182 83 209 206 169
127 184 168 138 166 162 187 177 164 131 220 102 89 145 158 183 175 107 58 113 200 104 96 77 74 170 121 200 171 161 207 65 215 122 213 171 163 218 89 184 65 148 37 203 44 112 98 49 210 108 60 75 226 156 134 77 85 125 97 201
102 125 122 155 121 120 123 135 156 87 187 55 39 111 92 122 153 82 48 97 134 39 30 16 70 142 61 161 105 129 158 45 171 128 171 136 131 167 108 154 68 98 53 157 22 46 40 18 157 47 21 10 176 103 91 96 32 136 121 163
37 93 66 110 64 60 110 75 94 30 123 18 29 46 106 98 86 20 44 38 147 84 74 77 41 76 47 99 126 64 106 37 113 80 112 72 66 117 78 89 49 50 67 101 75 65 39 76 111 45 51 61 124 60 33 71 94 89 91 101
61 43 10 147 13 20 74 26 104 33 82 63 77 39 99 55 76 67 107 78 127 112 106 120 102 60 59 53 119 46 44 99 57 119 58 42 46 55 131 62 111 16 129 42 130 85 75 130 48 71 107 106 62 18 31 128 133 128 143 55
92 110 107 152 107 107 109 121 148 74 174 41 27 98 82 107 142 73 48 89 125 35 25 22 67 130 46 148 97 117 144 42 157 124 157 123 119 152 107 142 67 84 59 142 35 34 25 33 142 32 22 6 161 88 78 96 39 132 121 149
91 192 146 4 142 134 218 142 65 128 148 130 135 112 218 202 97 94 108 77 259 188 177 171 86 106 160 146 238 112 176 111 169 33 164 122 114 192 50 119 88 147 111 165 148 175 148 153 192 157 135 156 192 159 127 62 188 24 40 146
91 155 134 111 131 127 163 142 130 98 184 71 61 109 141 156 139 71 23 77 185 93 83 69 38 134 95 164 157 125 173 32 180 90 178 135 127 185 61 148 29 116 1 168 39 93 72 45 178 83 38 60 192 125 100 49 83 95 73 165
99 20 57 186 60 67 28 72 149 61 125 72 81 82 56 15 123 97 120 112 80 88 87 106 124 108 48 96 74 93 71 111 91 156 95 90 93 71 161 109 131 43 140 77 128 64 71 126 59 61 109 98 83 32 63 154 114 166 174 98
105 107 74 161 74 73 142 59 100 106 17 139 154 86 178 122 68 123 173 121 198 195 188 200 159 64 142 32 196 70 53 166 32 143 27 59 67 62 170 49 169 99 194 45 205 169 156 206 73 153 182 185 52 100 102 173 215 149 177 30
116 110 120 180 120 121 100 134 172 91 190 62 50 118 63 103 163 98 76 115 104 8 5 19 95 151 52 162 75 136 152 70 168 152 169 141 137 157 135 160 95 95 84 153 52 27 41 47 146 41 49 26 168 96 95 124 23 160 149 164
35 67 27 122 24 21 94 35 84 14 87 46 61 17 108 77 63 40 84 51 143 107 99 109 76 49 56 61 129 33 66 77 73 93 72 37 34 79 104 56 86 23 106 61 113 82 64 114 75 64 89 93 85 34 9 101 124 102 116 62
95 86 56 161 57 57 121 43 102 90 29 123 139 74 158 102 68 112 160 113 178 177 171 184 148 60 124 20 176 60 33 154 12 140 7 49 58 43 165 46 158 81 182 25 191 150 139 191 54 136 167 169 35 82 87 166 198 147 173 20
41 141 95 48 90 83 168 91 33 79 106 88 97 61 174 151 53 50 83 32 213 152 142 141 61 58 115 98 194 61 126 83 120 22 116 72 63 141 52 72 68 97 97 115 126 135 108 130 141 115 107 124 142 109 77 58 158 30 56 98
51 83 66 127 64 63 96 78 109 30 129 3 18 54 90 86 98 36 50 54 131 69 60 66 53 86 31 104 110 73 104 41 115 96 114 79 74 114 92 97 60 45 71 101 71 49 24 71 106 29 47 50 123 53 34 85 83 105 106 105
84 184 142 25 137 130 207 140 74 118 155 115 117 107 203 192 103 82 86 67 245 169 158 150 66 109 145 148 222 111 175 91 171 28 166 122 113 190 27 123 67 139 88 165 126 158 131 131 189 140 114 136 192 151 118 39 166 22 16 149
90 98 61 149 60 59 134 46 89 92 13 125 140 71 168 114 55 108 158 107 190 182 175 187 144 50 129 18 186 55 47 152 27 129 21 45 52 59 156 35 154 86 179 37 191 156 142 192 69 140 167 171 52 89 88 159 201 136 163 16
88 22 32 174 36 44 58 42 128 58 89 84 97 66 94 37 98 94 131 105 114 120 117 133 128 82 71 62 111 70 34 122 54 146 58 63 69 36 158 79 137 38 153 40 149 94 92 148 26 84 127 122 48 29 57 155 144 155 170 64
61 113 93 116 91 89 123 103 113 57 151 28 22 74 108 115 112 41 20 54 151 71 61 57 32 103 55 128 126 92 133 11 141 87 140 100 93 144 73 116 34 74 41 128 47 61 35 50 136 46 25 41 151 83 60 63 74 95 87 129
110 99 110 179 110 112 89 125 167 82 181 56 46 110 54 92 156 93 77 111 97 11 8 29 95 143 42 153 68 128 141 71 157 150 159 133 129 146 136 152 96 85 89 143 59 16 35 55 135 32 52 30 157 85 86 125 35 158 150 155
47 148 103 41 98 90 174 100 40 84 115 90 98 68 177 158 63 53 80 35 217 153 142 140 57 67 119 107 198 70 134 81 130 13 125 81 72 150 43 82 64 103 92 124 123 136 110 127 149 117 105 123 151 115 83 50 157 22 47 108
86 176 142 68 138 132 191 145 103 110 174 95 92 110 179 181 123 74 54 68 222 137 126 115 42 123 125 160 196 120 179 61 180 56 177 131 122 193 21 138 36 131 48 171 86 131 106 92 189 116 80 103 198 142 111 14 130 57 27 161
21 86 50 106 46 42 109 56 78 20 101 35 49 24 115 94 66 18 63 31 153 101 92 98 54 55 57 78 135 42 89 57 94 75 92 51 44 102 83 67 63 40 85 82 96 79 56 98 97 59 73 81 107 52 19 79 114 85 95 80
11 100 54 89 49 42 128 52 52 41 83 62 75 19 140 111 40 31 81 27 176 129 119 124 64 32 83 66 160 25 87 76 86 61 82 37 28 102 80 47 74 57 101 78 119 107 83 121 101 87 96 107 105 68 39 80 141 70 89 67
109 50 52 189 56 62 81 51 136 87 75 116 130 85 124 63 102 120 161 127 136 155 151 168 156 89 105 54 139 81 17 153 35 164 41 71 79 3 182 80 165 69 184 30 183 129 126 182 10 119 160 156 15 63 85 180 179 172 192 56
141 47 96 228 100 108 13 110 191 103 158 109 113 124 49 33 164 137 154 153 46 101 104 125 162 148 79 131 55 134 99 145 121 198 126 130 133 93 200 147 168 85 173 108 153 85 101 149 80 90 138 122 105 74 104 193 128 207 214 133
