250 50
273 156 87 212 435 275 72 86 71 307 462 257 311 386 313 232 161 187 141 60 95 394 454 184 159 295 130 236 242 171 413 256 393 145 182 233 232 399 84 278 276 274 131 91 231 303 129 292 274 126
23 40 41 29 46 43 48 28 13 29 42 12 39 35 17 36 46 42 26 44 21 18 19 35 15 28 44 18 10 22 17 40 50 36 45 40 46 31 26 36 46 44 26 35 17 32 18 42 34 17 22 28 29 41 45 23 23 27 30 13 26 35 48 14 11 43 36 17 16 20 50 20 34 12 28 50 16 46 17 20 33 17 27 15 47 16 17 31 36 17 22 15 10 31 14 33 33 42 21 48 39 11 11 13 38 49 17 37 24 49 34 25 30 41 14 46 16 23 33 28 44 11 17 15 25 45 39 40 25 42 42 29 32 12 15 35 35 36 31 45 40 44 21 24 36 37 50 21 26 46 42 30 48 34 49 44 15 12 42 12 24 44 26 25 17 35 26 34 47 17 35 49 42 27 37 12 40 38 19 20 27 46 16 33 15 11 12 35 43 26 41 23 32 45 30 24 14 47 35 46 20 37 41 28 47 16 37 18 31 27 22 41 34 50 44 18 44 50 36 28 20 39 18 34 33 36 30 11 30 32 47 31 11 32 30 12 13 41 35 31 27 27 38 14 12 12 33 44 14 39
336 294 107 277 447 351 133 123 109 409 469 470 492 461 350 272 231 223 281 102 182 395 471 274 264 458 216 302 281 227 486 260 464 261 276 319 268 456 140 317 495 344 190 141 249 465 248 296 467 221
169 45 191 123 227 13 188 3 6 209 171 76 159 172 236 212 174 202 170 172 127 140 184 108 205 168 178 182 280 49 114 228 132 136 143 104 153 108 133 211 145 216 69 184 99 245 248 128 66 207
39 177 33 193 90 197 209 206 213 17 46 183 254 36 71 164 33 81 142 182 114 120 163 127 194 48 33 203 177 188 247 52 111 231 65 105 191 116 82 164 192 175 195 118 108 176 98 79 222 31
151 175 174 121 68 208 87 218 227 167 119 151 159 152 96 21 143 69 51 72 213 84 46 213 58 169 160 85 60 175 181 110 96 147 155 170 95 199 123 22 102 31 164 43 158 29 79 146 272 120
61 85 84 134 141 98 179 107 114 101 70 103 194 64 142 166 67 117 125 152 53 87 147 49 179 61 71 172 215 98 171 128 72 168 35 7 148 35 42 166 145 174 112 120 13 193 160 24 127 105
73 111 83 172 171 113 220 120 124 104 96 137 231 75 166 205 82 149 166 193 12 128 188 18 220 62 77 213 251 126 203 150 113 205 52 36 188 12 79 205 185 214 143 159 52 231 188 56 116 125
127 195 142 159 23 225 137 236 244 130 97 178 206 127 47 73 117 42 84 118 200 100 92 205 110 145 132 134 64 198 221 65 106 190 139 166 139 191 117 74 145 83 192 58 157 69 27 136 280 82
96 94 125 77 93 126 100 136 145 129 71 80 138 98 109 84 92 70 42 73 136 4 64 131 96 111 108 94 144 98 135 108 11 114 87 89 76 118 49 84 76 92 94 46 75 114 114 71 186 98
100 141 125 111 49 172 107 182 191 120 68 125 165 101 71 61 93 31 41 82 162 46 59 162 89 118 110 102 102 144 172 76 52 145 103 121 97 148 72 61 101 71 139 13 110 81 70 95 229 77
186 107 201 189 267 77 254 72 66 221 199 142 227 189 271 270 194 243 226 235 118 191 243 100 268 179 192 248 332 116 182 258 180 205 161 123 219 109 167 269 211 275 137 234 127 301 287 153 3 234
75 116 83 177 174 117 225 124 127 104 99 141 236 77 169 210 85 153 170 198 7 132 193 18 224 63 78 218 254 130 208 153 118 210 56 41 193 16 83 210 190 219 148 163 57 236 191 60 116 127
140 18 167 65 174 51 129 59 68 180 131 19 115 143 187 150 142 150 109 110 130 82 122 115 143 146 152 122 219 16 84 182 78 89 117 88 93 108 92 149 86 153 24 125 75 183 195 98 123 166
253 145 282 85 235 164 97 166 171 289 232 114 24 255 259 162 251 220 148 111 261 158 138 247 128 264 265 98 231 131 55 264 167 47 236 216 92 239 202 161 88 156 110 177 202 187 253 217 235 258
215 122 245 48 194 147 61 152 158 250 193 87 17 218 219 123 213 179 108 71 231 118 98 219 92 228 228 60 195 110 54 223 129 19 201 184 51 210 165 122 47 118 88 137 169 151 213 182 221 218
28 168 23 188 96 186 208 196 202 16 41 175 250 25 80 165 23 84 140 180 102 116 162 115 194 36 21 202 183 179 240 61 105 225 54 94 188 104 74 166 188 176 187 118 98 180 106 69 211 37
114 74 131 150 197 65 208 71 74 151 127 106 202 117 198 210 122 173 167 184 57 129 187 38 215 108 121 201 267 88 167 185 116 177 89 50 173 41 96 209 168 217 109 169 56 240 216 81 70 161
185 155 212 79 128 188 23 196 204 211 155 123 99 187 155 43 179 120 55 27 229 90 33 223 8 202 196 24 111 150 131 165 105 93 180 181 48 211 143 43 56 36 132 78 167 67 142 166 259 168
166 36 190 112 220 8 178 8 16 206 166 66 148 169 230 202 171 195 161 161 129 131 174 110 195 166 176 172 271 39 105 222 125 126 140 102 143 109 127 202 135 206 58 175 96 235 241 125 77 202
153 104 183 36 127 137 47 145 154 186 128 73 85 156 151 70 150 111 41 24 185 54 40 177 57 168 166 40 144 99 97 155 67 66 143 137 18 165 105 69 21 70 84 69 121 102 147 126 208 151
10 147 21 177 113 163 205 172 178 36 42 158 240 9 101 171 18 96 140 177 76 110 163 88 195 10 6 199 198 159 225 83 97 214 30 69 182 77 60 171 181 181 170 122 75 189 125 48 184 58
127 185 145 147 29 217 125 227 235 134 96 168 194 127 56 61 117 40 72 106 198 90 79 201 98 145 133 122 63 188 209 71 97 178 137 161 126 187 112 62 132 72 181 47 151 61 39 133 273 86
103 94 117 166 194 87 221 92 95 137 121 124 221 106 193 217 112 171 175 196 37 136 196 17 225 95 109 214 269 108 187 178 122 195 80 47 187 25 96 216 182 224 128 173 58 245 213 76 82 154
157 189 178 135 66 222 98 231 240 169 125 165 172 158 93 32 148 72 64 85 222 96 60 223 68 175 165 96 46 189 195 109 107 160 163 181 108 209 133 33 116 40 178 54 169 24 74 155 284 122
56 191 26 224 137 204 249 212 218 30 82 205 286 53 117 208 59 127 182 221 98 155 204 115 236 47 43 242 224 204 272 98 143 261 75 110 227 108 107 209 227 219 216 161 119 222 144 94 213 78
190 129 219 47 154 159 21 166 174 222 164 94 60 193 180 79 186 141 69 29 220 90 55 212 49 205 203 17 151 120 90 186 104 52 180 172 20 200 142 78 25 74 101 98 157 107 172 163 233 185
128 85 143 164 214 69 224 73 74 163 143 119 214 131 215 227 137 190 184 201 63 146 204 44 232 121 135 217 284 98 176 201 134 189 104 67 189 51 113 227 183 234 120 187 74 257 233 97 55 177
234 130 264 66 218 151 83 154 160 270 213 97 7 237 242 146 233 202 131 95 244 139 121 231 114 246 247 83 217 116 46 246 149 29 218 199 74 223 183 145 70 141 95 160 184 173 236 199 224 240
204 164 232 83 147 195 18 203 211 230 175 130 89 206 175 62 199 140 74 40 245 107 52 238 24 220 215 24 124 157 127 185 122 88 198 197 53 226 161 61 61 52 138 98 182 80 161 183 269 188
114 32 139 103 173 45 162 55 63 155 115 60 156 117 181 170 119 148 127 139 90 91 145 74 171 116 125 155 233 46 124 171 81 130 89 52 127 68 76 169 121 176 64 135 44 201 193 73 97 151
116 98 128 174 208 87 231 91 93 149 135 131 227 119 207 229 125 185 186 207 45 148 207 27 236 107 121 224 282 112 191 192 134 201 93 60 197 38 109 228 191 236 133 186 71 258 226 90 71 167
158 34 182 114 215 1 179 10 18 198 160 67 153 161 225 201 163 190 159 161 120 128 173 102 195 158 168 173 268 40 110 216 120 130 133 94 144 100 121 200 136 205 61 172 88 233 236 117 73 196
158 76 175 159 234 49 222 48 45 195 168 111 201 160 239 236 165 210 193 202 98 157 210 79 235 152 165 216 298 86 158 227 146 177 132 92 187 84 134 235 180 241 108 200 95 267 255 122 31 204
140 42 169 43 159 75 105 83 91 179 126 14 99 143 175 127 140 136 87 86 144 65 98 131 119 149 152 98 198 38 77 172 66 73 120 98 69 122 90 127 62 130 28 106 83 160 180 101 147 159
201 150 229 68 153 181 6 188 196 229 173 115 74 203 179 70 196 143 73 34 237 102 54 229 34 216 213 12 137 142 110 188 116 72 193 189 39 217 155 69 46 63 123 100 173 93 168 177 255 189
58 129 84 126 62 156 140 166 174 83 27 124 186 60 69 102 51 38 73 113 123 52 96 126 127 76 69 134 138 136 183 62 45 163 62 86 122 112 39 102 123 113 137 53 79 122 82 57 202 49
145 5 171 78 186 36 143 45 53 185 139 31 124 148 198 165 148 162 123 125 126 95 136 110 158 149 156 136 234 9 88 192 90 99 121 88 107 105 100 164 100 168 30 139 77 198 207 103 109 174
177 233 192 183 72 265 144 275 284 178 147 212 219 177 91 80 167 91 111 133 250 138 108 254 113 195 182 143 19 234 244 110 147 209 189 214 157 240 165 81 165 85 225 94 204 55 65 185 324 131
91 79 109 147 176 79 200 87 91 128 105 107 203 94 177 196 99 153 154 175 42 115 175 26 205 86 99 193 249 93 172 163 101 177 66 29 167 22 76 196 162 203 112 153 38 225 195 59 92 139
69 120 96 113 66 149 128 159 167 96 39 113 173 71 77 93 63 42 61 100 127 39 84 128 116 86 80 121 135 126 170 73 33 150 69 87 108 114 38 93 110 103 126 44 77 116 87 60 199 62
130 38 153 119 195 30 181 39 44 170 135 73 168 133 202 193 136 171 150 160 91 115 167 73 192 129 140 174 256 51 130 192 104 143 104 65 146 71 97 192 139 198 73 158 61 224 216 90 74 171
193 100 223 26 180 127 63 133 139 229 172 65 37 196 203 116 192 162 93 63 208 98 88 196 90 205 206 59 190 89 49 206 108 14 178 161 39 186 143 115 32 113 67 122 146 146 199 159 202 199
200 111 230 34 181 138 55 144 151 235 178 76 31 203 205 113 198 165 94 60 218 103 86 206 84 213 213 53 186 100 55 209 114 17 186 170 38 196 150 112 33 109 78 123 155 142 200 167 213 203
97 202 104 187 33 229 179 239 247 87 75 194 241 96 5 120 87 46 117 156 176 116 131 185 156 113 98 175 110 209 248 20 115 222 117 152 173 172 109 120 177 130 208 88 148 120 28 121 271 45
203 247 219 189 100 280 141 290 298 206 172 222 217 203 120 84 194 116 122 136 274 154 114 277 110 221 209 142 13 247 247 139 165 210 213 235 160 263 187 85 168 85 235 111 225 52 94 208 342 159
114 80 129 156 199 71 213 76 78 149 128 113 209 116 200 214 122 175 171 190 53 133 191 34 220 107 120 206 270 94 173 186 120 183 89 51 179 38 98 214 173 221 115 173 59 244 218 82 70 162
177 224 194 170 75 256 128 266 275 182 146 201 204 178 98 66 168 91 100 119 248 130 95 251 97 196 184 128 13 224 230 116 140 194 188 210 143 237 161 67 151 70 214 86 199 39 72 182 318 135
73 111 83 172 171 113 220 120 124 104 96 137 231 75 166 205 82 149 166 193 12 128 188 18 220 62 77 213 251 126 203 150 113 205 52 36 188 12 79 205 185 214 143 159 52 231 188 56 116 125
159 215 175 168 56 247 133 257 266 163 129 194 207 159 77 68 150 73 95 120 231 120 94 235 103 177 165 132 31 216 229 96 128 195 170 195 143 221 146 69 150 75 208 76 185 49 52 166 305 115
104 202 113 182 24 230 171 240 248 97 80 192 235 103 9 110 94 42 110 149 183 113 123 191 147 120 106 167 99 208 243 29 113 216 122 156 167 177 111 111 171 121 206 81 151 110 17 125 275 53
103 71 121 144 184 68 199 75 79 140 115 102 198 106 186 199 110 160 156 175 53 118 177 35 205 98 110 193 255 85 165 173 105 172 77 38 165 33 84 199 160 206 105 158 44 228 204 68 82 149
38 169 42 180 78 190 195 200 207 31 34 172 241 36 62 150 29 67 128 168 116 107 149 128 179 51 36 189 165 179 235 43 98 218 62 101 178 116 72 150 179 161 185 103 102 162 87 73 220 19
157 76 174 158 234 49 222 48 46 194 168 111 201 159 238 235 164 209 192 202 97 156 209 78 234 151 164 215 298 86 158 226 146 177 131 91 186 83 133 235 179 240 108 199 94 267 254 121 32 203
142 71 159 153 220 50 215 52 52 179 153 107 199 144 224 225 149 196 182 194 83 145 200 64 226 136 149 208 286 83 159 211 134 175 116 77 180 68 119 224 173 231 105 188 80 256 240 106 45 188
119 143 144 101 61 175 89 185 194 140 87 122 151 120 86 42 111 48 27 65 177 48 41 176 70 136 129 85 93 144 163 93 59 133 120 133 83 162 87 42 88 52 136 7 121 66 79 110 236 96
140 75 169 28 135 108 74 117 125 176 119 46 91 142 156 94 138 115 56 53 161 46 65 152 86 152 152 67 166 71 87 156 54 66 125 113 40 140 89 93 36 96 58 79 98 127 156 107 179 147
172 50 195 127 231 17 192 7 2 212 175 80 161 175 241 216 178 207 175 176 129 144 188 110 209 172 182 186 285 53 116 232 137 139 147 107 157 111 137 216 149 220 72 188 103 249 252 132 64 211
192 102 222 25 177 130 58 136 143 228 171 67 38 195 200 112 190 160 90 58 208 96 84 197 86 204 205 55 185 92 53 203 106 17 177 161 35 187 142 111 28 109 70 118 146 142 196 159 204 197
205 113 235 38 187 139 59 144 151 240 183 78 26 208 210 118 203 170 100 65 221 109 92 209 89 217 218 57 191 101 52 214 119 13 190 174 43 200 155 117 38 114 80 129 159 147 205 172 214 209
181 43 208 72 210 55 137 57 63 221 172 37 99 184 226 174 183 187 136 126 164 117 144 147 159 186 193 132 246 29 55 222 116 77 158 126 104 142 134 173 95 175 23 157 115 207 231 140 126 207
103 98 115 170 196 91 225 97 99 136 122 129 225 106 194 220 112 173 178 200 34 139 199 15 229 94 108 218 271 112 191 179 125 199 80 49 191 25 98 219 186 227 132 176 61 248 214 78 83 154
101 97 130 74 92 129 95 139 148 133 76 81 134 103 110 79 97 70 36 67 142 2 58 137 90 116 113 88 140 100 133 110 17 111 93 95 71 124 55 78 71 86 95 42 81 109 113 77 190 101
96 80 126 72 106 112 105 122 130 132 75 68 134 99 121 97 94 82 54 78 127 16 74 121 105 109 109 98 158 84 127 118 11 110 83 79 77 109 46 96 76 103 82 60 65 127 127 66 172 105
190 53 217 72 215 64 135 65 70 230 180 43 92 193 232 175 192 193 139 126 174 122 145 157 158 196 202 130 249 39 46 229 122 72 167 136 103 152 142 174 95 176 29 162 124 208 237 149 134 214
93 96 106 164 185 92 217 99 102 127 112 125 221 95 183 210 102 162 169 192 29 130 190 10 220 84 98 210 261 110 189 168 116 195 70 39 184 15 87 210 179 218 129 166 52 238 203 67 92 144
170 50 193 128 231 17 194 9 5 210 174 82 164 173 240 217 176 206 175 177 126 144 189 107 210 169 180 188 285 55 119 230 136 142 144 105 159 108 136 216 151 221 74 188 101 250 252 130 61 210
62 105 76 160 157 111 206 119 124 96 82 127 220 64 153 191 71 135 151 179 26 113 174 29 205 54 67 199 236 119 195 138 98 194 39 24 175 17 64 190 172 199 135 144 39 216 174 41 123 113
90 56 114 116 158 69 169 78 85 130 94 79 174 93 163 168 95 133 125 145 68 87 145 56 174 90 100 162 225 70 146 152 74 148 64 27 136 47 58 167 131 175 86 127 20 197 178 49 107 130
131 215 142 185 31 245 163 256 264 126 104 201 232 130 38 99 121 55 110 145 208 122 118 215 136 148 134 160 72 220 247 58 126 216 147 178 165 202 131 99 171 108 215 83 171 90 13 148 295 81
69 194 70 195 62 218 199 228 235 51 58 193 253 67 38 145 60 62 132 173 148 121 151 160 179 82 67 194 146 203 253 19 115 231 93 132 187 148 97 146 189 156 207 105 131 151 64 103 252 22
174 175 198 109 98 208 61 217 226 193 142 146 137 175 126 13 166 97 54 55 229 92 36 227 31 191 184 61 73 172 165 139 106 128 174 184 79 213 140 13 87 4 158 62 170 30 110 163 276 147
51 182 24 218 141 193 246 202 207 36 80 197 281 49 123 209 56 129 180 218 85 151 203 103 235 39 39 240 228 195 264 104 138 255 67 100 223 97 101 209 222 219 207 160 109 224 149 86 201 82
53 138 77 137 58 164 150 175 183 74 21 135 197 54 60 109 45 36 82 123 123 63 104 128 136 71 62 144 139 146 194 52 56 174 62 90 132 114 45 109 134 119 148 60 84 126 76 60 208 38
134 182 154 138 42 214 112 224 232 145 103 162 182 135 69 48 125 48 64 94 203 87 68 205 85 153 142 110 59 183 200 84 95 168 142 164 116 191 115 49 122 58 176 43 153 49 52 136 273 97
74 179 84 170 36 205 170 215 223 71 50 173 227 73 22 116 64 33 105 145 152 97 122 160 150 90 76 166 123 186 230 13 94 206 92 127 160 147 84 117 163 128 187 76 123 124 45 96 246 24
31 110 59 141 111 128 175 138 145 72 37 120 203 34 109 150 35 89 113 147 70 79 137 74 169 39 43 168 191 122 187 95 64 178 12 40 148 61 25 150 147 159 131 101 40 173 129 11 160 72
197 64 226 67 217 77 128 78 83 237 186 48 80 200 235 172 199 195 138 121 185 124 142 169 152 204 210 123 246 50 33 233 126 61 176 146 97 164 149 171 89 171 35 162 134 204 238 157 147 219
105 98 134 71 93 130 90 140 149 137 80 80 131 107 112 76 101 72 33 63 145 6 55 141 86 120 117 84 138 100 131 112 21 108 97 98 67 128 59 75 68 83 94 41 84 106 114 81 193 104
90 77 108 144 174 79 197 86 91 127 103 105 201 93 175 193 98 150 151 172 44 112 172 29 201 85 97 190 246 92 170 161 98 175 64 26 164 23 74 192 159 200 110 150 35 221 193 57 94 137
63 110 92 110 78 137 132 148 156 95 37 105 171 65 87 103 59 54 67 104 115 38 90 116 123 79 75 125 148 117 166 81 28 148 59 74 109 102 26 102 110 112 119 55 64 127 99 48 187 67
77 217 50 242 133 232 259 241 247 38 95 227 303 74 109 212 76 129 192 232 129 170 213 146 243 73 65 254 217 229 293 91 159 279 100 138 241 139 127 213 242 224 239 167 145 222 135 118 245 78
181 158 207 85 120 191 32 200 208 205 151 127 108 182 147 34 175 113 51 31 227 88 28 222 4 198 192 32 102 154 138 158 103 101 177 180 54 210 140 34 62 26 137 72 166 58 134 163 262 162
186 45 212 96 226 39 161 38 41 227 181 56 122 189 240 196 189 202 157 149 158 133 166 140 182 189 197 156 268 36 75 234 130 102 161 126 128 137 142 195 120 197 44 176 117 229 247 144 105 217
130 49 160 44 147 82 101 91 100 169 115 26 104 133 163 118 130 124 77 80 139 53 90 128 113 140 143 94 188 47 87 160 54 78 112 92 66 118 80 118 60 122 40 95 77 151 168 93 152 147
130 52 159 43 144 85 99 94 103 168 114 28 104 133 161 115 130 122 74 77 141 51 87 130 110 140 143 92 185 50 87 159 52 77 112 93 64 120 79 115 58 119 42 92 78 148 166 93 155 146
174 79 192 160 247 47 225 42 37 211 183 113 198 177 253 243 181 223 200 207 115 166 216 96 240 169 182 219 308 86 153 241 157 176 148 108 190 101 148 243 182 248 107 210 109 275 267 137 27 219
191 214 211 152 96 248 101 257 266 202 159 188 178 191 122 48 182 105 90 98 255 125 77 255 71 209 199 102 34 213 208 139 138 171 196 213 122 241 166 49 130 47 200 86 201 15 99 188 313 154
196 120 226 38 169 149 38 155 163 230 172 85 43 199 194 97 193 154 82 45 220 97 72 210 67 210 209 35 169 110 72 199 109 34 184 172 26 199 147 96 25 92 90 111 157 125 187 166 224 195
159 89 189 15 145 120 58 128 136 194 137 55 72 161 167 91 157 127 60 42 181 62 61 171 75 172 171 51 165 82 77 170 72 50 145 133 22 160 109 90 16 91 64 87 118 123 165 127 193 163
109 51 131 124 180 52 182 60 66 148 116 81 178 112 185 186 115 156 143 159 71 106 162 55 190 108 118 175 246 65 144 174 94 152 83 43 147 50 80 186 142 192 85 147 41 217 200 70 85 151
49 106 78 120 91 131 147 141 149 85 31 107 182 51 95 121 47 67 85 120 97 51 108 99 140 63 61 141 165 115 171 85 38 157 41 58 123 85 10 121 122 130 120 73 50 145 110 30 174 66
130 185 148 145 33 217 121 227 235 138 99 167 191 130 60 57 121 43 70 103 200 90 76 203 94 148 137 118 60 188 207 76 97 175 140 163 124 189 114 58 130 67 180 46 153 56 43 135 274 90
56 174 35 217 154 182 249 190 195 52 87 192 279 54 138 216 63 140 185 221 69 153 208 88 240 39 46 243 241 187 260 119 140 253 64 91 224 83 101 216 223 227 201 167 102 234 164 83 185 96
164 149 191 81 106 182 42 191 199 188 134 119 114 166 133 26 158 97 35 28 212 73 12 208 21 181 175 39 99 145 139 142 87 103 161 165 52 194 124 25 60 24 130 56 151 57 121 147 251 146
118 93 147 57 105 126 80 135 144 151 93 71 116 120 125 75 115 85 33 52 153 18 50 147 79 132 130 73 143 93 117 126 31 94 108 105 54 134 70 75 54 81 84 50 90 108 126 91 191 118
34 175 20 196 103 192 216 201 208 8 50 183 258 31 85 173 31 92 149 189 103 125 171 117 202 38 24 210 190 186 248 65 114 234 59 99 196 107 82 174 197 184 195 126 104 187 111 75 214 43
133 42 162 47 153 75 107 84 93 172 119 20 105 136 169 125 133 130 84 86 138 60 97 126 119 142 145 100 195 40 84 166 59 79 113 91 71 116 82 125 65 129 34 102 77 158 174 94 146 152
77 186 85 178 39 212 178 223 230 70 56 181 235 76 18 122 67 40 112 153 156 105 129 165 156 93 79 173 124 194 238 5 102 214 97 133 168 152 92 123 171 133 195 84 129 128 44 102 253 25
120 22 146 93 172 42 153 53 61 161 118 49 146 123 182 164 124 148 121 131 100 87 138 85 164 123 131 146 229 36 114 174 79 120 96 61 118 78 79 164 112 169 54 131 51 196 193 78 102 154
24 160 32 177 88 179 196 189 196 28 30 165 238 22 74 154 16 74 129 168 103 105 151 114 182 38 23 190 175 170 230 56 94 214 49 89 176 102 64 154 177 165 178 107 91 169 99 62 207 31
35 110 64 133 100 131 164 141 148 74 29 116 196 38 100 138 35 78 102 136 82 68 125 86 157 47 47 157 178 121 182 88 54 171 24 48 139 72 16 137 138 147 128 89 45 161 119 18 168 65
123 155 147 112 53 187 94 197 206 141 91 134 160 124 80 39 115 45 37 72 185 60 47 185 72 141 132 90 82 156 174 89 70 143 126 143 92 171 95 40 98 50 148 16 131 58 70 118 247 95
74 91 103 95 95 120 124 130 138 109 53 86 157 76 106 105 71 71 65 97 112 28 88 109 120 87 86 118 158 98 148 100 14 132 63 67 98 96 25 105 98 114 100 61 54 133 116 47 172 85
19 152 34 170 88 172 191 182 189 34 24 158 232 18 76 151 10 72 124 163 99 99 146 109 178 35 22 185 174 163 223 59 88 208 43 83 170 97 57 151 171 162 170 103 84 167 100 55 201 33
230 117 260 65 222 136 96 138 143 268 211 87 24 233 245 156 229 205 136 103 234 139 129 220 126 240 243 95 228 103 27 248 147 29 212 190 81 212 179 155 74 152 82 164 176 185 242 193 207 240
77 114 85 177 176 115 225 122 126 106 100 140 235 78 170 211 86 154 171 198 7 133 193 16 225 65 80 218 255 129 207 154 118 209 57 41 193 15 84 210 189 219 147 164 56 236 192 61 114 129
168 102 197 23 145 133 45 141 149 201 144 68 67 170 169 84 165 129 59 32 193 69 55 184 64 181 180 38 158 95 81 173 80 48 155 145 9 173 118 83 4 82 76 87 130 116 165 137 207 168
30 111 58 142 111 129 176 139 146 71 37 121 205 33 109 151 34 89 114 148 70 80 138 74 170 38 42 169 191 123 189 95 65 179 11 40 149 61 27 151 148 160 133 102 41 174 129 12 160 71
64 78 91 114 125 98 156 108 116 104 62 88 175 67 130 143 67 101 102 129 76 64 124 72 156 70 76 149 195 89 156 119 49 149 41 29 126 58 25 143 123 151 99 99 16 171 145 22 140 98
70 210 50 226 108 228 239 238 244 30 79 216 287 67 83 189 66 105 171 212 136 153 192 151 221 72 60 233 191 221 280 65 144 264 95 135 223 142 115 190 224 200 229 146 140 197 109 111 249 55
152 87 167 169 234 63 232 63 61 187 165 122 214 155 237 241 160 210 198 210 87 161 216 68 243 145 158 225 302 98 172 224 150 190 127 89 196 76 133 241 189 247 120 203 93 272 254 119 32 200
220 112 250 53 209 134 84 137 143 257 200 80 18 223 233 143 219 192 123 90 228 127 116 214 114 231 233 82 216 99 32 235 136 16 203 182 67 206 169 142 61 139 77 151 168 172 229 184 207 228
81 76 111 87 110 104 124 115 123 119 66 73 149 84 121 113 81 86 71 97 108 33 93 103 124 93 94 117 171 83 137 115 19 124 66 60 95 90 30 113 93 121 86 72 46 143 131 48 159 99
136 45 166 42 154 78 102 87 96 175 122 19 100 139 170 123 137 131 82 82 143 60 94 131 116 146 149 96 193 42 80 167 61 74 117 96 67 121 86 122 60 126 33 101 81 156 175 98 150 154
8 136 32 166 111 152 196 161 168 47 37 147 229 10 103 164 18 93 132 168 72 100 155 82 187 15 17 189 196 148 214 86 87 203 19 59 171 70 49 164 171 174 158 115 64 184 126 37 176 60
54 106 70 158 149 115 202 123 128 89 74 127 219 57 145 185 63 127 145 175 33 108 168 37 200 47 60 195 229 120 194 130 93 192 31 23 172 24 57 184 169 193 135 137 37 210 166 34 130 105
117 25 144 85 164 51 144 61 69 157 112 44 140 120 174 154 120 139 111 122 104 78 128 90 154 121 128 137 219 36 110 167 69 114 93 62 109 82 73 154 103 160 50 122 50 186 185 75 112 148
25 116 54 145 108 134 177 144 151 66 33 126 208 28 105 150 29 87 115 150 72 81 138 78 171 34 37 171 189 128 192 90 67 182 11 45 152 64 29 150 150 160 137 102 46 173 125 17 165 66
67 192 67 194 64 215 199 226 233 49 56 192 253 65 40 146 58 62 132 173 145 120 151 157 179 80 65 194 148 201 252 21 114 231 91 129 186 145 95 146 189 157 205 105 129 153 66 100 249 20
192 99 222 24 179 126 62 132 139 228 171 64 38 195 202 115 190 161 92 62 207 97 87 195 90 204 205 59 189 88 49 204 106 15 176 160 38 185 141 114 31 112 66 120 145 146 198 158 201 197
159 18 186 85 202 28 151 34 42 200 155 39 124 163 214 178 163 178 137 135 136 110 149 119 169 163 171 145 248 13 83 208 106 100 135 100 116 115 116 177 108 180 32 154 91 211 223 118 103 190
152 176 175 121 69 209 86 219 227 167 120 152 159 153 97 21 144 70 51 72 214 85 46 214 58 170 161 84 60 176 182 110 97 147 156 171 95 200 124 22 103 30 165 44 159 28 80 147 273 121
154 130 182 65 108 163 42 172 180 181 125 101 105 156 134 41 149 96 25 17 197 58 11 192 35 170 166 37 115 127 124 141 73 90 148 150 38 179 111 40 45 41 112 52 135 73 126 134 233 141
45 186 23 210 112 202 229 212 218 6 63 195 272 42 92 186 44 103 162 202 108 138 184 123 215 45 34 223 199 198 261 72 127 247 70 109 210 114 95 186 210 197 207 139 114 198 118 87 221 53
93 90 123 77 97 121 104 131 140 127 70 77 139 96 112 90 90 73 48 77 130 9 70 126 101 107 106 98 149 94 134 110 6 115 83 83 78 113 45 90 78 97 91 51 69 120 118 67 180 98
126 128 153 80 82 161 72 170 179 152 97 104 130 128 106 42 120 67 5 46 176 38 26 173 58 143 138 67 108 127 142 112 52 112 123 130 62 160 87 42 67 50 118 24 117 73 101 110 225 112
115 59 134 135 190 53 194 60 64 153 124 91 187 117 194 198 121 166 155 171 68 118 174 50 202 111 123 187 257 73 152 182 105 161 89 49 159 48 90 198 153 204 93 159 50 229 210 77 74 159
232 137 262 65 208 161 68 165 171 267 209 103 12 235 233 133 230 193 121 83 248 134 109 236 99 244 245 69 202 125 61 238 145 33 217 201 65 226 182 132 62 126 103 150 186 158 225 199 235 233
49 188 37 203 94 207 218 217 223 16 56 193 265 46 73 171 44 87 151 191 121 130 172 135 202 55 41 212 180 199 257 53 121 241 75 115 201 125 92 171 202 182 206 126 118 182 99 90 231 37
245 138 275 78 229 158 92 161 166 282 225 107 17 248 253 156 244 213 142 105 255 151 132 241 123 257 258 92 226 125 50 257 160 40 229 209 85 233 195 155 81 150 104 171 195 182 247 210 230 251
229 116 259 64 221 136 95 138 143 267 211 86 23 232 244 155 229 204 135 102 234 138 128 220 125 240 242 94 227 103 28 247 146 28 212 189 80 212 178 154 73 151 82 163 175 184 241 193 207 239
31 127 44 169 134 139 206 148 153 64 58 144 231 33 126 180 41 114 145 178 48 110 168 60 200 21 35 199 217 140 211 109 95 205 19 45 179 49 57 180 177 190 153 132 55 202 149 36 155 84
130 84 159 42 120 117 74 127 135 164 107 58 102 132 141 83 127 100 42 49 158 32 55 150 80 143 142 67 153 82 102 142 43 79 117 109 43 138 80 82 42 86 71 64 94 116 141 100 186 133
76 68 104 99 124 93 142 103 111 116 68 75 161 79 132 134 78 100 91 116 89 53 113 83 143 84 88 135 189 78 142 123 39 135 55 41 112 70 29 133 109 141 86 92 26 162 145 36 141 104
98 81 128 70 105 113 102 123 132 134 77 68 132 101 121 94 96 82 51 75 130 14 72 124 102 112 111 96 156 85 125 118 13 108 86 82 74 112 49 94 73 101 82 58 68 125 127 69 174 107
174 49 197 124 231 17 190 6 3 214 176 78 158 177 241 215 179 207 174 174 131 143 187 112 207 173 184 184 284 51 113 232 136 137 148 109 155 113 137 214 147 218 70 187 104 248 252 133 67 212
178 42 203 109 227 23 175 19 22 219 177 65 140 181 239 204 183 203 164 161 144 137 175 125 194 180 189 169 275 40 94 232 132 119 153 115 141 124 138 204 132 207 55 180 108 237 249 137 86 213
24 123 53 144 96 143 172 153 160 61 21 129 207 26 92 141 23 74 108 144 85 76 131 91 163 39 36 165 177 133 194 78 64 182 23 57 148 77 28 141 148 151 141 92 56 162 112 27 177 55
69 207 56 217 92 226 226 236 243 35 72 210 277 66 67 175 63 91 159 200 141 143 179 156 208 76 62 221 175 217 273 50 135 254 95 135 212 145 110 175 214 186 223 133 138 182 93 109 252 43
54 160 69 159 51 185 167 195 203 60 28 157 218 53 44 120 44 37 100 141 131 85 120 139 150 71 59 162 138 168 217 31 79 196 71 105 153 126 64 120 155 131 171 74 102 133 65 75 225 16
36 119 52 163 135 130 201 139 145 71 60 136 224 38 129 178 45 115 141 174 45 105 164 54 196 29 42 194 217 132 204 113 91 198 17 36 173 42 52 178 171 187 145 130 46 201 151 30 148 88
18 132 35 168 122 147 201 156 162 53 47 146 231 20 113 172 28 103 138 173 61 105 161 72 194 13 23 194 206 145 213 96 91 205 16 53 175 61 52 172 174 182 156 123 60 193 136 35 167 71
55 196 30 220 119 212 239 221 227 16 74 206 282 52 98 195 54 112 172 212 114 149 194 130 225 53 44 234 205 208 272 78 138 258 79 118 220 121 105 195 221 206 217 149 124 206 124 97 228 61
174 149 202 76 118 182 30 190 198 200 145 118 103 176 145 37 169 110 45 22 219 80 22 214 13 191 186 27 108 144 131 155 95 94 170 172 45 201 133 36 54 31 128 68 157 64 134 155 253 158
122 76 152 46 121 110 84 119 128 158 101 53 108 125 140 91 120 100 49 59 148 29 63 140 90 135 135 77 159 76 103 139 36 84 109 100 53 128 72 90 50 95 67 67 84 123 142 91 177 129
85 104 113 91 81 135 110 145 153 116 58 93 151 87 96 86 80 57 47 82 131 17 70 129 103 100 97 104 139 109 149 94 15 128 79 87 88 116 42 85 89 94 107 41 74 113 102 65 191 84
187 228 205 171 86 261 125 270 279 193 156 203 201 187 109 65 178 100 103 118 257 135 95 259 94 205 194 125 9 227 229 127 146 193 196 217 142 245 169 66 150 68 216 92 206 35 84 191 323 145
193 101 222 25 178 129 60 134 141 228 171 66 37 195 201 114 191 161 91 61 208 97 86 196 88 205 205 57 187 90 51 204 107 15 178 161 37 187 142 113 30 111 69 120 146 144 197 159 203 198
200 157 228 76 146 188 11 196 204 227 171 123 84 202 174 62 194 138 71 34 239 102 49 232 25 216 211 17 127 149 120 183 117 82 193 191 46 220 156 61 53 54 131 96 176 83 161 178 261 186
113 42 136 116 179 46 175 55 61 153 117 73 169 116 186 181 119 155 138 152 80 102 157 64 184 113 123 168 243 56 135 175 91 143 87 49 140 59 81 181 134 187 76 144 44 212 200 73 87 154
110 61 139 59 127 93 105 103 112 148 93 47 122 113 142 109 109 103 66 80 128 35 83 119 111 121 122 98 175 64 108 138 32 96 93 79 73 107 59 108 69 114 61 78 64 141 148 74 158 125
171 53 200 39 185 79 104 84 91 210 157 22 76 174 203 142 172 164 106 93 170 93 112 155 125 180 184 99 215 41 46 202 95 51 151 126 71 148 121 141 62 142 19 130 112 174 206 132 153 189
110 201 121 177 17 230 163 240 248 106 84 189 228 110 19 101 100 40 104 142 188 110 116 195 138 127 114 160 89 206 239 38 112 211 127 159 160 182 113 102 165 112 203 75 153 99 8 129 277 61
117 50 138 127 188 46 186 54 59 156 124 83 179 120 194 193 123 164 150 164 75 113 168 57 195 115 126 180 253 64 143 182 101 153 91 51 151 55 89 192 145 199 85 155 50 224 209 78 77 160
105 62 134 64 125 93 109 104 112 143 89 51 127 108 139 110 104 101 67 84 123 34 85 115 114 116 118 102 175 66 113 135 29 101 88 75 77 103 54 110 73 116 64 78 60 142 146 69 156 121
151 57 181 26 159 89 89 96 104 189 134 23 83 154 178 119 151 138 81 73 160 67 89 148 106 161 164 83 191 50 67 177 71 57 133 113 54 138 100 118 47 120 34 104 98 151 180 114 162 165
178 199 199 138 87 232 91 242 250 191 145 173 167 178 114 33 169 93 74 84 241 110 63 240 60 196 186 91 43 197 195 130 122 159 182 198 109 227 151 34 117 34 185 71 186 2 93 174 298 143
188 107 218 25 168 136 48 142 149 223 165 71 44 191 192 102 186 152 81 48 208 91 74 197 75 201 201 44 175 97 64 196 101 27 174 161 25 187 138 101 20 98 76 110 145 131 187 156 210 190
214 145 243 62 175 174 30 180 187 245 188 109 49 216 202 96 210 164 92 51 242 114 76 233 60 229 226 32 163 135 90 209 127 52 203 194 43 222 166 95 46 88 114 120 179 119 192 186 248 208
97 52 125 79 133 81 128 92 100 136 86 54 140 100 145 128 98 109 85 103 105 49 104 96 133 105 109 121 190 60 121 138 39 114 76 57 95 85 48 128 91 135 66 92 42 159 155 57 139 121
146 136 173 76 95 169 54 178 187 172 116 108 118 148 121 31 140 83 17 30 194 55 6 190 39 163 157 49 104 134 137 129 70 103 143 147 51 177 106 31 58 35 121 40 133 64 112 129 237 130
50 189 22 217 125 203 240 212 218 18 73 200 279 47 105 198 51 115 173 212 102 147 195 119 226 45 37 233 212 201 267 86 135 255 72 109 219 111 101 198 219 209 212 150 116 211 131 90 217 66
61 151 81 144 46 177 152 188 196 75 30 145 203 61 47 105 52 26 85 125 135 71 105 140 135 79 68 146 129 158 203 40 66 181 73 103 137 127 58 106 140 116 159 59 98 120 63 73 222 32
123 37 151 60 151 70 117 79 88 162 111 28 118 126 165 131 124 127 89 95 125 59 103 113 128 131 135 110 198 39 95 160 55 91 102 79 82 103 73 130 76 135 40 103 64 163 172 83 137 145
164 95 193 18 146 127 51 135 143 198 141 61 69 166 169 88 161 128 60 37 188 66 58 178 69 177 176 45 162 88 78 172 77 48 151 139 16 167 114 87 9 87 70 88 124 120 165 133 200 166
180 226 197 172 77 258 129 268 277 184 149 203 205 180 99 67 170 93 102 121 250 132 96 253 98 198 186 129 10 226 231 118 142 195 190 212 144 239 163 68 152 71 216 88 201 40 74 185 320 137
64 159 81 152 41 185 157 196 204 73 35 153 210 64 40 108 54 25 90 131 139 78 109 146 139 82 70 152 126 166 211 32 74 188 78 110 143 132 66 108 146 119 167 63 105 121 57 79 229 27
86 61 110 121 158 72 173 82 88 126 92 84 179 89 162 170 92 133 127 148 64 89 148 52 178 86 96 166 226 75 151 150 76 153 60 22 140 42 57 170 135 177 91 128 18 199 177 46 107 128
78 205 74 206 69 228 209 238 246 54 69 204 264 76 42 154 69 71 143 184 156 132 161 168 188 89 74 204 150 214 264 27 126 243 102 142 197 156 108 154 200 165 218 115 142 158 67 113 261 33
118 53 139 131 191 47 190 55 59 157 126 87 182 121 196 197 125 167 153 168 73 117 172 55 199 116 127 184 257 67 147 184 105 157 92 52 156 54 91 196 149 203 88 159 52 228 211 80 73 162
200 119 229 38 174 148 43 153 160 234 176 84 37 202 199 103 197 159 88 51 221 101 77 211 73 213 212 41 175 109 67 204 113 29 187 174 31 200 150 102 29 98 88 117 158 131 193 169 222 200
64 86 93 105 106 111 140 122 130 102 51 88 167 67 113 123 64 82 83 113 95 45 105 92 137 75 76 133 174 95 153 105 30 142 48 49 112 78 13 123 110 131 101 78 37 150 127 31 159 86
206 89 236 48 208 109 98 112 118 245 190 60 44 209 229 150 206 188 123 97 207 120 121 193 125 216 219 94 224 75 14 230 126 27 187 163 73 185 156 149 65 148 54 150 150 181 228 168 182 220
29 112 57 143 111 130 176 140 147 70 36 122 205 32 108 151 33 89 115 148 70 80 138 75 170 37 41 170 191 124 189 94 66 180 11 41 150 62 27 150 149 160 134 102 42 174 128 13 161 70
82 202 83 197 55 226 197 237 244 65 67 199 254 80 28 140 73 60 132 172 161 124 149 172 175 96 81 192 135 210 256 14 120 233 105 143 187 160 106 141 190 151 212 103 141 144 53 113 263 32
163 34 187 111 217 6 176 9 18 203 163 64 148 166 227 200 168 193 159 160 126 129 172 108 193 163 173 170 269 37 105 219 122 125 137 99 141 107 124 200 133 204 57 173 93 233 238 122 77 199
132 167 154 121 52 199 97 209 218 147 100 146 166 133 79 36 124 50 47 78 196 73 51 197 72 150 141 94 69 168 183 92 83 151 137 155 99 183 107 36 105 47 159 29 143 47 66 129 260 101
177 230 193 178 74 262 138 272 281 180 147 208 213 177 94 74 168 91 107 128 250 135 103 253 107 195 183 137 14 230 238 113 145 203 189 212 151 239 164 75 159 79 221 91 202 49 68 184 322 133
179 158 206 85 118 191 33 199 208 204 149 127 109 181 146 33 173 112 50 31 227 87 27 222 5 196 191 33 101 153 139 156 102 101 176 179 54 209 139 32 62 25 137 71 165 57 132 162 262 161
25 164 5 192 115 179 218 188 194 22 52 175 255 22 100 180 28 101 152 190 85 124 174 100 206 21 12 212 202 176 241 81 111 230 47 85 196 90 76 180 195 191 186 131 91 196 125 65 197 57
189 71 218 40 196 93 99 97 104 227 173 41 59 192 216 145 189 175 114 93 188 105 115 174 124 198 201 95 219 58 28 215 110 36 169 145 69 166 138 144 61 144 36 139 131 177 216 150 167 204
162 40 185 120 220 7 185 7 13 202 164 73 158 165 230 207 167 196 165 168 121 134 179 102 201 161 172 179 275 46 115 221 126 135 136 97 150 102 126 206 142 211 67 178 92 240 241 121 68 200
46 119 58 168 146 128 209 136 141 78 70 138 229 48 140 188 56 125 150 181 34 114 173 44 205 36 50 202 228 132 206 123 99 203 28 36 180 34 61 187 177 197 147 139 48 211 162 38 140 98
195 162 223 84 137 195 22 202 211 221 166 129 97 197 164 51 190 130 66 35 239 100 43 233 14 212 207 25 114 156 132 175 115 94 191 191 53 220 153 50 61 42 138 88 176 70 150 176 267 178
117 137 143 95 65 169 86 179 187 140 86 116 146 119 90 44 111 51 22 61 173 42 39 172 69 135 128 81 99 138 157 97 54 128 117 129 78 158 83 44 83 54 130 8 117 70 85 106 231 98
117 200 129 171 15 229 155 240 248 115 89 186 221 116 29 92 107 39 98 134 193 107 108 200 129 134 121 151 79 204 233 48 110 204 132 162 153 186 115 92 159 102 200 70 155 89 9 132 279 69
64 83 87 134 144 95 180 105 111 104 74 102 195 67 145 169 71 121 128 154 51 89 150 46 181 63 73 173 219 97 170 132 75 168 38 4 149 33 45 168 146 177 111 123 13 196 163 27 123 109
40 172 14 207 134 184 235 192 198 32 70 186 269 38 117 199 46 120 170 207 80 140 192 96 224 28 28 229 220 185 253 98 127 244 56 90 212 89 90 199 211 209 196 150 99 215 143 75 195 75
26 129 40 169 129 142 204 151 157 59 54 144 231 28 121 177 36 109 142 176 53 108 165 64 198 17 30 197 212 142 212 104 94 205 17 48 177 53 55 177 176 187 155 128 56 199 144 35 160 79
140 152 165 99 74 185 74 195 203 160 108 128 142 141 101 21 133 66 27 54 196 62 27 194 51 157 150 70 83 152 160 111 75 127 140 152 75 181 106 21 82 31 141 28 139 49 89 129 250 116
68 139 67 195 172 141 238 148 152 89 97 162 255 69 163 217 78 152 180 211 22 143 203 41 235 52 66 231 255 153 229 145 128 229 56 59 209 40 91 217 206 227 170 169 74 240 186 68 138 119
12 153 18 180 108 169 205 179 185 29 40 163 242 9 95 169 16 92 140 178 83 111 162 96 194 17 2 199 194 165 229 76 99 217 36 76 183 85 63 169 183 179 174 120 81 186 119 53 191 51
151 44 181 39 168 75 103 82 90 191 137 9 90 155 186 132 152 146 94 87 153 75 102 140 121 160 164 97 204 36 65 183 76 64 132 108 68 131 101 131 60 134 20 115 94 165 189 113 148 170
122 86 136 164 209 73 222 77 79 157 137 120 215 124 209 224 130 185 181 199 56 143 201 37 230 114 128 215 280 100 178 195 130 190 97 61 188 45 108 224 182 231 121 183 69 254 227 91 62 171
66 168 79 162 40 194 166 205 213 68 40 164 220 65 32 115 56 30 99 140 143 89 118 151 147 83 70 161 127 176 221 22 85 199 83 117 153 138 74 115 156 126 177 72 112 125 53 86 236 20
151 168 175 112 74 201 78 211 220 169 119 143 150 152 102 13 143 72 43 63 211 78 37 210 50 169 161 76 68 168 173 114 91 138 154 167 86 196 121 14 94 24 156 41 154 33 86 144 266 122
135 80 165 34 128 113 73 122 130 170 113 52 95 138 149 88 133 108 49 50 160 40 59 151 82 148 148 66 160 77 94 149 49 72 122 111 40 140 85 88 37 91 64 72 96 121 149 104 183 141
169 180 193 118 88 214 74 223 231 186 137 153 149 170 116 13 161 89 56 65 228 94 43 226 43 187 178 73 62 178 176 130 107 140 171 184 89 213 138 14 97 15 165 59 171 20 98 161 280 139
127 23 152 102 184 32 163 42 50 168 127 56 152 130 193 176 132 159 133 142 99 99 150 83 175 129 138 157 241 37 116 184 90 126 102 65 128 78 89 176 121 181 58 143 57 208 205 86 91 164
234 139 264 67 210 162 70 166 172 269 211 105 12 237 235 135 232 195 123 85 250 136 112 237 101 246 247 71 204 126 61 240 147 34 219 203 67 228 184 134 65 129 104 153 188 160 228 201 236 236
184 140 212 61 138 172 11 179 187 212 156 106 81 186 164 59 179 127 56 17 221 85 38 214 28 199 196 6 130 133 111 172 100 73 176 173 29 202 138 58 38 53 115 83 158 86 154 160 244 173
93 78 111 147 178 78 200 85 89 130 107 107 203 96 179 197 101 154 154 176 44 116 175 27 205 88 101 194 250 92 171 165 102 177 68 30 167 23 78 196 162 204 111 154 39 225 197 61 90 141
132 39 161 50 154 72 110 81 90 171 119 20 107 135 170 128 133 131 87 89 135 61 100 123 122 140 144 103 197 38 85 166 60 81 112 89 74 114 82 127 68 132 33 104 75 161 176 93 143 152
183 157 210 82 123 190 28 198 206 208 153 125 104 184 151 38 177 116 53 29 228 89 30 223 4 199 194 28 106 152 135 161 104 97 178 181 51 210 142 38 59 31 135 75 166 62 138 164 261 165
100 181 115 157 5 210 147 221 229 103 71 169 210 100 27 88 90 20 86 125 175 90 99 181 124 118 105 143 91 186 219 40 92 192 114 143 142 167 96 89 147 99 183 57 136 92 25 113 260 55
51 112 80 120 82 137 144 148 156 84 28 111 182 53 87 114 47 58 80 116 105 49 103 107 135 67 63 137 156 120 174 78 37 157 47 67 121 93 19 114 121 124 124 66 59 138 102 38 183 61
134 152 159 102 67 185 80 195 204 154 103 129 147 136 94 26 127 60 29 59 192 60 33 191 57 152 144 76 83 152 164 104 73 132 136 149 80 177 102 26 86 37 142 23 136 51 84 125 249 110
216 108 245 49 206 130 83 134 139 253 196 76 22 219 229 141 215 189 120 88 223 123 114 210 113 227 228 81 214 95 30 232 132 13 199 178 65 201 165 140 59 137 73 148 163 170 226 180 203 224
119 33 147 68 153 65 125 75 83 159 109 33 125 122 166 137 120 129 94 103 118 63 110 105 135 126 131 118 203 38 100 160 57 99 97 72 90 96 71 136 84 141 43 107 58 169 174 78 131 144
168 65 198 21 173 94 87 100 107 206 151 30 68 171 192 125 168 152 91 75 175 82 95 162 108 178 181 81 199 55 51 192 87 41 150 129 53 153 117 124 45 125 34 116 114 157 193 131 168 181
72 112 101 104 74 140 123 151 159 102 45 104 165 74 86 93 68 50 57 95 125 31 81 125 113 89 84 116 140 118 162 82 24 142 69 83 102 111 35 93 103 102 117 45 72 117 95 58 193 71
68 205 39 235 140 218 258 227 232 35 91 218 298 65 118 215 70 132 191 230 111 166 213 129 244 60 55 252 226 218 285 99 154 273 89 124 237 123 119 215 238 226 229 168 132 227 145 107 227 82
106 79 122 152 191 73 209 79 82 142 120 110 206 108 192 208 114 167 165 184 48 127 185 29 214 100 113 202 263 93 172 178 113 180 81 43 174 31 91 207 169 215 113 166 51 237 210 74 78 154
174 96 203 13 157 126 53 133 140 209 151 60 58 176 180 97 171 140 71 44 194 77 68 183 75 186 186 48 171 87 67 183 87 36 160 146 21 173 123 96 12 95 67 99 131 128 177 141 200 177
186 62 214 47 199 82 110 86 92 225 172 35 70 189 218 152 186 178 119 102 181 107 123 166 133 194 198 105 226 48 33 216 110 48 165 138 78 159 136 152 70 152 27 143 125 185 220 146 155 204
161 201 180 148 64 233 110 243 252 170 129 178 185 161 90 45 152 75 77 98 229 107 73 230 80 179 168 109 35 201 208 107 117 173 169 189 122 217 141 46 129 51 191 64 178 28 68 162 295 122
217 130 246 52 190 157 52 162 168 251 193 95 24 219 215 116 214 176 104 65 236 118 92 225 83 230 229 52 186 119 65 221 130 29 203 189 48 215 167 115 46 110 97 133 174 142 208 185 231 217
115 148 139 109 52 180 97 190 199 134 83 129 160 116 77 46 107 40 35 74 176 53 49 176 77 133 125 93 90 150 171 86 62 142 118 134 91 162 87 46 97 57 143 9 123 66 71 109 240 89
147 141 174 81 92 174 56 183 192 171 117 114 122 149 118 26 141 81 19 34 197 58 8 193 38 164 158 52 99 139 142 127 73 108 144 150 56 180 108 25 63 31 126 39 137 59 108 131 241 129
232 120 262 66 222 140 94 142 147 269 213 90 21 235 246 155 231 205 136 102 237 140 129 223 125 243 245 93 227 106 32 248 148 29 215 193 80 216 181 154 74 150 85 164 179 183 242 196 211 241
45 127 71 133 72 152 152 162 170 72 15 126 194 46 74 116 38 49 86 124 110 60 108 114 141 62 55 146 151 136 188 64 50 170 49 76 132 100 31 116 132 127 139 67 70 136 91 46 194 46
148 139 175 78 94 172 54 181 190 173 118 111 120 149 120 29 142 83 19 32 196 57 6 192 37 165 159 49 101 136 139 129 72 105 144 150 53 179 108 28 60 32 123 41 136 62 111 131 239 131
70 210 42 236 132 224 255 233 239 32 89 220 298 67 109 210 70 126 188 228 121 164 209 138 240 66 58 249 217 222 287 90 153 273 93 130 236 131 120 210 237 221 232 164 137 220 135 111 237 75
71 87 101 97 100 115 130 125 133 108 53 85 159 74 110 112 70 76 72 102 106 34 94 103 126 84 84 123 165 95 148 103 19 134 58 60 102 89 21 112 101 120 98 68 47 140 121 42 166 87
55 123 63 175 156 129 218 137 141 84 80 144 236 56 149 198 64 136 160 191 25 123 183 38 215 42 57 211 238 137 212 132 108 210 38 41 188 30 71 198 186 207 152 150 55 222 172 48 136 107
36 171 38 184 83 191 200 201 208 25 37 175 245 34 66 155 28 72 132 173 114 111 154 126 184 48 33 194 170 181 239 47 102 222 62 101 182 115 74 155 183 166 188 108 103 167 91 74 220 23
135 29 158 111 195 24 174 33 40 175 137 64 158 138 203 188 140 171 145 153 100 111 161 82 186 135 145 167 253 42 120 194 102 133 109 71 138 79 99 188 131 193 64 155 65 220 216 94 79 173
164 78 181 160 240 49 224 46 43 201 174 113 201 166 244 239 171 215 196 205 104 161 213 85 238 158 171 218 303 87 158 232 151 178 138 98 189 90 140 239 182 244 109 204 100 271 260 128 27 209
107 49 136 68 136 80 119 90 99 146 95 44 129 110 149 124 108 112 80 94 116 47 98 106 125 116 120 112 188 54 110 144 41 102 88 69 85 96 57 123 81 129 57 91 53 155 158 69 143 128
228 143 257 65 197 169 54 174 180 261 204 108 27 230 222 119 225 184 112 72 249 129 98 238 84 241 240 55 187 132 74 229 141 41 215 201 57 228 178 118 57 112 110 140 186 143 214 197 243 226
56 175 34 217 154 183 250 191 196 52 87 192 279 54 138 216 63 140 185 222 70 154 208 89 241 39 46 243 241 188 260 118 140 254 65 92 225 84 102 216 223 227 202 167 103 234 164 84 186 95
174 45 198 118 229 16 184 8 10 215 175 73 151 177 239 211 180 205 169 169 135 140 182 116 202 175 185 178 280 46 106 231 134 130 149 110 149 116 137 210 141 214 64 184 105 243 250 133 74 211
55 116 83 119 75 143 140 153 161 86 28 113 181 57 82 108 50 51 75 112 112 47 98 114 130 72 67 134 149 124 174 74 37 157 54 74 118 100 25 108 119 118 127 59 65 131 95 46 189 58
56 150 50 200 161 156 239 164 168 71 88 171 262 56 149 213 66 143 178 212 41 143 201 60 234 38 52 232 246 164 239 131 129 236 52 68 211 56 90 213 209 223 180 164 81 234 174 68 157 106
107 66 137 61 121 98 103 108 117 145 90 52 123 110 137 104 107 98 61 78 129 29 79 121 107 119 120 96 169 69 112 134 27 98 92 81 71 109 57 104 68 110 66 73 65 136 143 73 162 121
90 194 99 180 30 221 174 231 239 83 67 186 235 89 5 116 80 39 111 151 169 109 126 177 151 106 92 170 112 200 240 15 107 215 109 144 167 164 101 117 171 127 200 82 140 119 31 113 263 39
44 98 72 129 114 117 165 127 134 85 44 107 191 47 115 144 47 91 106 138 73 70 129 74 161 52 56 158 190 109 174 103 55 165 24 34 137 60 17 144 136 153 118 97 30 169 133 6 153 80
136 175 157 129 49 208 103 218 226 149 104 155 173 137 77 39 127 51 55 85 202 81 58 203 76 154 144 100 62 177 191 90 91 159 142 161 107 189 113 40 113 49 168 37 150 44 61 135 268 101
47 125 74 130 72 150 149 161 168 75 18 123 191 49 75 114 41 49 83 122 110 57 106 114 138 64 58 143 150 133 185 65 48 168 50 76 129 100 30 114 129 124 137 65 69 135 91 46 194 48
187 102 217 22 170 131 53 137 144 222 165 67 44 190 193 105 185 153 83 52 205 90 77 194 80 199 200 49 179 92 59 196 100 24 173 158 28 184 137 104 21 102 71 111 143 135 189 154 205 190
114 207 123 184 24 236 170 246 255 107 89 196 235 113 19 107 104 47 111 149 192 117 123 200 144 130 116 166 91 213 246 39 119 218 132 164 167 186 119 108 172 118 210 82 159 104 9 134 283 63
107 60 128 134 184 58 191 66 71 146 117 91 188 110 187 194 114 160 151 168 63 113 170 45 199 104 116 184 252 75 154 175 100 162 81 41 157 43 83 193 151 200 95 154 43 224 204 71 81 152
46 169 25 209 144 179 240 188 193 44 77 186 271 45 129 206 53 130 176 212 70 145 199 88 231 30 36 234 231 182 253 109 131 246 57 86 216 82 93 207 215 217 196 158 97 224 154 76 186 86
84 119 90 183 184 117 232 124 127 112 108 146 242 86 178 219 94 162 179 206 5 141 201 15 233 71 86 225 264 133 212 162 126 215 65 49 201 21 92 219 197 228 152 172 64 245 200 70 111 136
179 71 208 26 182 97 88 102 109 217 162 37 59 182 202 131 179 162 99 80 184 92 101 171 111 189 192 83 205 59 40 202 98 33 161 139 56 162 128 130 48 130 37 125 124 163 203 141 171 192
100 54 129 74 132 84 122 94 102 139 88 51 135 103 144 123 101 107 80 97 111 45 99 102 127 109 112 115 186 60 117 138 36 109 81 63 89 91 50 123 85 129 64 88 48 155 153 62 144 122
38 103 65 138 118 121 175 130 137 79 45 115 200 41 117 153 43 95 115 147 65 79 138 68 170 43 49 168 196 115 182 103 64 174 15 32 147 54 26 153 145 162 126 105 32 177 136 4 152 80
153 181 175 126 67 213 91 223 232 168 121 157 164 154 95 25 145 70 56 77 217 89 51 217 62 171 162 89 55 180 187 109 100 152 158 174 100 203 127 26 108 34 169 47 162 26 77 150 277 120
62 79 88 123 133 96 167 106 113 103 66 94 184 66 136 154 67 109 113 140 65 75 135 60 167 66 73 160 205 92 162 124 60 157 38 18 136 47 33 154 133 163 104 110 8 182 153 21 132 102
101 169 119 143 17 199 132 210 218 110 70 156 195 101 42 75 91 14 70 109 173 77 84 177 110 119 108 128 89 174 204 52 80 177 111 137 127 163 89 76 132 86 170 41 129 83 38 108 252 62
250 140 279 82 234 159 98 161 166 286 229 110 23 252 258 162 248 218 147 111 257 155 138 243 129 261 262 98 232 126 50 262 165 45 233 212 91 235 199 161 86 156 105 176 198 188 253 214 230 256
178 230 194 179 75 263 137 273 281 181 148 208 213 178 95 74 169 92 107 128 251 136 103 254 107 196 184 137 13 231 238 114 145 203 190 213 152 240 165 75 159 79 221 92 203 48 69 185 323 134
