150 30
81 242 63 298 206 121 169 273 208 57 408 151 255 200 328 224 205 210 103 239 278 469 217 326 202 384 286 370 379 133
18 28 24 14 44 40 27 32 11 37 12 35 45 25 47 14 42 45 24 30 48 12 40 39 32 27 38 21 18 11 18 43 15 44 13 35 48 47 49 29 35 41 22 33 13 19 33 13 39 19 36 36 45 30 33 48 39 22 28 48 33 33 11 14 42 29 28 17 33 19 18 41 42 24 20 34 31 25 14 50 50 50 35 38 16 17 24 42 37 24 16 25 12 20 13 44 26 16 28 34 14 39 28 49 46 12 44 46 18 18 39 38 47 16 36 16 21 18 42 49 42 28 19 30 27 11 22 46 15 17 33 21 36 40 32 21 41 40 27 44 48 22 13 27 46 27 37 22 19 28
133 338 124 480 382 169 293 433 229 112 446 208 490 301 443 255 377 272 104 239 400 488 253 378 227 470 343 489 451 173
52 63 123 86 142 72 48 116 54 104 39 153 141 145 119 125 173 60 128 7 42 62 89 141 133 105 108 98 67 67
56 26 107 119 126 28 100 109 72 135 77 109 92 120 44 125 123 98 59 85 53 21 12 103 140 125 80 131 59 26
106 109 42 113 37 100 134 54 106 112 123 19 34 22 142 63 32 118 82 163 116 137 114 19 76 95 49 113 91 106
77 47 127 140 146 49 119 129 93 156 96 124 107 139 27 146 135 118 66 98 73 29 24 119 161 147 99 152 80 48
32 40 106 81 125 50 49 100 39 99 30 132 119 126 101 111 151 55 105 30 21 45 68 120 121 96 88 94 47 44
17 38 57 58 77 36 53 53 19 72 35 86 76 78 105 67 107 42 80 73 27 66 65 74 79 62 41 69 4 37
78 48 117 140 135 46 123 121 94 155 100 109 92 127 23 139 119 120 49 109 77 41 17 106 154 144 90 151 78 47
121 120 61 132 57 110 152 74 123 132 140 20 36 42 143 83 15 136 81 178 130 146 119 32 96 115 64 133 105 116
73 55 77 121 93 45 119 85 85 132 98 60 43 82 66 103 70 109 13 125 78 73 43 58 119 117 51 130 64 51
42 41 49 82 68 32 83 52 49 93 64 61 48 63 92 69 80 71 53 99 50 70 54 50 85 79 22 90 28 37
69 52 74 117 90 42 115 81 81 128 94 59 42 79 68 99 71 105 17 122 75 72 42 56 115 113 47 126 60 48
57 62 30 80 48 53 91 36 59 87 76 45 37 42 109 54 66 76 61 115 67 91 74 32 70 71 2 86 42 58
96 119 48 55 43 115 92 38 84 42 96 93 99 58 180 21 112 76 135 137 106 149 142 81 4 31 72 47 86 118
52 52 42 86 60 43 91 47 58 95 74 49 37 53 97 65 69 78 51 110 62 81 62 38 81 79 14 93 38 49
56 74 121 73 138 82 34 112 52 91 35 155 145 143 135 118 176 49 138 16 48 79 103 142 124 94 110 85 69 77
85 56 132 149 151 57 128 136 102 165 105 126 109 143 18 153 136 127 66 108 82 39 30 122 168 155 105 161 89 56
80 94 8 70 14 87 96 13 74 69 90 53 57 22 147 21 73 79 96 133 90 125 111 40 37 52 36 70 66 92
63 75 133 90 151 85 51 125 63 108 47 164 152 155 129 133 184 65 140 5 54 73 101 152 140 111 119 102 78 79
33 62 64 30 81 64 30 55 17 47 26 105 98 87 132 61 127 15 109 68 39 87 93 91 68 42 60 43 33 63
97 69 125 157 142 65 144 131 113 171 121 107 91 131 21 149 113 139 43 132 98 65 37 107 165 158 98 168 95 67
27 31 56 74 76 25 71 56 36 87 51 75 62 73 91 72 94 60 62 85 36 61 52 63 87 75 33 84 15 28
88 66 95 139 110 57 135 104 101 150 113 72 56 98 55 121 78 126 8 136 92 77 44 73 138 136 70 148 81 62
89 80 59 120 69 70 129 71 95 126 111 26 10 55 100 86 37 115 38 145 97 104 76 29 102 109 42 125 75 76
84 61 95 137 110 53 131 103 98 148 109 74 58 99 52 120 81 123 10 131 88 72 39 74 137 134 69 146 77 57
90 81 63 123 72 70 131 74 97 129 113 29 14 59 97 90 38 118 36 147 98 103 75 33 106 113 45 129 77 77
18 32 59 65 79 29 59 56 25 80 40 83 72 78 98 71 103 49 73 76 27 61 58 71 84 69 39 76 4 31
75 51 94 130 111 43 123 101 89 143 100 79 62 100 47 118 88 115 19 121 78 61 28 77 134 129 67 140 70 48
78 69 59 114 72 58 120 69 86 122 102 36 19 59 90 86 49 107 31 135 86 92 65 35 102 106 37 121 66 65
97 108 23 89 9 100 116 33 93 86 109 43 53 8 154 36 60 99 98 152 108 138 120 34 48 69 46 88 82 105
95 74 98 145 111 65 142 107 108 155 120 71 55 99 60 124 74 133 10 144 99 85 52 73 141 141 73 153 87 70
91 109 24 69 15 102 101 22 83 64 98 66 72 30 163 14 84 84 112 141 101 139 126 54 24 48 52 66 78 106
49 77 58 18 71 77 39 46 34 32 42 103 99 80 146 48 125 22 117 83 56 103 106 89 53 25 61 28 45 77
108 98 76 140 83 87 149 89 116 145 132 33 25 68 104 103 29 136 43 165 116 118 88 43 119 129 62 145 95 93
53 44 56 96 74 34 96 62 62 106 77 56 40 66 83 79 72 85 39 109 60 71 49 48 96 92 28 104 41 40
66 39 97 125 115 33 113 102 81 139 90 89 72 106 42 119 100 107 33 107 67 46 13 85 135 126 69 135 63 36
55 60 128 95 147 70 58 122 59 114 46 154 142 149 111 132 173 69 125 15 44 55 84 143 140 113 111 108 70 64
77 90 3 71 17 83 95 13 72 71 88 50 53 21 142 25 70 79 91 131 87 120 106 36 41 54 31 72 62 87
24 17 70 82 90 12 71 70 38 97 49 85 72 87 81 86 104 64 62 77 29 47 41 75 100 86 46 93 20 15
29 58 62 35 79 59 34 53 14 51 26 101 94 84 127 61 123 19 104 69 36 83 88 87 69 45 56 47 28 58
39 67 55 27 71 67 39 45 25 42 36 98 93 78 136 51 120 22 108 79 47 94 96 84 58 34 54 38 35 67
51 23 92 112 111 18 98 95 67 127 75 93 76 105 51 112 107 93 46 91 51 35 11 86 127 115 65 123 50 20
57 65 24 75 43 57 88 30 58 81 75 47 41 39 115 47 68 73 67 115 68 95 79 33 64 65 4 80 42 62
68 40 102 128 120 35 115 107 84 142 92 94 77 112 37 124 105 110 37 107 69 44 11 90 140 130 74 139 66 38
90 63 116 149 132 57 137 122 106 162 114 98 82 122 28 140 105 132 34 128 91 62 32 98 156 149 88 159 87 60
56 71 18 62 37 64 79 17 53 67 69 57 54 39 126 34 79 63 82 111 67 101 89 43 50 50 19 66 42 68
43 48 40 75 59 40 80 43 47 85 64 58 48 56 101 60 78 67 60 101 53 78 64 46 76 70 15 83 28 45
68 38 108 129 126 36 114 111 84 144 90 102 85 118 33 129 114 110 46 102 67 36 7 98 144 133 80 140 68 37
105 75 137 166 153 73 151 143 121 180 127 120 103 143 13 160 125 147 55 135 104 66 44 120 176 168 109 177 104 74
51 46 52 92 70 35 94 57 60 102 75 54 40 63 87 75 72 82 43 108 59 73 52 45 91 88 24 100 39 42
92 95 34 104 37 85 123 47 93 106 110 15 23 22 130 60 36 107 71 150 102 123 100 5 74 88 36 106 77 91
77 55 90 130 105 46 124 97 90 141 102 72 55 95 54 115 81 116 12 125 81 67 35 71 131 127 63 139 70 51
20 35 56 64 76 31 60 53 26 78 41 81 70 75 100 68 102 49 73 78 30 64 60 69 81 67 37 74 5 33
87 82 53 115 62 71 126 64 93 121 109 21 4 48 105 80 35 112 45 145 96 106 79 22 96 104 37 120 73 77
14 29 63 67 83 27 58 60 24 81 38 87 75 82 96 75 107 49 74 72 24 58 56 75 88 71 43 78 5 28
90 69 93 140 107 60 137 102 103 150 115 68 52 95 60 120 73 128 5 139 95 81 49 70 136 136 69 148 82 65
57 60 32 82 50 51 92 39 60 89 77 45 35 44 106 57 65 77 58 115 66 89 71 32 73 73 5 88 42 57
102 74 123 160 138 69 149 130 117 173 126 101 85 127 31 148 105 143 37 140 103 73 44 102 164 159 96 170 98 72
88 70 83 134 96 60 134 93 99 143 113 56 40 84 71 110 62 123 9 140 94 86 55 58 126 128 59 141 78 66
48 77 85 28 100 81 11 74 33 46 28 128 121 108 147 77 149 9 130 59 50 97 109 114 80 49 83 40 53 79
48 65 27 53 46 60 69 22 43 60 59 67 63 49 125 37 89 52 85 101 58 95 87 53 51 45 25 59 34 63
88 73 77 130 89 63 133 87 98 139 113 48 32 76 79 104 54 121 17 142 95 91 60 50 120 123 54 137 77 69
83 89 22 92 29 80 111 35 83 93 100 27 31 17 130 48 48 95 74 140 93 118 98 13 64 76 27 94 68 85
92 98 27 97 26 89 119 40 92 97 108 25 34 11 138 50 44 102 80 149 102 127 106 15 64 80 36 99 77 95
6 31 79 64 98 36 44 74 17 81 21 107 95 100 101 86 127 41 90 52 6 53 63 94 97 75 62 76 21 33
65 91 45 27 54 88 60 32 52 27 63 94 93 65 156 28 115 43 119 104 74 119 117 79 32 11 58 27 57 90
45 35 117 103 137 45 74 114 58 122 53 134 120 136 79 127 151 78 96 46 36 23 53 124 139 117 95 116 58 39
22 47 88 56 106 53 29 80 18 75 6 121 110 110 116 90 141 31 107 41 18 64 79 107 98 72 75 69 35 49
79 53 102 136 119 46 127 109 94 149 104 87 70 109 39 126 96 120 25 121 81 59 26 86 142 136 75 146 75 50
45 23 110 108 130 32 83 109 61 125 61 121 106 127 63 124 137 84 79 63 39 9 35 113 137 118 86 121 54 26
36 65 84 38 101 69 12 75 22 57 14 123 115 107 134 80 145 12 120 50 37 84 96 110 86 57 78 51 43 66
76 75 38 100 50 65 112 50 80 105 97 25 15 38 109 66 45 98 52 134 86 102 79 16 82 89 23 105 62 71
9 38 76 57 95 42 38 70 10 74 16 107 96 98 108 81 127 34 94 53 13 60 69 94 91 68 62 69 21 40
54 25 109 117 128 29 97 110 70 134 73 113 97 123 48 126 127 95 64 80 50 15 18 106 140 125 82 129 59 26
81 63 79 127 93 53 126 88 92 137 106 57 40 82 69 105 65 116 9 133 86 80 49 57 122 122 54 135 71 59
83 72 63 119 75 62 125 73 91 127 106 36 19 62 90 90 47 112 29 139 90 94 66 37 106 111 42 126 70 68
84 68 77 128 91 57 129 87 95 137 109 52 36 78 74 104 60 118 13 137 90 86 55 53 120 122 54 136 74 64
59 64 132 98 151 74 61 126 64 117 50 159 146 153 113 136 178 73 129 16 49 57 87 147 144 117 115 111 74 68
74 45 126 138 145 48 116 128 91 154 93 124 107 138 30 145 136 116 67 95 70 26 24 119 159 145 98 150 79 46
66 37 104 127 122 34 112 108 82 142 89 98 81 115 36 125 110 108 42 102 66 38 6 94 141 130 76 138 65 35
91 64 114 149 131 58 139 121 107 162 116 96 79 120 31 139 102 133 31 131 93 65 34 96 155 149 87 159 88 62
51 75 40 32 55 73 55 29 39 40 52 86 83 63 141 34 108 38 105 95 60 104 101 72 43 26 46 38 42 74
64 93 66 6 76 93 43 53 48 17 53 114 111 87 161 50 135 29 132 91 70 118 122 99 49 18 74 12 61 93
56 28 98 118 117 24 103 101 72 133 80 97 80 110 45 118 110 98 46 94 56 33 5 91 133 122 71 129 56 26
14 31 88 70 108 38 45 83 24 88 22 115 103 109 99 95 134 45 94 45 4 48 62 103 106 83 71 83 30 34
51 34 72 104 90 24 98 76 64 116 76 70 53 82 67 94 85 89 34 103 56 56 32 63 110 103 44 113 44 30
42 71 78 27 93 74 16 67 26 46 24 120 113 100 141 71 141 1 122 61 45 93 102 106 76 46 75 40 45 72
110 107 60 130 61 96 145 73 114 132 131 11 22 46 127 85 11 130 65 168 120 132 104 26 99 114 56 132 96 103
53 75 31 42 46 71 64 20 44 47 59 77 74 53 138 29 98 47 99 102 63 104 99 62 41 31 38 46 42 73
48 39 59 94 77 28 93 64 58 106 73 61 46 70 80 81 78 82 41 103 55 65 44 53 97 92 31 103 37 34
76 95 22 55 27 90 84 11 67 52 82 70 73 39 154 7 90 67 108 125 86 125 116 56 23 35 45 53 64 93
98 95 51 119 56 84 133 64 102 122 118 7 10 41 119 78 23 118 57 156 107 120 94 16 93 105 44 122 83 90
91 76 79 133 91 66 136 89 102 141 116 48 33 77 80 106 53 124 18 145 98 94 63 51 122 126 57 140 80 72
105 76 131 164 147 72 151 137 120 178 128 111 95 136 23 155 115 146 46 139 105 71 45 112 171 165 104 175 102 74
64 35 117 128 136 38 107 119 81 144 84 118 101 130 38 135 131 106 65 88 61 19 18 112 150 135 90 140 69 36
19 49 75 47 93 52 29 67 6 64 11 110 101 97 119 76 131 23 103 54 23 71 80 97 85 60 64 59 27 50
101 74 124 160 140 68 148 131 117 173 125 103 87 128 29 149 107 143 38 139 102 72 43 104 165 160 97 170 98 71
67 39 100 126 118 34 114 104 82 140 91 92 75 109 39 122 103 108 36 107 68 44 11 88 137 128 72 137 64 36
35 35 109 90 129 45 59 105 46 108 39 131 117 129 91 117 149 64 100 37 25 35 60 120 128 104 89 103 49 39
60 49 60 104 77 38 104 67 70 114 84 53 37 68 79 85 68 93 31 115 67 73 48 47 101 99 33 112 49 45
72 56 73 118 88 45 118 81 83 129 97 56 39 77 71 98 67 107 17 125 78 75 46 54 115 114 47 126 62 52
84 104 26 58 25 98 90 18 75 52 89 73 77 39 161 3 92 73 114 132 94 134 124 60 17 36 52 55 72 102
91 62 134 154 153 62 135 138 108 170 112 125 108 144 10 156 134 133 63 115 89 46 33 122 171 159 107 166 93 61
64 34 111 127 130 34 108 113 80 142 85 109 93 123 36 130 122 105 55 93 61 26 9 104 145 132 83 138 66 33
60 86 49 22 60 84 53 36 46 27 56 97 95 70 153 35 118 36 118 97 68 114 113 82 39 14 59 25 53 85
73 59 67 116 82 49 117 76 83 125 98 49 32 71 78 93 61 106 21 127 80 81 52 47 110 110 42 123 62 55
47 76 91 35 106 80 4 80 33 53 24 132 125 113 145 83 153 13 131 52 47 94 107 118 87 57 87 47 54 77
137 132 82 153 78 122 171 95 140 153 157 36 48 63 146 105 16 155 84 194 146 156 127 50 117 136 82 154 122 128
94 83 71 130 80 72 137 82 103 137 118 35 21 66 93 98 40 124 31 150 102 103 73 40 114 120 52 136 82 79
71 43 103 131 121 38 118 108 87 145 95 94 77 112 35 126 104 113 35 110 72 46 14 91 141 133 76 141 69 41
100 107 31 101 24 98 125 43 99 99 115 29 41 9 146 50 45 108 88 157 110 136 115 22 63 83 45 101 85 104
96 68 124 156 140 63 143 130 112 169 120 106 89 130 22 148 112 138 41 131 96 64 36 106 164 157 96 166 94 66
31 13 97 94 117 23 72 95 47 111 48 112 98 115 73 110 130 71 77 59 26 23 38 103 123 104 74 107 40 17
93 63 128 154 145 61 138 133 109 169 115 115 98 136 11 151 122 135 51 123 91 54 32 113 166 157 100 165 92 62
128 123 76 147 74 113 163 89 132 148 149 29 39 59 137 100 7 148 76 186 137 147 118 43 113 131 74 149 114 119
51 74 34 39 49 70 61 23 42 46 56 79 76 56 137 31 101 44 100 99 61 103 98 65 42 30 39 44 40 72
101 71 135 162 152 69 146 140 117 177 123 120 103 142 9 158 126 143 55 130 99 61 40 119 174 165 107 173 100 70
83 55 112 142 129 50 130 118 98 156 107 98 81 120 28 135 107 124 36 120 83 54 24 97 151 144 85 153 81 52
78 49 127 142 146 50 121 130 94 158 98 123 106 139 25 147 134 120 65 100 75 31 25 119 162 148 100 153 82 49
53 66 123 83 142 75 45 116 54 102 38 154 142 145 123 124 174 58 131 5 44 66 93 142 132 103 109 96 68 70
60 66 26 79 44 57 92 33 61 85 78 43 37 38 113 50 64 77 64 117 70 95 78 30 67 69 3 84 44 62
75 70 50 107 62 59 115 60 82 114 98 31 15 51 98 77 47 102 40 133 84 95 69 27 93 98 29 113 62 66
92 92 41 109 46 82 125 54 95 112 112 9 14 31 122 67 31 110 62 150 102 119 94 6 83 95 36 113 77 88
46 19 89 107 108 14 93 91 62 122 70 92 76 102 55 108 106 88 48 88 47 34 16 85 123 111 62 118 46 16
44 20 82 103 101 11 91 85 59 117 68 85 69 95 61 102 101 85 46 90 46 40 22 78 117 105 55 113 41 16
83 101 20 63 19 95 93 14 75 59 90 66 70 32 157 9 85 76 108 133 93 131 120 53 24 42 46 61 70 99
83 106 38 48 38 102 82 26 72 40 85 85 89 52 167 11 105 66 123 126 93 135 129 72 10 25 60 43 73 104
90 114 45 49 43 110 86 35 78 38 90 92 96 58 176 18 111 70 132 131 100 143 137 79 6 26 68 42 80 112
46 23 110 109 130 32 85 109 62 127 62 121 105 127 61 124 136 86 77 65 40 8 33 112 138 119 85 122 55 26
55 83 52 19 64 81 48 39 41 28 51 99 96 74 150 40 120 31 118 92 63 110 110 84 44 17 59 25 50 82
12 26 86 72 106 33 49 81 25 90 26 111 98 106 95 94 130 48 89 49 3 45 58 99 105 83 67 85 27 29
64 89 42 30 52 86 61 29 51 30 63 91 90 63 154 26 112 44 117 105 73 118 115 76 31 14 55 30 56 88
15 28 63 67 83 26 59 60 25 82 39 86 75 82 95 75 106 50 73 73 24 58 55 74 88 72 43 78 6 27
101 111 27 95 14 102 121 38 97 91 114 40 51 7 154 42 56 104 97 156 111 140 121 32 53 75 48 94 86 107
89 111 39 53 36 106 88 29 78 44 91 85 90 51 171 12 104 72 126 133 99 141 133 73 5 30 63 48 78 109
84 74 61 119 73 64 126 72 92 126 108 33 16 60 93 89 44 113 32 140 92 97 69 34 105 110 41 125 71 70
30 12 96 94 116 23 71 94 46 111 48 111 97 114 73 109 129 70 76 59 25 24 38 102 122 103 73 106 39 16
17 44 60 50 78 44 44 53 11 65 28 93 84 81 113 65 114 33 89 69 27 71 73 79 76 56 47 61 13 44
48 58 29 68 49 51 79 31 48 76 65 56 49 47 113 48 78 64 70 105 58 88 75 43 64 61 11 75 33 55
51 66 120 78 138 75 40 112 50 97 34 152 141 142 125 120 172 53 131 9 43 69 94 139 127 98 107 91 66 70
61 73 131 88 149 83 49 123 61 106 45 162 150 153 128 131 182 63 139 3 52 72 99 149 137 108 117 100 76 77
36 63 54 32 70 62 40 44 22 46 35 95 89 76 131 51 117 24 103 78 44 90 92 81 60 37 51 42 31 63
38 49 111 79 130 59 45 104 42 98 29 139 127 132 109 114 158 53 115 21 28 53 77 127 123 97 95 92 53 53
5 26 72 67 92 28 52 68 20 83 30 97 85 92 96 81 117 46 81 62 14 53 57 85 94 74 53 78 12 27
63 72 135 95 154 82 57 128 65 114 50 164 152 157 124 137 184 70 138 8 54 68 97 152 144 115 120 108 79 77
70 48 85 123 101 39 117 91 83 135 95 71 54 91 56 109 81 109 17 118 74 63 32 68 125 121 57 132 63 45
25 44 49 55 69 41 56 45 24 68 40 81 72 70 110 59 102 43 80 80 35 74 70 67 72 57 35 65 11 43
46 58 118 81 136 68 44 111 48 100 33 147 135 139 116 120 167 55 123 12 37 60 85 135 128 100 103 94 61 62
42 66 100 53 117 73 15 91 33 72 17 137 128 123 133 97 158 28 127 34 38 80 98 124 103 73 92 66 53 69
36 8 86 98 106 6 82 87 52 113 59 95 79 101 64 103 111 78 57 78 36 32 25 86 117 103 60 109 37 5
79 52 104 137 121 46 126 110 94 150 103 90 73 111 36 128 99 120 28 120 80 56 24 89 144 137 77 147 75 49
