200 60
248 449 271 93 175 286 214 130 144 390 130 81 251 80 111 278 286 117 85 176 277 191 248 356 273 152 377 270 174 201 103 211 115 160 157 278 301 289 72 62 217 276 191 327 146 170 232 143 186 406 204 148 327 320 150 111 193 349 397 455
43 12 38 27 27 19 46 26 30 31 31 49 19 12 42 47 15 33 25 13 34 34 50 20 25 15 42 38 21 15 39 42 13 47 26 39 42 25 30 17 50 24 46 29 33 10 41 22 36 12 21 33 46 29 17 28 31 28 26 22 43 32 47 40 37 44 22 15 32 41 37 48 16 26 19 48 48 22 20 40 14 11 40 49 17 32 13 25 10 11 36 34 30 33 23 41 46 20 35 31 49 44 24 12 25 37 23 41 41 19 23 10 16 29 26 19 28 42 28 48 41 49 20 43 45 27 17 43 32 35 50 28 28 36 26 48 45 39 24 33 11 32 37 49 50 38 11 45 14 47 43 14 40 23 25 35 14 37 32 15 48 29 47 42 43 17 45 26 22 22 46 25 31 43 44 31 45 43 18 24 16 47 28 49 33 43 15 39 29 32 49 38 29 32 25 50 43 45 45 43
418 476 392 130 241 296 333 208 227 478 181 113 264 141 140 281 427 118 135 241 333 354 289 367 382 158 462 271 336 249 172 312 158 315 292 328 471 308 145 114 341 485 221 494 155 236 291 199 204 411 383 187 433 385 178 134 281 367 482 468
8 46 19 114 110 103 38 142 30 73 176 58 21 159 27 129 34 138 123 139 79 130 66 61 29 65 65 84 40 85 65 138 41 28 47 123 132 42 112 129 77 78 47 60 138 66 119 85 132 107 42 121 32 17 76 53 130 57 132 108
147 189 139 37 72 147 127 85 125 151 38 191 137 24 171 54 136 99 120 11 103 131 124 97 143 151 150 170 121 126 125 48 163 137 161 63 21 105 80 161 223 144 125 189 28 214 134 69 34 69 176 169 156 153 156 200 43 205 51 46
45 86 38 120 98 154 34 121 42 23 192 39 39 175 46 157 27 111 168 147 60 177 115 60 81 15 118 30 86 49 36 163 17 31 100 112 148 65 95 180 81 129 33 36 139 87 167 112 132 139 91 174 85 69 129 81 126 79 158 129
86 103 86 89 114 46 91 147 82 134 119 138 86 105 107 62 97 152 45 102 108 54 22 83 58 128 47 151 40 129 112 73 117 93 65 120 84 62 121 68 153 39 97 140 112 135 46 41 110 39 86 70 68 75 51 119 114 127 66 60
54 31 64 166 157 135 80 186 78 94 229 41 66 212 31 181 72 179 164 192 121 169 108 109 69 86 95 95 89 119 101 190 54 69 70 171 185 95 157 158 26 110 88 47 189 16 156 138 183 158 48 147 60 52 103 15 180 9 184 161
145 194 134 121 81 231 116 64 125 88 184 146 133 171 156 182 119 49 228 137 81 239 191 107 174 96 206 92 166 68 88 183 129 125 197 85 153 132 72 255 190 212 106 141 120 198 233 153 114 178 195 254 183 169 217 192 104 191 181 152
134 176 126 27 65 136 115 83 113 140 47 179 124 30 158 47 124 96 112 10 93 123 112 86 130 140 138 159 108 117 114 43 151 125 148 59 12 93 74 151 210 132 113 178 27 201 124 56 31 59 163 158 143 140 144 187 40 192 44 33
68 118 56 83 54 157 38 76 47 31 157 84 55 140 82 131 42 67 161 109 17 171 117 35 96 34 129 50 89 12 11 136 59 48 119 68 115 57 50 182 125 136 28 81 98 128 163 91 90 120 117 180 105 91 140 119 84 119 132 101
132 182 120 52 26 182 102 13 107 105 109 159 118 96 152 113 110 27 169 62 62 180 148 76 146 109 169 120 130 75 85 112 133 114 169 16 81 99 25 203 199 169 95 156 44 198 178 96 39 115 176 206 158 149 178 187 30 189 111 86
107 132 104 68 102 71 103 132 95 142 86 159 102 73 129 30 110 140 49 75 107 61 54 85 85 139 79 161 64 131 118 40 134 108 96 104 55 72 110 86 178 70 106 159 88 163 60 29 87 7 116 93 97 101 83 148 93 155 34 35
22 73 12 91 84 113 13 115 3 56 158 66 10 141 45 116 16 111 125 117 52 133 73 34 46 49 81 71 44 61 41 124 40 13 69 97 113 23 85 139 96 90 22 66 114 90 124 71 108 97 68 134 54 42 92 78 105 81 119 91
61 111 49 61 45 132 32 76 36 55 134 94 47 117 81 104 41 74 133 88 18 144 93 8 79 53 108 74 68 39 28 109 66 44 103 59 90 34 46 157 131 113 27 92 81 128 137 63 74 91 106 156 90 79 119 116 69 118 105 74
49 29 60 139 144 77 78 177 69 113 189 85 61 173 52 135 75 175 108 160 117 111 54 95 25 105 37 123 46 126 105 145 78 69 12 155 148 71 147 100 83 52 87 89 163 62 98 99 158 112 11 90 12 25 45 47 158 56 139 122
112 140 108 61 97 81 105 125 98 143 76 163 106 63 135 21 113 134 57 66 105 68 64 85 93 140 89 162 72 130 118 31 138 111 105 98 45 75 105 96 185 80 108 164 79 170 69 28 79 3 124 102 105 108 93 155 85 162 25 27
165 209 155 52 77 171 142 79 142 160 45 205 153 38 188 77 151 95 144 28 112 155 148 112 164 162 173 178 143 133 136 70 178 153 183 65 45 124 83 185 240 167 138 203 31 232 158 91 39 93 197 193 177 173 179 219 46 223 74 69
112 99 118 148 171 16 130 205 120 172 169 157 118 158 123 113 132 208 55 160 158 52 48 133 75 165 38 186 74 176 156 123 144 127 61 178 141 107 177 29 154 28 139 160 171 131 40 100 169 93 81 18 74 89 28 117 172 126 117 118
105 115 107 107 135 30 114 168 104 156 124 157 107 113 124 67 118 174 24 116 131 32 33 106 73 151 50 173 60 152 135 77 138 114 74 140 96 85 142 47 167 37 120 159 128 147 23 60 127 48 96 52 81 91 50 132 132 140 72 75
79 83 83 112 133 32 93 166 83 136 145 129 83 132 95 89 96 170 54 128 119 59 9 94 44 129 21 151 37 137 118 99 112 91 42 140 111 69 138 58 136 13 101 132 136 116 47 65 133 66 65 54 50 61 25 101 136 109 93 86
113 135 111 80 115 63 112 144 104 153 91 166 110 80 135 35 119 153 37 86 119 48 53 96 89 148 77 171 69 142 129 45 142 116 96 117 65 81 122 76 183 66 116 167 99 166 49 41 99 17 117 83 99 105 79 150 105 158 39 47
19 47 26 110 111 92 43 143 34 81 169 69 27 153 37 120 41 141 112 135 82 119 55 61 18 74 55 94 30 91 71 130 52 36 39 123 126 39 113 118 85 67 52 71 135 72 107 78 129 98 39 111 24 12 66 57 128 63 123 101
138 189 126 75 40 200 108 10 114 100 131 158 124 119 156 136 115 8 189 86 65 201 164 85 157 106 184 113 143 71 85 135 134 119 181 37 104 111 34 222 200 186 99 154 67 202 198 115 62 137 185 224 169 158 194 193 53 193 134 108
89 84 94 127 147 22 106 181 95 148 156 136 94 144 102 100 108 184 55 141 133 56 24 108 52 141 18 162 49 151 132 110 121 103 43 155 124 83 153 48 139 3 114 139 150 117 43 79 148 77 66 41 54 68 14 102 151 111 104 99
124 149 121 72 110 79 119 137 112 158 74 176 119 63 147 18 127 147 49 73 119 60 69 99 103 154 94 176 82 144 132 28 151 124 112 110 51 88 118 90 196 83 122 177 88 180 63 42 89 14 133 99 114 118 96 165 96 172 22 38
120 167 110 122 82 215 93 79 103 59 192 115 108 177 128 180 94 63 217 143 67 227 175 91 152 67 186 60 147 46 66 182 99 100 175 91 156 115 74 240 158 194 84 110 127 168 221 144 120 172 170 238 160 145 198 163 111 161 180 149
125 146 124 86 122 67 124 151 116 164 86 178 122 77 147 32 131 160 35 87 129 46 64 107 100 160 86 183 81 153 140 41 155 128 107 123 66 93 130 76 195 74 128 179 102 178 49 51 103 24 128 85 110 117 87 162 110 169 36 52
83 129 73 111 77 183 58 89 69 21 185 80 72 169 90 162 58 76 190 136 46 199 143 65 117 30 152 29 114 21 33 166 62 64 138 90 144 84 71 209 123 161 50 75 123 131 191 122 116 150 132 205 123 108 163 126 108 124 162 131
54 88 49 133 110 164 48 131 55 28 205 31 50 188 49 170 40 120 180 160 71 188 126 74 90 22 127 26 97 58 47 177 21 43 108 124 161 78 106 190 75 139 47 27 152 84 178 125 144 153 96 183 92 77 138 81 138 77 172 142
77 128 65 62 33 151 47 60 53 53 136 103 63 119 96 114 54 55 150 88 5 161 112 27 98 55 128 71 87 28 29 118 76 58 122 48 94 53 31 176 142 133 39 100 77 142 154 77 69 105 124 175 109 97 139 132 62 133 114 83
64 102 57 130 102 173 50 121 60 18 203 45 57 186 62 171 45 109 186 156 65 195 134 73 100 16 137 12 105 48 42 177 34 49 119 116 159 81 98 199 88 148 47 40 146 98 185 127 139 155 108 192 103 88 148 95 132 92 172 142
59 98 54 61 73 89 51 107 44 91 118 109 52 101 83 73 58 110 89 83 62 100 51 37 53 87 71 109 33 83 67 81 84 56 74 82 74 20 79 113 135 73 55 109 85 124 93 28 81 54 86 113 66 63 81 109 81 115 75 50
38 87 28 76 69 113 18 101 14 59 143 80 26 126 61 104 27 99 120 102 41 130 73 19 54 54 85 76 45 56 37 111 53 26 78 82 99 14 71 139 112 92 22 80 98 106 121 60 92 87 81 136 65 54 97 94 89 97 106 78
178 221 169 66 91 178 156 92 156 175 39 220 167 39 202 82 166 108 149 40 127 160 157 126 176 177 183 193 154 148 150 74 192 167 194 79 53 137 98 190 253 177 153 218 46 246 163 102 53 100 209 199 189 186 189 232 60 236 78 79
90 77 97 140 159 30 111 193 100 152 171 134 98 159 100 115 112 195 67 156 142 67 36 117 54 145 17 165 57 158 138 125 122 106 38 167 138 91 164 51 132 15 120 138 164 109 54 93 161 93 59 41 52 67 6 95 164 104 119 114
56 96 50 125 99 165 43 119 52 17 197 43 50 180 56 164 37 109 179 151 61 187 126 66 93 11 130 19 97 46 37 171 27 42 112 113 154 74 96 191 86 141 40 38 142 95 177 120 135 148 102 185 96 81 141 90 128 87 166 136
79 130 68 84 50 167 49 67 58 36 157 93 66 141 93 136 53 58 169 108 20 179 127 43 107 41 140 52 100 7 22 140 69 59 130 64 116 67 45 192 135 146 40 89 96 138 172 97 88 126 129 190 116 102 151 130 81 130 136 105
65 69 70 112 128 46 82 162 71 124 152 114 70 138 80 97 83 164 69 130 111 74 14 85 29 117 16 138 26 127 108 107 98 78 30 137 115 60 133 72 121 21 90 117 137 102 62 67 133 74 51 66 35 46 26 86 135 95 101 89
98 131 94 50 83 85 90 113 83 127 83 149 92 67 122 33 98 121 68 61 89 79 60 69 84 124 86 146 62 113 102 42 123 96 99 85 44 60 91 103 173 80 92 149 71 160 77 12 70 17 116 108 96 97 92 144 75 151 36 19
96 147 84 71 33 172 65 46 73 58 143 114 82 127 112 128 71 37 169 93 24 180 133 49 119 62 149 73 109 28 41 131 89 76 143 44 104 75 26 196 156 154 56 110 79 158 175 95 72 122 144 196 130 117 160 149 63 149 128 98
81 128 70 107 72 179 55 86 65 21 180 80 69 164 89 157 55 73 185 131 41 195 139 60 113 29 149 32 111 16 29 161 61 61 136 85 139 80 67 205 124 157 46 76 119 131 187 117 111 145 130 201 120 106 160 125 103 123 157 126
91 134 83 25 50 113 73 81 70 103 87 136 81 70 115 57 82 88 101 47 59 112 81 45 90 102 104 122 69 84 77 61 109 82 110 53 43 50 57 134 167 102 72 135 49 158 109 26 45 50 122 137 103 98 112 144 47 149 57 26
37 62 39 138 121 146 48 147 50 51 207 17 40 190 23 166 38 139 166 165 84 173 110 78 71 43 107 52 83 77 61 174 13 38 85 136 163 73 120 171 54 120 52 17 159 59 162 121 152 146 71 163 71 56 117 55 148 52 168 141
61 110 51 55 46 124 36 79 37 64 126 99 48 109 84 94 45 79 123 81 27 134 84 6 74 62 101 83 61 50 38 99 72 47 98 58 82 27 49 148 134 105 33 98 76 129 127 53 69 81 103 147 86 77 112 117 66 120 95 64
30 62 32 96 100 84 42 133 32 85 153 82 31 137 52 104 44 132 100 119 76 107 45 52 20 78 52 99 16 89 69 113 62 39 44 111 110 27 103 110 101 61 51 84 120 88 97 62 115 82 51 105 32 27 63 74 114 79 107 85
147 193 137 36 54 167 123 58 123 138 63 185 135 52 170 80 132 73 144 23 90 156 139 92 150 140 164 156 130 111 114 76 158 134 171 42 45 107 60 183 221 160 118 183 12 215 157 82 18 91 183 189 163 158 171 202 23 206 77 63
141 135 146 153 183 31 156 215 145 198 157 189 146 149 156 105 159 221 38 159 177 28 70 152 105 192 71 214 99 197 179 113 174 154 95 187 138 129 190 8 190 57 163 193 172 167 25 107 172 91 117 23 108 121 62 153 178 162 109 119
11 61 4 108 98 118 21 127 18 54 174 51 6 157 29 131 16 122 134 134 64 142 80 49 46 46 82 66 51 67 47 139 27 10 66 111 130 39 98 144 80 94 30 51 130 75 132 87 123 112 60 138 51 36 94 64 120 66 134 107
142 188 131 134 94 235 114 82 124 80 201 135 130 187 149 194 116 66 235 153 85 246 195 110 173 89 207 80 168 66 87 195 121 122 196 100 167 134 85 260 178 214 105 130 136 189 239 161 129 188 191 258 181 166 218 185 120 182 193 163
95 144 83 36 13 147 67 47 70 81 109 128 81 93 116 93 75 51 139 60 32 150 110 38 107 82 131 99 91 55 56 95 100 78 130 25 69 60 19 169 165 132 61 125 49 162 146 64 41 88 137 171 119 110 141 150 35 153 93 63
84 133 73 35 27 134 58 61 60 79 108 121 71 91 106 85 67 64 127 61 32 138 97 28 94 79 117 98 78 57 53 89 93 69 117 37 66 47 33 156 157 119 54 119 54 152 133 52 47 78 125 158 106 98 127 140 43 143 86 55
121 146 118 73 110 76 117 138 110 156 77 173 117 66 144 21 124 147 47 75 118 58 66 98 99 152 90 174 79 143 131 31 149 122 109 110 53 86 118 88 193 80 120 174 89 177 60 41 90 12 129 96 110 115 93 161 97 169 25 39
45 62 49 102 112 67 60 146 50 102 151 96 49 136 63 99 62 146 85 123 91 92 28 66 15 95 35 117 8 106 86 109 78 57 33 122 111 40 116 93 109 43 69 98 127 93 81 61 122 76 47 87 27 31 46 77 123 84 103 85
125 167 117 17 57 133 105 77 103 131 57 169 115 40 149 50 115 89 111 14 83 123 107 76 122 131 132 150 101 107 104 47 141 115 141 51 17 84 65 150 201 127 103 168 25 192 123 50 26 57 155 156 135 132 139 178 34 183 47 29
163 203 155 56 91 153 145 101 142 169 20 208 153 12 188 56 154 116 122 30 121 133 134 115 156 170 160 188 135 145 143 47 181 154 173 81 32 122 98 164 239 153 143 207 45 229 137 81 52 76 189 173 169 168 165 215 61 220 52 57
116 131 116 96 129 49 119 159 110 161 105 169 115 94 137 49 125 167 21 101 130 33 49 106 88 156 70 179 70 153 138 59 147 122 92 132 80 89 136 60 182 57 124 170 115 164 33 54 115 33 114 68 96 105 70 148 121 156 53 62
109 133 107 74 107 67 107 137 99 147 88 162 106 76 132 32 114 146 44 80 112 55 53 90 87 143 78 165 66 136 122 42 138 111 96 110 59 76 115 81 180 68 111 163 93 164 55 34 93 11 117 88 97 102 81 149 98 156 36 40
42 32 52 131 136 78 70 169 61 106 183 82 54 167 48 130 68 167 107 153 109 111 51 87 17 98 38 117 39 118 98 140 72 62 15 148 142 63 139 103 84 53 79 85 156 64 98 92 151 107 16 93 4 17 48 48 151 57 134 116
64 71 68 109 125 47 80 159 69 122 150 114 68 136 80 95 82 161 69 127 108 74 12 83 29 115 19 137 23 125 105 105 97 77 32 134 112 57 130 73 122 23 88 116 134 103 62 64 130 71 53 68 36 46 29 87 132 96 99 87
130 154 127 76 115 81 125 141 118 164 73 182 125 63 153 19 133 152 48 75 125 59 74 105 108 160 97 182 87 150 138 27 157 130 117 114 53 94 123 90 201 86 128 182 91 185 63 48 93 20 137 100 118 123 99 170 100 177 22 43
135 182 124 32 36 167 108 40 110 120 81 169 122 68 157 88 117 55 149 35 73 160 136 78 142 123 159 138 123 92 97 86 142 120 163 22 55 96 41 186 207 157 103 167 17 203 159 80 13 94 173 190 154 148 167 190 8 193 86 65
87 81 93 129 149 25 106 183 95 148 160 134 93 147 100 103 107 186 59 144 134 60 26 109 51 140 15 161 50 151 132 114 120 102 40 157 127 83 155 50 135 4 114 137 153 114 47 82 150 81 63 42 52 66 10 99 153 108 108 103
146 180 139 54 94 122 132 114 127 163 33 194 137 20 170 25 141 127 91 39 117 102 107 105 133 162 132 182 111 142 136 16 167 140 148 89 21 105 103 133 221 124 132 194 57 209 106 59 62 46 166 142 145 146 136 194 71 200 21 37
50 2 62 156 155 103 81 186 74 108 211 67 64 195 40 159 75 182 135 179 123 138 80 105 45 100 64 114 67 127 107 169 68 70 39 167 169 85 156 126 57 79 90 72 180 35 126 120 174 136 16 115 34 34 71 20 173 29 163 144
67 72 72 111 128 43 83 162 73 126 150 117 72 136 83 95 85 164 66 129 112 71 11 86 32 119 17 140 27 128 109 105 100 80 33 136 113 60 133 69 124 20 91 120 135 105 59 65 132 71 55 64 38 49 26 90 134 98 98 88
71 62 79 130 145 44 93 179 82 134 169 116 79 155 82 113 93 180 76 148 126 79 29 101 35 126 4 146 41 140 120 123 103 88 21 154 133 75 150 68 116 20 102 119 155 95 66 85 151 90 44 59 34 48 13 80 153 89 117 107
133 174 125 27 67 133 114 85 112 140 47 178 123 30 157 44 123 98 108 13 93 120 109 85 128 140 135 159 106 117 114 40 150 124 146 60 9 91 75 148 209 129 112 177 30 199 121 53 33 56 161 155 141 138 141 185 42 190 41 31
102 134 98 53 87 84 95 117 88 132 80 153 96 66 126 29 103 125 64 62 94 76 61 74 86 129 86 151 64 118 107 38 128 101 100 89 44 65 95 101 176 79 97 154 73 163 74 17 73 12 118 106 98 100 92 148 78 154 32 20
149 195 139 38 55 168 124 59 125 140 62 187 136 51 172 81 133 74 145 24 92 156 140 94 151 142 165 158 131 112 116 76 159 135 172 43 46 109 62 184 222 161 120 185 13 217 157 83 19 91 184 190 164 159 172 204 25 207 78 64
23 42 32 115 117 89 49 149 40 86 173 70 33 156 37 123 47 147 111 139 88 117 54 67 15 79 51 98 31 97 77 132 55 41 34 129 130 45 119 114 83 64 58 73 140 69 106 81 134 100 33 107 18 7 62 54 133 60 126 105
46 34 56 132 138 75 73 171 64 110 183 85 57 167 51 129 71 170 104 154 112 108 49 89 18 102 35 120 39 121 101 139 75 65 11 149 142 65 141 99 86 50 82 89 157 66 96 92 152 106 16 90 6 21 44 51 152 59 133 116
94 145 82 61 23 165 64 43 70 63 133 117 80 117 112 118 71 38 160 84 21 171 126 43 115 67 143 80 103 34 43 121 91 75 139 36 94 69 18 188 158 147 55 114 70 158 166 86 62 112 141 188 126 114 154 148 54 149 118 88
153 200 142 44 54 177 127 52 128 139 71 188 140 61 175 91 136 68 155 34 92 166 148 97 157 142 172 157 138 111 116 86 161 138 178 41 56 113 60 193 225 169 122 186 20 221 167 91 24 101 190 199 170 165 180 208 26 211 88 73
72 120 62 101 69 170 45 86 56 17 174 76 61 158 82 149 47 75 176 126 35 186 130 52 104 24 140 33 101 13 20 154 55 52 127 83 133 70 64 196 119 148 37 72 115 125 178 108 107 137 122 192 112 97 151 118 100 117 150 119
57 99 50 59 66 98 44 100 38 83 120 105 48 103 81 78 52 102 98 83 53 108 59 28 56 79 78 102 38 74 59 86 78 51 78 76 76 15 71 122 133 80 47 105 83 123 101 34 78 61 88 121 69 64 88 109 77 114 80 53
106 132 103 68 101 71 102 131 94 141 87 158 101 74 129 31 109 139 50 75 106 61 54 84 85 138 79 160 64 130 117 41 134 107 96 103 55 71 109 87 178 70 105 158 87 162 60 28 87 8 115 93 96 100 83 147 93 154 35 34
163 197 156 67 107 135 149 122 144 179 18 211 155 15 187 38 157 136 101 47 132 111 122 121 150 178 148 198 128 157 152 28 184 157 164 99 34 122 115 143 238 138 148 211 65 226 117 76 71 61 182 153 162 163 151 211 80 217 34 54
63 67 67 167 149 164 77 173 79 72 236 14 69 219 41 194 67 163 189 194 111 195 132 107 92 66 125 66 107 101 88 202 41 67 101 164 192 102 147 189 32 139 81 17 188 49 183 149 181 173 81 179 88 75 134 52 176 45 196 170
45 89 38 69 71 100 34 105 27 75 132 93 36 115 69 90 41 105 104 93 51 114 60 26 49 70 75 93 35 70 52 97 67 40 72 82 87 4 75 125 121 80 38 93 93 112 106 45 87 71 80 123 61 54 86 98 86 103 92 64
76 59 85 141 156 47 100 189 90 140 180 118 86 166 84 124 100 190 83 159 135 84 40 110 41 132 14 152 51 148 128 134 108 94 21 165 144 84 160 69 114 26 110 121 166 91 71 96 162 101 41 58 37 52 15 77 164 86 128 118
153 195 144 42 75 153 132 85 131 155 36 196 142 24 177 59 142 100 126 15 107 137 131 102 149 156 156 174 127 130 129 52 168 143 167 65 27 111 82 167 228 150 130 195 29 220 139 75 36 75 182 174 162 159 162 206 45 211 56 52
25 30 36 127 127 96 55 158 47 88 185 63 38 169 29 135 51 155 121 151 96 126 64 77 24 80 56 98 43 102 82 145 52 45 34 139 143 56 129 121 71 70 64 66 152 56 114 94 146 113 25 112 19 7 66 41 145 47 139 117
108 110 111 120 147 16 119 180 109 162 137 158 111 126 124 81 123 185 28 130 140 30 34 115 73 156 44 178 63 160 143 91 140 118 69 153 110 92 154 35 164 29 126 161 141 143 18 73 140 62 92 38 78 90 40 128 145 137 85 88
89 139 78 41 17 146 61 50 64 74 115 121 76 98 110 96 69 52 139 66 26 151 109 33 103 76 128 93 88 49 49 99 94 72 126 30 74 56 21 169 159 130 55 119 55 156 146 65 48 90 132 170 115 106 138 145 42 147 96 66
41 90 29 94 75 139 13 101 23 30 166 62 28 149 55 131 14 94 148 121 37 157 98 34 71 25 107 48 70 37 17 137 34 20 94 89 121 42 73 164 100 116 7 59 113 101 148 87 106 115 90 160 79 64 118 91 101 92 133 103
57 101 49 57 62 103 41 96 36 79 121 103 47 104 81 81 50 97 103 82 47 114 64 22 59 75 83 97 43 69 54 88 76 49 82 72 77 15 66 127 132 85 43 102 81 124 107 37 75 65 91 127 72 66 93 110 74 114 83 55
21 51 26 129 117 129 40 145 40 58 196 31 28 179 11 152 32 138 150 156 81 157 94 70 55 49 91 64 67 79 61 161 18 29 70 131 152 61 117 155 58 104 47 33 151 57 146 108 145 132 57 147 55 39 101 48 141 48 155 129
121 138 121 95 129 54 124 159 115 165 100 174 120 90 142 45 130 168 22 99 132 34 55 109 94 160 76 183 76 156 141 54 152 126 98 132 78 93 137 63 188 63 128 175 113 170 36 55 114 32 120 72 103 110 76 154 120 162 49 61
144 194 133 52 38 186 116 24 119 120 98 174 131 87 165 110 124 40 169 55 76 181 153 88 156 124 176 136 138 91 100 107 147 127 178 25 76 109 40 206 213 175 109 171 37 211 180 99 34 115 186 210 168 160 185 200 27 202 107 86
64 110 55 48 51 113 44 85 42 77 116 108 53 99 88 81 53 87 110 74 40 121 74 18 70 75 93 96 54 63 51 87 80 54 93 61 72 24 56 136 139 96 44 107 72 132 115 39 66 67 101 136 83 76 103 119 64 123 82 52
105 153 95 21 20 145 79 49 81 96 93 141 92 77 127 81 88 57 132 44 48 144 111 49 113 97 133 115 95 71 71 82 114 90 135 21 55 67 28 166 178 133 74 139 34 173 141 59 26 80 144 169 126 118 142 161 22 164 81 52
116 116 120 130 158 12 129 190 119 172 144 166 120 134 132 88 133 196 28 139 151 26 44 125 81 166 49 188 73 171 153 98 149 128 75 163 119 102 164 24 170 34 137 169 151 148 13 83 150 70 97 29 85 98 43 134 155 142 92 98
67 36 77 152 160 72 95 193 86 131 198 99 79 183 67 143 93 192 107 173 134 109 59 112 40 122 36 140 58 144 123 153 94 87 18 171 159 87 163 93 90 51 105 103 177 67 96 110 172 119 20 81 29 42 40 53 173 62 147 133
76 127 64 60 33 148 45 61 51 55 133 103 62 117 95 111 53 57 146 85 6 157 108 24 96 56 125 73 84 31 30 114 76 57 119 47 92 50 32 172 142 129 38 100 75 141 151 73 67 101 122 171 106 95 136 130 61 132 111 80
122 170 112 23 27 157 96 43 98 110 84 158 109 69 144 83 105 55 140 35 62 152 124 66 129 112 147 128 110 83 86 82 130 107 151 17 51 84 34 176 194 146 91 156 20 190 150 69 12 86 161 180 142 135 156 178 5 181 81 57
116 165 104 32 13 160 88 34 91 98 98 148 102 83 137 94 96 43 147 49 51 159 126 59 126 101 148 116 109 70 75 93 121 99 149 6 64 80 20 181 186 148 82 145 34 183 156 74 26 94 157 184 139 131 157 171 18 174 92 66
54 18 65 165 160 123 83 189 79 103 225 54 67 209 35 175 76 184 154 190 125 158 99 110 61 94 84 105 82 125 106 184 62 72 59 173 182 93 160 146 37 99 91 59 189 17 145 134 183 152 36 134 51 46 91 2 181 9 178 157
136 182 126 25 46 158 112 56 112 129 66 175 124 53 159 75 121 70 137 20 81 149 129 82 139 131 153 147 119 102 104 71 147 123 160 35 40 96 53 175 210 150 107 173 1 204 149 72 7 83 172 181 152 147 161 191 15 195 72 54
60 9 72 166 165 107 91 196 84 117 220 73 74 204 48 168 85 192 140 189 133 143 87 115 54 108 69 122 76 136 117 177 77 80 44 178 179 95 167 128 56 84 100 78 190 32 130 129 184 144 22 116 42 43 74 20 183 28 171 153
47 98 35 81 63 136 16 91 24 38 153 74 33 136 65 120 23 85 142 108 26 152 95 22 73 35 106 57 67 34 15 126 47 27 96 77 109 36 62 161 112 114 8 72 101 111 143 77 93 105 96 158 82 69 118 101 89 102 122 91
27 77 17 86 79 113 13 110 4 56 153 71 15 136 50 112 19 107 123 112 49 132 72 29 48 50 82 73 44 59 39 120 44 17 71 92 109 19 81 138 101 90 21 70 109 95 123 67 103 94 72 134 57 45 93 83 100 86 114 87
190 231 182 79 108 181 170 109 168 191 31 233 180 38 214 84 179 125 149 52 142 159 164 140 185 192 189 209 163 164 165 74 206 180 202 96 60 149 114 191 266 182 167 232 61 257 164 110 69 104 218 201 198 196 194 243 77 248 80 86
117 145 114 65 101 81 111 129 104 149 74 169 112 62 141 17 119 139 54 67 111 66 67 91 98 146 92 168 77 135 124 28 144 117 109 102 46 81 110 94 190 82 114 170 81 175 67 34 82 7 129 102 109 113 95 160 89 167 21 30
92 141 81 32 20 140 65 53 67 83 105 127 79 89 114 87 74 58 132 57 35 143 104 35 102 84 125 102 85 59 57 89 100 77 125 29 64 55 26 163 164 126 60 125 48 160 139 57 40 81 133 164 114 106 134 147 36 150 86 56
63 98 59 64 80 81 58 114 50 99 116 114 57 100 87 68 65 117 81 85 70 91 44 45 51 94 65 117 30 92 76 77 89 62 71 88 74 27 86 105 138 65 62 115 89 125 84 25 85 48 85 105 64 63 74 110 86 116 71 48
118 121 121 123 152 21 129 184 119 172 134 169 121 124 135 79 133 191 18 131 148 19 45 122 84 166 55 188 73 168 151 88 151 128 80 157 110 100 159 31 175 40 136 171 143 154 7 77 143 62 103 38 89 101 51 139 148 148 83 90
133 173 125 29 69 131 115 88 112 142 46 178 123 29 157 41 124 101 106 16 95 117 108 86 127 141 133 161 105 119 115 37 151 124 145 63 6 91 77 146 209 127 113 177 33 199 119 52 36 53 160 153 140 138 139 185 45 190 39 29
153 185 147 67 107 119 141 127 136 174 35 202 145 28 177 24 150 140 85 52 129 95 108 115 137 172 133 193 116 154 147 13 176 149 150 102 34 113 116 127 227 123 141 202 71 214 100 65 75 47 169 137 149 151 136 199 84 205 20 46
113 163 102 93 53 197 83 50 92 62 162 122 100 147 126 152 87 35 194 113 47 205 157 72 140 69 172 72 132 36 56 154 100 93 164 61 126 98 44 221 165 178 73 117 97 170 200 120 90 146 163 220 150 136 183 163 81 162 152 122
176 219 167 64 89 177 154 90 154 173 40 217 165 38 200 81 163 106 148 38 125 159 156 124 174 174 181 191 153 146 148 73 190 165 192 77 52 135 96 190 251 175 150 216 44 244 162 100 51 99 207 198 187 184 187 230 58 234 78 77
36 26 47 133 135 87 65 167 57 100 187 72 48 171 39 135 62 164 115 156 106 120 59 85 21 91 47 109 43 113 93 145 64 56 24 147 145 63 137 112 75 62 75 76 157 57 107 96 152 112 15 102 11 12 57 41 151 49 139 120
88 139 76 49 19 151 59 49 63 68 122 117 74 106 108 104 67 48 146 73 20 157 113 33 105 70 132 86 91 41 44 107 90 70 128 33 82 58 19 175 156 135 51 114 62 154 152 71 54 98 133 175 116 106 142 143 47 145 104 74
113 164 101 87 46 193 82 44 91 65 155 124 99 140 127 146 87 29 189 106 44 201 154 69 139 72 170 77 129 37 56 148 102 93 162 54 120 95 38 217 167 174 73 120 90 172 195 115 83 141 162 216 148 136 180 164 74 164 146 116
134 185 122 75 39 199 103 14 110 95 134 153 120 122 151 136 110 3 189 88 61 200 162 82 154 101 181 108 141 65 81 136 129 115 178 37 106 107 32 221 195 183 95 149 70 197 197 114 64 136 181 222 165 154 191 188 55 188 135 108
88 139 76 62 27 161 57 49 64 58 135 111 74 119 106 117 65 44 157 86 15 168 121 38 109 62 138 75 98 30 37 120 85 69 133 41 95 64 23 184 152 143 49 108 73 152 163 83 65 110 135 184 120 108 149 142 58 143 117 87
150 195 140 38 59 165 126 64 126 143 57 189 138 46 173 76 135 79 141 20 95 153 139 96 151 145 163 161 131 116 118 71 161 137 171 47 42 109 66 181 224 159 122 187 14 218 154 81 21 88 184 187 164 160 170 204 28 208 73 61
53 104 42 84 61 144 23 87 32 32 156 75 40 140 69 126 28 80 150 110 23 160 104 27 81 31 115 51 76 26 7 132 48 33 104 75 113 44 59 169 114 122 13 72 101 115 152 84 94 112 103 166 90 76 126 106 88 106 127 97
185 226 177 74 103 177 165 106 163 186 29 228 175 34 209 79 174 122 145 48 138 155 159 135 180 187 184 204 158 160 161 70 201 175 197 92 55 144 110 187 261 177 162 227 57 252 160 105 65 100 213 196 193 191 189 238 72 243 75 81
50 63 54 105 117 61 66 150 55 108 152 100 54 137 67 99 68 151 81 125 97 87 24 72 17 101 29 122 12 112 92 109 83 62 30 126 112 46 121 87 111 37 74 103 130 94 76 63 125 76 47 82 27 34 40 78 126 86 103 86
53 84 51 78 91 75 55 125 45 97 129 105 50 114 76 80 60 127 82 99 75 91 35 50 37 92 53 114 16 94 77 89 82 56 57 100 88 26 96 100 126 56 61 106 103 112 82 38 98 58 70 98 50 50 63 97 99 103 83 62
75 122 64 101 69 172 48 85 58 19 175 78 63 158 84 150 49 73 178 127 35 188 132 53 107 25 142 34 103 12 22 155 57 55 129 82 133 72 64 198 121 150 39 74 115 127 180 110 107 138 124 194 114 99 153 121 100 119 151 120
111 158 101 119 80 207 84 80 95 49 190 106 100 175 118 175 86 65 210 141 61 221 167 85 143 58 178 51 139 38 57 178 90 91 166 90 153 107 72 233 149 186 75 101 126 159 214 139 119 167 161 230 151 136 189 154 110 152 175 145
49 69 50 148 128 157 57 152 61 52 217 8 52 200 34 177 48 143 178 174 90 185 122 87 83 45 118 49 95 80 67 185 21 48 96 143 173 84 126 183 51 132 60 5 168 61 174 132 161 158 80 174 82 67 129 60 156 55 179 152
103 130 100 65 98 72 99 129 91 138 87 155 99 74 126 32 106 137 52 73 103 64 53 81 83 134 78 157 62 127 114 42 131 104 94 101 54 68 106 89 175 70 102 156 85 160 62 25 85 8 114 94 94 98 83 145 90 152 36 32
109 160 97 87 46 191 79 47 87 61 156 120 96 141 123 146 83 33 188 107 41 199 151 66 135 68 166 73 126 33 52 147 98 89 159 55 120 92 38 215 163 172 69 116 91 168 193 113 84 140 158 214 145 132 177 160 75 159 145 115
118 160 110 16 57 126 99 80 97 126 61 163 108 44 142 46 108 92 105 22 80 116 99 70 114 126 124 146 93 104 100 45 135 109 133 54 18 76 65 143 194 119 97 162 31 185 116 42 31 51 147 148 127 124 131 171 38 175 44 22
92 141 81 34 18 143 64 52 67 81 108 126 78 91 113 90 73 55 134 59 32 146 106 35 103 82 126 99 87 56 55 92 98 76 126 28 67 56 24 165 163 128 59 124 49 159 141 59 42 84 133 166 115 107 136 147 37 150 90 59
56 87 54 76 91 74 57 124 48 100 127 108 53 111 79 77 63 127 79 97 77 88 34 51 40 94 54 117 18 96 79 86 85 59 58 99 85 28 96 98 129 55 63 109 101 115 80 36 97 55 73 97 52 52 63 100 98 106 80 59
60 33 70 173 164 138 87 192 84 100 235 45 73 219 38 186 79 185 169 198 128 172 113 116 74 92 99 100 94 125 107 196 60 75 73 178 192 102 164 161 22 114 94 51 196 10 160 144 190 164 51 149 65 58 106 15 187 6 189 167
82 125 73 122 89 186 60 101 70 18 195 71 72 179 85 170 58 88 195 147 56 204 146 72 117 26 153 17 117 32 39 175 57 64 138 102 154 88 83 212 114 163 53 66 135 124 195 129 127 157 130 207 122 107 164 120 120 117 171 140
40 82 35 76 79 94 35 113 26 77 136 90 33 120 64 92 41 113 102 100 58 111 54 33 41 72 68 94 27 75 57 100 65 38 64 90 93 7 83 119 116 73 41 91 100 106 102 47 94 73 72 117 53 47 79 92 93 97 95 69
52 76 52 146 126 162 57 148 62 47 217 13 54 200 39 178 48 138 182 173 87 189 126 86 87 40 123 42 98 76 63 186 22 49 102 140 173 85 123 187 56 136 59 8 166 67 178 133 159 159 86 179 87 72 134 66 153 61 180 152
116 123 118 114 144 29 124 176 114 167 125 167 117 115 134 70 129 183 15 122 141 21 43 116 83 161 57 184 70 163 146 80 148 125 82 149 101 95 152 40 176 43 131 169 134 156 14 69 134 53 104 47 89 100 54 140 139 149 74 81
39 89 28 97 77 139 13 104 24 30 168 59 27 151 52 133 13 97 150 123 40 159 99 37 71 24 107 46 70 39 19 140 32 19 93 92 124 44 76 165 97 116 9 57 116 98 149 89 109 117 89 160 78 64 118 89 104 89 135 105
136 137 139 136 167 32 147 199 137 190 138 186 139 130 153 86 151 206 19 141 164 9 63 140 102 184 71 206 91 186 169 94 169 146 96 171 119 118 175 24 191 55 153 189 155 170 11 92 155 73 118 37 106 118 64 155 161 163 90 102
109 158 98 30 11 154 81 39 84 93 99 142 95 84 130 91 90 47 142 50 46 154 119 52 119 96 141 111 102 66 70 91 115 93 142 12 63 73 19 176 179 141 75 139 36 176 151 68 29 90 150 178 132 124 150 164 22 167 90 62
178 219 170 67 97 171 158 101 156 179 27 221 168 29 202 74 167 117 140 41 131 151 152 128 173 180 178 198 151 153 154 65 194 168 191 86 49 137 104 182 254 171 155 220 51 245 155 98 58 94 206 191 186 184 183 231 66 236 70 75
58 60 64 116 129 53 77 163 67 119 160 106 64 145 72 105 78 164 78 135 109 83 23 84 21 111 17 132 25 124 104 115 90 73 21 139 121 58 134 79 112 28 86 108 141 92 71 72 137 82 42 72 25 37 28 77 138 85 109 95
89 139 77 80 43 172 58 57 67 46 152 103 75 137 103 135 63 47 172 103 22 182 132 47 115 51 147 61 106 16 32 138 79 68 138 56 113 72 37 197 145 152 49 99 90 149 176 99 82 126 138 195 124 111 158 140 74 140 135 104
129 141 129 107 141 49 133 171 124 175 107 181 129 99 149 55 139 180 12 110 144 23 59 120 99 170 77 193 83 167 152 63 160 135 101 144 89 103 149 54 193 63 138 183 125 174 28 67 125 44 123 65 107 116 75 158 132 167 59 73
42 88 34 71 70 105 28 103 22 69 136 88 32 119 66 95 36 102 110 96 47 120 64 22 50 64 79 86 38 64 47 102 62 34 74 82 92 4 73 130 117 84 32 88 95 110 112 50 89 77 80 127 62 53 90 96 87 100 97 69
42 34 52 155 145 132 68 173 66 83 219 33 54 202 19 172 60 167 159 181 109 164 102 97 62 74 92 84 81 106 88 181 42 56 68 159 175 84 145 156 34 107 75 38 178 28 152 128 171 150 48 146 56 45 101 23 168 20 175 151
140 179 132 37 77 132 122 94 119 150 38 186 130 21 164 39 131 108 105 20 103 116 111 94 132 149 137 169 110 127 123 33 158 131 149 70 7 98 85 146 215 130 121 185 38 205 118 57 42 54 165 153 145 144 142 191 51 196 35 33
81 67 89 139 155 39 104 189 93 144 174 124 90 161 91 118 104 191 75 156 136 76 36 111 45 137 11 157 52 151 131 128 113 98 28 164 140 85 160 61 122 19 113 128 163 100 63 93 160 95 49 50 42 58 7 85 162 94 122 115
138 144 140 126 159 42 145 190 136 188 124 189 139 117 156 73 150 198 9 129 159 5 65 135 105 182 77 205 92 182 166 81 170 146 102 162 107 116 167 39 197 62 151 191 144 177 17 84 144 62 125 51 111 122 73 161 150 170 77 92
52 50 59 122 132 61 74 165 64 115 168 98 60 153 64 114 74 165 88 142 109 92 33 85 16 107 22 127 28 122 102 124 84 69 13 142 129 59 136 86 102 36 83 101 146 83 80 79 142 91 32 78 16 29 33 67 143 75 118 103
122 148 119 70 107 80 117 135 110 155 74 174 118 63 145 17 125 145 51 71 117 62 69 97 102 152 93 174 81 142 130 27 150 122 112 108 49 87 116 92 195 83 120 175 86 179 64 40 87 12 132 100 113 117 96 164 94 171 21 36
145 178 140 59 100 116 133 121 128 166 38 195 138 27 169 19 142 133 84 47 121 95 103 107 131 164 128 185 109 146 139 9 168 141 144 95 27 105 109 126 220 119 133 194 65 207 99 58 69 42 163 135 143 145 132 192 78 198 15 38
59 94 54 134 108 169 50 128 58 25 206 36 54 189 54 172 43 117 184 160 70 192 130 75 95 21 132 20 102 55 47 179 27 47 113 122 162 81 105 195 79 144 48 31 151 90 182 128 144 155 101 188 98 82 143 87 138 83 174 144
133 149 132 99 135 61 134 164 125 175 95 185 131 87 154 44 140 173 24 100 141 34 66 119 105 170 86 193 87 165 151 52 163 137 109 137 78 103 144 66 200 73 138 187 116 181 40 63 117 37 131 77 114 122 86 166 124 174 48 65
176 217 167 64 94 170 155 98 154 176 28 218 165 28 199 73 164 114 139 38 128 150 151 125 171 177 176 195 149 150 151 64 191 165 188 83 47 134 101 181 251 169 152 217 47 242 154 96 55 92 204 190 184 182 181 228 63 233 69 72
172 216 163 59 83 177 149 83 149 167 45 212 160 41 196 82 158 99 149 35 119 160 154 119 171 169 180 185 150 140 142 75 185 160 190 70 51 131 89 190 247 174 145 210 38 240 163 98 45 99 204 198 184 180 186 226 52 230 79 76
49 74 48 143 122 158 53 145 58 45 213 15 49 196 36 174 44 136 178 169 84 185 122 82 84 38 120 42 94 73 60 182 17 45 98 136 169 81 120 184 58 133 55 11 162 67 174 129 155 155 84 176 84 69 130 65 150 61 176 148
23 60 23 123 109 133 33 136 34 48 191 33 24 174 21 150 24 129 152 149 72 159 96 63 59 40 96 55 68 69 51 157 10 22 76 123 147 57 108 159 66 108 38 33 144 66 148 105 138 130 65 152 61 45 107 58 134 57 152 125
57 8 69 160 161 100 88 193 81 116 214 75 71 198 48 161 83 189 134 183 130 136 80 111 48 108 62 122 70 134 114 171 76 78 38 173 173 90 163 122 61 77 97 80 185 38 123 123 179 138 16 110 35 39 68 25 178 34 165 147
81 121 74 131 99 188 63 112 73 21 205 63 73 188 81 178 60 99 199 157 65 208 149 79 117 26 154 8 119 42 46 183 53 65 137 113 163 93 94 214 106 164 57 58 145 118 199 136 137 164 127 209 122 106 165 115 130 111 179 148
111 111 114 124 152 13 123 184 113 166 141 160 114 130 127 85 127 190 28 134 144 29 38 119 76 160 45 182 67 164 146 95 143 122 70 157 114 96 158 31 165 30 130 163 146 144 16 77 145 66 93 34 80 92 40 129 149 138 89 93
87 137 75 79 43 170 56 59 65 45 152 102 73 136 101 133 61 49 170 103 20 180 130 45 113 50 144 60 104 15 30 137 78 66 136 56 112 70 37 194 144 150 47 98 89 147 174 97 82 125 136 193 122 109 155 138 74 138 134 103
76 99 75 79 102 58 79 135 69 121 117 128 74 102 98 63 84 140 58 95 94 68 25 69 52 116 50 138 31 115 99 73 106 81 64 109 79 48 108 81 145 46 84 130 103 130 60 32 100 40 83 82 63 68 57 114 103 121 67 54
55 84 54 80 94 71 59 128 49 101 130 108 53 114 77 79 64 131 78 101 80 87 31 54 36 96 50 118 14 99 81 88 85 60 54 103 89 30 100 96 127 52 65 109 105 112 78 39 101 57 69 94 49 50 59 97 102 104 82 63
63 101 57 130 103 172 50 122 59 18 203 44 57 186 61 171 45 110 186 157 66 195 133 73 100 16 136 13 104 48 42 177 33 49 118 117 160 81 99 198 87 148 47 39 147 97 185 127 139 155 107 192 103 87 148 94 133 91 173 142
84 131 74 107 72 182 57 84 68 24 180 83 72 164 92 158 58 71 187 131 42 197 141 62 116 32 152 34 113 17 31 162 64 64 139 85 139 82 66 207 126 160 49 79 119 134 190 118 111 147 133 204 123 109 163 128 103 126 159 128
138 168 133 64 104 102 128 127 122 163 51 188 131 41 161 6 137 139 70 56 121 81 90 104 121 161 115 182 99 146 137 5 163 135 133 101 35 99 112 112 212 106 130 188 74 198 85 51 76 30 152 121 132 135 119 182 85 189 4 35
16 42 25 128 119 119 42 149 39 67 192 40 27 176 9 147 35 143 141 154 85 147 84 71 45 58 80 74 59 85 66 155 28 31 59 133 148 57 120 144 60 93 51 43 151 54 136 103 145 126 46 136 44 29 90 43 142 44 149 125
66 117 55 86 57 157 36 78 46 29 159 81 53 143 80 133 40 70 161 111 20 172 117 36 95 31 129 47 89 12 9 138 57 46 118 71 117 57 53 182 123 136 27 78 101 126 164 93 93 121 116 180 103 90 140 117 87 117 134 103
130 157 126 68 107 89 123 133 116 160 65 181 124 54 153 9 131 144 58 66 120 68 78 101 110 157 103 179 89 145 134 18 156 129 121 106 44 93 116 99 203 93 125 182 82 188 72 45 84 19 141 108 122 125 106 172 91 179 13 36
106 156 94 81 41 185 75 45 83 60 151 119 92 136 120 140 80 32 182 102 36 193 146 61 131 66 161 73 121 31 49 142 96 85 154 51 115 87 33 209 161 166 65 115 86 165 187 108 79 134 155 208 141 128 172 157 70 157 139 109
54 102 44 102 76 155 29 98 40 14 175 61 43 158 63 144 29 89 165 128 38 174 115 45 87 12 123 33 86 27 14 150 37 34 109 91 132 58 73 181 103 132 22 58 119 107 165 101 112 129 103 177 94 79 134 100 105 99 145 115
54 8 66 163 160 114 84 191 79 108 220 62 68 204 39 169 78 186 145 187 127 149 91 110 55 99 75 112 76 128 109 179 67 73 49 173 178 91 161 136 47 90 93 67 187 25 136 129 181 146 27 124 44 41 81 10 179 19 172 153
144 192 133 131 90 235 116 77 126 84 196 140 132 183 153 191 118 61 234 149 85 245 195 110 175 92 208 85 168 68 88 192 125 124 198 96 164 135 82 260 183 215 107 135 131 193 239 160 125 186 194 258 183 169 219 188 116 186 191 161
63 108 54 50 54 109 45 88 41 79 116 108 52 99 87 79 54 90 107 75 43 117 71 20 67 76 90 98 50 66 53 86 81 54 90 64 71 22 59 133 139 92 45 107 73 131 111 36 68 65 99 133 80 73 100 117 66 121 81 51
39 89 28 77 67 119 14 98 14 53 146 78 25 129 61 109 23 95 126 103 37 136 79 18 59 48 91 71 51 50 31 115 50 24 82 80 102 20 69 145 111 98 16 77 99 106 127 64 92 92 84 141 69 57 102 95 89 97 110 81
37 87 25 81 70 122 9 100 12 48 151 73 23 134 57 114 19 96 130 108 37 140 82 21 60 44 93 66 54 48 28 121 45 20 83 83 106 24 70 148 107 100 12 72 103 103 131 69 96 97 83 144 69 57 104 92 92 94 116 86
143 187 133 30 56 157 120 65 119 138 56 183 131 44 166 70 129 80 134 13 90 146 130 89 143 140 155 157 123 112 113 65 155 130 163 45 35 102 63 173 217 151 116 181 9 211 147 73 17 81 176 180 156 152 162 197 25 201 67 53
152 195 144 41 73 154 132 83 130 154 38 195 141 26 176 61 141 98 127 14 105 138 131 101 149 154 157 172 127 128 128 54 167 142 167 63 28 111 81 168 228 151 128 194 27 219 141 75 34 76 182 175 162 159 163 205 43 210 57 52
179 218 171 72 106 162 161 114 159 186 11 225 169 21 203 65 170 130 129 46 138 139 147 132 171 186 172 205 149 161 160 55 197 171 187 96 47 138 114 171 255 164 159 224 60 245 144 96 67 86 204 181 183 183 177 230 76 236 61 72
153 186 147 64 105 122 140 123 136 172 31 202 145 23 177 26 149 137 89 49 127 99 110 114 139 171 135 192 117 152 146 16 176 148 152 99 31 113 113 131 228 126 141 202 67 215 104 66 72 49 171 141 151 153 139 200 81 206 22 45
125 165 117 25 66 124 107 87 104 135 53 170 115 36 149 39 116 99 101 21 89 113 100 78 118 134 125 154 97 113 109 37 143 116 136 61 9 83 74 140 200 120 106 169 35 191 113 44 37 48 151 147 131 129 132 176 45 181 37 21
25 64 23 122 107 135 31 133 34 45 190 33 25 173 24 150 22 126 153 148 69 161 98 62 61 36 98 52 70 66 48 157 8 21 79 121 146 57 106 161 68 110 36 33 143 69 150 105 136 130 68 154 63 48 109 61 132 60 152 124
24 73 14 103 89 129 13 117 17 41 173 51 14 156 38 133 4 111 143 130 53 151 90 43 58 33 94 55 61 54 34 141 24 5 79 103 128 41 89 155 86 105 19 50 125 84 141 89 118 115 74 149 64 49 106 75 114 75 135 107
9 55 12 106 101 104 29 133 21 67 169 61 13 152 32 123 27 129 122 131 70 129 66 51 32 59 69 80 38 78 57 132 40 21 53 114 125 34 103 130 84 80 39 62 129 75 118 79 123 102 51 124 38 24 80 62 121 65 126 101
79 71 86 131 148 35 100 182 89 141 166 125 87 153 91 110 101 184 68 148 131 70 27 106 43 134 6 154 46 146 126 120 112 95 30 157 131 80 153 59 125 12 108 128 155 104 57 84 152 87 52 50 42 57 6 89 154 98 114 106
114 160 103 121 81 210 87 81 97 52 191 108 102 176 121 177 88 65 212 142 63 223 169 87 146 60 180 53 141 40 60 180 92 94 168 91 154 109 73 235 151 188 78 103 127 161 216 141 119 168 163 232 153 138 192 156 111 154 177 146
27 62 27 126 111 137 35 137 38 47 195 29 28 178 22 153 26 130 156 153 73 163 100 66 63 38 99 53 72 69 52 161 7 25 79 125 150 61 110 163 64 112 40 29 147 65 152 109 140 134 68 155 64 49 110 58 136 57 156 128
130 144 130 104 139 54 133 168 124 175 102 183 129 94 151 50 139 177 17 106 142 27 62 119 101 170 81 192 84 166 151 58 161 136 104 140 84 102 147 59 195 67 138 184 121 177 33 65 122 40 126 70 109 118 79 161 128 169 54 69
107 156 96 26 15 150 80 43 82 95 97 142 94 81 129 87 89 51 138 48 46 150 116 51 117 96 137 113 99 68 70 87 114 92 139 16 59 70 23 171 179 138 75 139 35 175 147 64 27 86 147 174 129 121 147 163 21 165 86 58
40 49 47 114 121 71 62 155 51 102 165 88 47 149 54 113 62 154 94 136 97 100 37 74 3 94 34 115 21 109 89 122 72 56 22 132 124 48 125 97 97 46 71 91 139 80 88 74 134 89 34 89 14 20 45 64 134 72 116 98
144 185 135 34 70 144 124 84 122 148 40 187 133 25 168 52 133 98 118 9 100 129 121 94 139 148 146 167 118 123 122 46 160 134 157 62 18 102 78 158 219 141 121 186 27 210 131 65 33 66 172 166 152 150 153 196 42 201 49 42
153 200 142 44 54 177 127 52 128 139 71 188 140 61 175 91 136 68 155 34 92 166 148 97 157 142 172 157 138 111 116 86 161 138 178 41 56 113 60 193 225 169 122 186 20 221 167 91 24 101 190 199 170 165 180 208 26 211 88 73
95 142 85 23 25 136 70 58 71 91 97 133 82 80 118 78 79 64 125 49 43 136 100 40 102 91 122 110 84 67 65 80 105 81 124 31 55 56 33 157 168 122 66 131 42 163 133 50 35 73 133 159 115 108 131 150 32 154 77 47
133 141 135 118 152 43 140 182 130 182 118 185 134 110 152 66 145 190 4 122 153 11 61 129 101 177 76 199 87 175 160 75 165 141 100 155 100 110 160 44 194 61 145 187 136 174 19 77 137 55 123 55 108 119 72 159 143 167 70 84
26 76 16 87 80 112 14 111 4 57 154 70 14 137 49 113 19 108 123 113 49 132 72 30 47 51 81 73 43 60 40 120 44 16 70 93 109 20 82 138 100 89 22 70 110 94 122 68 103 94 71 134 56 44 92 82 101 85 115 87
96 86 102 137 158 20 115 192 104 157 164 141 102 152 108 108 116 195 58 151 143 57 34 118 59 149 22 170 59 160 141 118 128 111 46 166 133 92 164 42 141 13 123 145 160 119 44 89 158 86 68 34 59 74 13 104 161 113 112 109
94 134 86 28 57 107 77 88 74 110 83 140 84 67 118 49 86 96 93 47 67 105 76 51 89 108 100 129 67 92 83 54 113 86 108 60 39 52 65 127 169 97 77 140 52 160 102 20 49 42 122 131 102 99 108 145 52 150 50 19
107 153 96 117 78 203 80 81 90 45 189 102 95 173 114 172 81 65 207 139 57 217 163 81 139 54 174 48 135 34 53 176 86 87 161 89 150 103 71 229 145 182 71 97 124 155 210 135 117 163 156 226 146 132 185 150 109 147 173 142
57 106 46 96 70 155 30 92 40 18 170 68 45 153 68 140 31 83 163 123 32 172 115 41 89 18 124 37 86 22 9 145 43 37 111 84 126 56 67 181 109 132 21 64 113 113 164 98 105 126 107 177 96 81 135 105 99 104 141 110
163 204 155 54 88 156 144 97 142 168 24 208 153 16 187 59 153 112 126 28 120 136 136 114 157 168 162 186 135 143 142 51 180 154 174 78 33 122 96 167 239 155 142 206 42 230 140 82 49 78 190 176 170 169 167 215 58 220 55 59
132 156 129 77 116 82 127 142 120 165 71 184 127 62 155 18 135 153 49 75 127 60 76 107 110 162 99 184 89 151 140 26 159 132 119 115 53 97 124 91 203 88 130 185 91 188 64 50 93 22 140 101 121 126 101 172 100 179 22 44
153 194 145 44 79 149 134 91 132 158 31 198 143 18 177 54 143 106 121 18 110 132 128 104 148 158 154 177 126 133 132 47 170 144 166 70 24 112 87 162 229 147 132 196 34 220 135 73 41 71 181 170 161 159 159 206 50 211 50 50
60 33 70 173 164 138 87 192 84 100 235 45 73 219 38 186 79 185 169 198 128 172 113 116 74 92 99 100 94 125 107 196 60 75 73 178 192 102 164 161 22 114 94 51 196 10 160 144 190 164 51 149 65 58 106 15 187 6 189 167
136 159 134 85 123 79 133 150 125 172 75 189 133 67 159 26 140 160 44 82 134 54 77 114 113 168 100 191 93 158 147 32 165 138 120 123 61 102 132 86 207 88 136 189 99 190 60 57 101 28 141 97 123 129 101 175 108 182 29 52
137 148 138 114 149 52 142 179 132 184 110 189 137 103 157 60 147 187 12 116 152 19 66 129 106 179 83 201 91 175 160 67 168 144 107 151 94 111 157 52 200 68 147 191 131 181 28 75 132 51 129 64 114 123 80 165 139 173 63 80
