200 40
295 282 166 77 182 179 212 382 199 176 365 291 226 60 217 258 191 275 338 227 315 175 342 272 164 145 122 73 215 266 144 363 246 120 343 128 304 172 341 216
18 34 19 35 41 35 50 48 50 36 35 38 40 22 21 27 49 16 38 32 50 30 45 26 39 10 39 31 15 24 34 44 47 14 45 45 25 48 34 41 23 17 24 44 21 24 31 35 29 24 37 35 13 13 40 38 47 12 14 23 39 39 39 10 38 10 22 22 16 29 37 26 47 47 22 10 26 46 17 21 47 19 41 36 33 15 49 47 29 19 13 13 45 23 26 46 20 42 16 24 31 36 11 24 18 46 49 13 38 43 26 45 12 41 40 35 32 34 18 34 48 21 33 14 42 39 41 27 28 21 22 41 10 41 19 27 37 26 29 12 30 41 34 11 10 15 31 31 37 49 49 20 31 49 12 36 46 16 36 49 22 19 30 46 10 47 48 26 15 36 43 44 10 41 31 43 17 34 11 20 42 29 36 13 41 47 44 33 40 19 33 13 46 48 30 34 17 41 19 37
481 289 244 142 305 267 325 475 252 228 477 459 314 120 426 369 216 331 500 444 494 292 417 500 289 145 130 124 415 270 185 413 323 152 471 151 385 260 458 265
72 72 96 115 45 63 40 112 187 193 133 57 96 52 71 70 96 128 41 92 48 104 54 136 34 88 123 84 80 12 143 29 55 109 127 44 147 115 21 108
131 116 139 161 199 250 159 105 11 9 87 209 127 205 117 133 131 64 192 176 225 162 197 52 184 132 162 169 115 199 61 162 225 118 67 180 58 90 190 80
20 51 23 152 113 126 82 117 150 150 129 126 115 121 60 90 24 84 107 140 121 143 120 104 97 18 54 129 84 78 90 69 83 123 81 102 128 110 91 77
116 105 121 164 192 240 152 106 30 20 92 204 126 199 108 128 113 50 186 176 217 164 192 47 177 115 141 167 110 188 42 153 210 120 52 174 64 90 182 70
47 35 64 125 128 169 86 72 86 89 75 140 82 135 41 71 55 21 121 126 149 120 129 39 111 53 96 116 54 117 38 85 140 84 20 110 65 58 114 15
83 53 109 82 114 173 77 24 81 94 27 124 42 120 47 48 101 55 108 91 143 80 112 38 101 96 143 83 33 124 75 84 160 38 56 95 35 8 110 35
117 111 143 110 27 45 62 130 218 228 152 26 109 25 106 91 142 166 31 82 4 99 35 169 37 134 169 79 106 44 183 61 80 122 165 44 173 138 32 144
32 18 64 105 79 117 40 74 133 139 90 92 69 87 19 43 59 74 72 94 97 96 82 82 62 51 99 84 39 65 89 33 95 78 72 64 98 71 62 54
65 76 54 175 168 196 128 122 101 93 121 181 132 176 85 119 48 47 161 175 184 170 171 73 151 53 68 164 103 145 35 122 154 134 44 152 104 107 150 64
40 71 28 169 123 125 96 137 168 167 149 136 134 131 80 108 35 102 117 156 126 160 131 123 108 33 44 145 103 82 105 82 75 142 99 115 148 130 99 96
64 49 79 125 138 184 97 69 69 73 67 150 83 146 52 77 70 10 131 130 161 122 139 23 122 69 109 120 59 132 31 97 157 82 11 120 52 53 126 15
81 52 113 54 67 130 35 38 130 142 61 76 21 72 42 7 107 91 61 50 96 47 63 84 56 100 149 40 22 87 111 47 129 34 91 48 82 46 66 66
64 93 31 199 163 166 132 157 163 157 165 176 159 171 104 137 38 100 157 189 168 191 170 126 147 45 5 179 128 124 96 119 115 166 97 153 156 146 140 106
99 91 126 96 14 60 41 110 197 207 132 24 90 20 85 70 125 146 14 70 25 85 25 148 16 117 155 64 85 36 163 41 79 103 145 25 152 117 13 123
38 33 68 108 69 102 34 85 149 154 103 82 76 77 34 49 65 89 62 93 84 98 74 98 52 57 101 83 50 50 104 23 80 87 87 56 112 83 49 69
105 113 120 152 70 29 83 155 229 234 176 76 138 73 113 114 123 167 70 126 50 141 81 178 68 116 138 120 124 32 180 72 30 152 166 79 190 158 54 149
32 50 27 155 138 162 99 109 117 114 114 151 114 146 61 96 18 51 131 151 152 149 142 76 121 21 56 140 82 112 52 91 122 118 48 123 105 96 118 55
79 104 74 185 120 96 108 166 212 211 182 130 157 126 110 130 81 145 116 166 112 175 129 164 109 78 78 157 131 70 151 93 39 168 142 119 186 162 96 136
121 120 143 131 47 24 76 147 232 240 169 47 127 46 117 107 144 176 50 103 17 120 56 181 53 136 166 99 121 42 192 72 66 140 175 62 188 154 44 155
136 106 168 20 100 171 87 48 138 155 59 103 39 102 95 64 161 127 98 47 131 28 92 108 98 154 203 48 71 137 147 101 181 35 128 87 88 64 111 105
14 23 47 122 93 122 56 88 135 138 102 106 85 101 31 61 42 71 86 112 107 114 97 85 76 34 81 101 54 70 83 47 91 93 69 79 105 82 73 56
108 81 141 29 63 133 49 49 148 162 71 67 27 66 70 35 135 117 59 23 94 19 55 106 59 128 176 15 50 98 138 64 143 37 118 48 97 64 72 93
64 37 96 72 66 123 27 49 130 140 69 77 37 73 27 10 90 83 59 64 93 64 66 80 52 83 132 53 18 76 102 35 115 48 82 48 85 51 59 58
79 89 95 142 68 53 67 137 205 209 157 77 122 73 90 96 97 142 65 119 59 131 78 154 59 90 115 111 103 18 155 54 28 135 140 70 168 138 46 125
99 128 66 234 196 193 167 191 186 177 197 209 194 204 139 173 73 129 191 225 199 226 204 156 181 80 31 214 163 154 120 154 138 200 126 187 186 180 173 138
87 105 93 170 96 66 93 160 219 221 178 105 147 102 108 120 97 153 94 147 84 159 107 169 88 92 104 139 125 47 163 79 10 159 151 99 187 159 74 140
124 103 156 54 35 103 54 90 187 201 112 32 67 33 94 63 152 150 36 25 62 44 25 143 43 144 189 26 81 84 170 66 128 78 150 34 137 103 56 125
103 80 135 47 40 110 35 67 163 176 90 45 45 43 70 38 130 125 36 25 71 36 33 118 37 122 169 16 56 78 145 49 123 57 125 26 114 79 51 100
67 55 79 133 146 189 104 76 67 68 73 158 91 153 59 85 70 2 139 138 168 130 146 25 130 69 107 128 67 137 23 104 161 90 4 128 56 61 133 23
30 2 61 107 93 133 52 68 118 123 81 105 67 100 11 46 54 58 85 101 113 100 95 67 76 48 97 90 36 81 74 48 109 74 56 76 85 61 77 38
137 111 169 28 63 132 70 79 177 192 98 61 58 62 101 66 164 150 63 11 91 22 53 138 68 156 204 22 82 110 170 85 155 65 150 57 126 94 82 125
66 94 59 182 122 107 105 158 198 197 173 134 151 129 101 124 66 131 118 165 118 172 132 152 110 63 63 155 123 74 136 90 52 161 129 119 175 153 98 124
29 53 41 145 98 108 71 117 162 163 132 111 111 106 60 85 43 96 92 130 104 136 105 113 82 36 68 120 83 60 105 57 67 121 93 89 135 112 75 85
21 51 26 151 111 123 80 117 153 153 130 124 114 119 60 90 28 86 105 139 118 142 117 106 95 21 56 128 84 75 92 67 80 123 83 100 130 110 88 78
86 92 105 135 57 45 63 134 207 213 155 66 118 62 92 93 106 147 55 110 46 124 68 156 51 99 127 103 102 10 160 51 36 131 145 62 169 137 37 128
72 92 49 196 179 197 141 145 126 117 146 192 153 187 102 137 47 73 172 192 191 190 183 100 162 55 48 182 123 149 61 133 150 156 70 165 131 131 158 88
103 74 128 86 132 193 97 30 69 84 13 141 53 137 69 67 119 63 126 101 161 87 128 39 120 115 161 95 53 145 81 105 182 43 65 113 18 19 129 50
78 86 68 181 179 209 139 126 93 83 122 192 138 187 95 127 62 48 172 182 197 177 182 72 162 67 80 172 110 158 30 134 169 138 46 163 103 110 162 69
110 112 131 132 48 25 71 143 225 232 165 51 124 49 109 102 132 167 50 105 24 121 58 174 50 125 154 100 115 31 182 64 54 137 166 60 182 149 39 147
92 112 96 178 104 69 101 167 225 227 186 112 155 109 115 128 101 159 102 155 90 167 114 175 96 96 105 147 133 54 168 87 13 167 157 107 194 166 82 146
163 135 196 28 101 170 103 84 175 192 97 99 70 100 124 90 190 162 101 45 129 36 91 145 105 182 231 54 101 147 183 118 192 71 163 94 125 101 119 140
118 94 136 117 163 221 126 62 37 54 43 172 85 169 91 97 127 60 157 133 191 119 159 34 150 125 165 127 81 172 72 132 204 75 63 144 15 50 158 60
48 38 79 98 59 98 24 80 151 158 99 72 68 67 35 41 75 93 52 83 77 88 64 100 42 67 112 72 46 48 110 13 83 80 92 45 111 80 41 72
76 59 107 76 35 93 6 75 161 171 97 48 57 43 52 34 104 112 28 56 61 65 37 112 20 95 140 47 49 51 130 18 95 70 111 18 116 81 29 88
121 94 142 104 155 216 120 52 51 69 30 164 75 161 90 90 133 69 149 122 185 107 151 42 144 130 173 116 76 168 83 128 203 64 72 137 12 43 153 64
98 102 117 136 55 33 68 141 217 223 162 61 123 58 101 99 118 158 54 111 38 125 65 166 52 111 139 104 110 19 172 59 41 136 156 63 177 144 38 138
26 47 22 153 132 155 95 108 122 120 115 145 112 140 58 93 13 56 125 147 145 146 136 80 115 14 54 137 81 105 59 86 115 117 53 118 108 97 112 57
77 105 45 211 180 185 147 166 160 152 171 193 170 188 115 150 50 102 174 203 187 204 186 129 164 58 19 193 139 142 93 136 134 175 99 169 159 154 157 111
76 83 95 134 61 55 59 129 199 204 149 71 114 67 84 88 96 138 58 111 54 123 71 148 52 89 117 103 96 11 151 46 36 127 136 62 162 131 38 120
69 53 100 82 40 92 5 77 159 168 98 53 60 48 47 35 96 108 33 64 63 72 43 109 24 88 133 54 48 47 125 11 90 73 107 25 115 82 29 84
137 145 150 174 90 20 111 184 260 266 205 91 165 90 144 142 153 199 92 147 61 163 99 209 92 147 165 142 154 62 212 102 50 179 198 103 221 188 80 181
78 83 99 127 53 53 54 125 198 204 146 63 109 59 82 84 100 138 50 104 47 116 63 147 44 92 123 96 93 3 152 42 43 122 136 55 159 127 30 119
3 34 31 137 107 130 72 101 136 137 112 120 99 115 44 76 27 70 100 128 119 129 112 88 90 18 66 117 68 79 79 61 93 107 67 94 112 93 86 60
44 71 43 162 110 108 87 136 176 176 150 122 130 117 78 103 48 110 105 147 111 153 118 129 96 43 59 137 101 66 116 72 60 139 107 103 152 130 86 101
76 95 51 199 182 200 145 148 128 118 149 195 156 190 105 140 50 75 175 195 194 193 187 102 165 58 49 185 126 152 63 136 153 159 73 168 133 134 161 91
71 56 84 129 145 191 104 72 62 65 67 157 88 153 59 83 75 8 139 135 169 127 146 19 130 75 113 126 65 139 27 105 164 85 11 127 50 56 134 22
80 76 106 105 33 62 34 107 187 195 129 44 89 40 72 65 105 131 28 81 40 94 42 137 22 97 135 73 78 20 148 27 66 102 130 32 145 112 8 110
65 78 51 178 169 195 130 126 106 98 126 182 136 177 87 121 46 52 162 177 184 173 173 78 152 52 63 167 106 145 40 123 153 137 49 154 109 111 150 68
108 88 139 59 26 96 37 83 178 190 105 30 60 28 79 50 135 137 24 32 57 48 17 132 28 127 172 27 69 70 156 49 115 73 136 18 129 94 42 112
99 68 130 42 85 152 58 21 119 133 42 93 3 90 58 30 123 93 80 51 116 39 80 79 77 117 166 44 34 111 114 71 153 10 94 68 68 35 89 70
137 144 151 171 87 17 110 182 260 266 204 88 163 87 144 141 154 199 89 144 58 160 97 209 90 147 166 139 153 62 212 101 52 177 197 100 220 187 78 180
92 88 118 107 27 53 43 115 198 207 137 37 96 33 84 74 117 144 26 82 27 96 38 148 23 109 145 75 88 23 160 39 66 110 142 34 155 121 11 122
9 25 37 131 108 137 70 90 124 126 101 121 91 116 35 70 30 58 101 123 124 123 112 76 91 24 73 113 59 86 68 62 103 98 56 94 99 81 89 48
128 102 161 27 59 129 62 72 170 185 92 59 50 59 92 57 155 141 58 2 88 18 49 130 62 148 195 13 73 104 162 77 149 59 142 51 119 87 76 117
58 31 91 77 68 122 28 52 129 138 71 80 42 76 22 16 85 79 61 69 94 69 68 79 53 77 126 59 18 74 99 33 112 52 79 50 85 53 60 55
62 38 85 104 120 170 79 49 79 87 51 131 62 127 37 57 76 32 113 109 145 101 119 28 105 73 118 99 38 119 52 81 149 61 32 101 46 35 110 8
142 112 174 13 97 167 88 58 149 166 70 98 46 98 101 69 167 136 95 41 127 23 88 118 96 160 209 44 78 136 156 103 181 44 137 85 99 74 110 114
6 29 38 130 100 126 64 95 135 137 108 113 93 108 38 69 34 70 94 121 114 122 105 87 83 25 73 110 62 74 80 54 91 101 67 87 109 88 80 58
85 116 55 220 176 168 149 182 190 183 190 188 182 183 126 158 63 127 170 208 177 211 183 153 161 68 22 197 150 132 122 135 113 189 124 168 182 171 152 132
81 107 73 191 127 102 114 170 213 212 186 137 162 133 114 135 80 146 123 172 119 181 136 166 115 78 74 163 135 77 151 99 46 173 143 125 189 166 103 138
84 62 116 62 40 104 16 65 155 167 87 50 45 46 53 26 111 111 34 44 69 51 38 108 29 103 150 34 44 65 130 31 109 58 111 21 108 73 41 86
89 120 58 224 181 174 154 185 190 183 193 194 186 189 130 163 66 129 176 213 182 216 189 155 166 72 24 202 154 138 123 141 119 193 126 173 185 175 157 134
65 34 96 74 85 142 47 34 110 120 52 96 33 92 24 20 89 67 79 74 113 68 84 61 72 83 132 64 2 94 87 54 131 39 67 67 65 33 79 42
66 54 96 89 41 87 12 83 163 171 104 54 67 49 49 41 93 109 34 70 61 79 46 112 24 85 128 60 53 41 126 5 83 80 108 28 120 87 26 86
96 76 111 125 157 209 117 67 40 49 54 168 87 164 76 91 102 34 150 137 183 125 155 11 143 101 140 129 74 158 45 121 187 81 37 138 28 51 149 40
115 103 143 89 9 66 51 112 204 215 135 6 91 4 97 75 141 157 16 61 25 78 14 156 26 133 173 58 93 54 175 55 95 104 156 28 157 122 30 133
93 73 125 60 31 99 23 73 166 177 95 40 51 36 64 37 121 122 26 38 62 49 27 118 24 113 158 29 55 64 141 37 109 65 122 14 118 82 38 97
38 57 26 162 144 167 106 115 118 115 119 157 121 152 67 102 19 54 137 157 158 156 148 80 127 24 52 147 89 117 53 98 125 125 51 129 109 102 124 60
61 92 30 196 157 157 127 157 169 163 166 169 158 164 102 135 39 105 151 186 161 188 164 130 141 44 10 175 126 116 102 114 105 165 102 147 159 147 133 108
99 74 120 105 144 201 106 47 52 66 33 154 69 150 71 78 111 48 138 118 172 105 141 21 131 108 151 111 62 152 64 112 184 61 51 125 10 33 139 42
17 48 16 152 121 138 86 113 139 138 123 134 113 129 58 91 13 72 114 143 131 144 126 94 104 5 51 132 82 89 77 75 96 120 70 108 120 104 99 68
16 18 45 124 105 138 66 83 119 122 94 118 84 113 28 63 38 54 98 117 122 117 109 70 88 31 80 107 52 86 67 59 107 90 52 90 93 74 87 42
126 110 135 155 192 244 152 98 10 15 81 203 120 199 111 126 126 59 185 169 218 156 190 46 178 127 158 162 109 192 57 155 219 112 61 173 52 83 184 74
129 112 140 151 191 245 152 95 4 21 76 201 117 197 112 125 131 63 185 166 218 152 189 47 177 132 164 159 108 194 64 156 222 108 66 172 48 81 184 75
70 78 59 175 171 200 131 121 96 88 120 184 133 179 87 120 53 45 164 176 188 171 174 71 154 59 73 166 104 149 30 125 160 133 42 155 102 106 153 64
67 42 99 70 59 116 20 53 137 147 75 70 39 66 33 12 94 90 52 59 85 61 58 88 44 86 134 49 25 70 109 30 111 51 90 40 92 58 52 66
94 67 126 43 57 124 35 48 143 156 70 64 25 62 56 22 120 107 52 34 88 34 52 99 49 113 161 24 38 86 127 50 130 39 107 40 94 59 62 82
100 83 112 137 167 218 127 79 33 39 66 178 99 174 85 102 103 34 161 149 193 137 166 21 153 103 138 141 84 166 40 130 193 93 37 149 39 63 158 47
130 136 145 162 78 9 100 173 251 257 194 79 154 78 135 131 148 191 80 135 49 151 87 200 81 141 162 130 143 53 205 92 50 167 189 91 211 178 68 172
124 125 144 140 56 15 83 154 238 245 177 56 135 55 122 114 145 181 59 112 26 129 65 187 61 138 165 108 127 44 196 77 61 148 179 70 195 161 50 160
22 54 17 156 119 132 87 120 149 148 131 132 119 127 64 95 19 82 113 145 127 148 126 104 103 14 48 135 88 84 87 75 88 127 79 108 129 112 97 77
64 95 34 198 157 155 128 160 173 168 169 169 160 164 105 137 42 109 151 187 160 190 164 134 141 47 13 176 129 115 106 115 102 167 106 148 163 150 133 111
142 112 174 10 94 165 87 60 152 169 73 95 47 95 102 69 168 138 92 38 124 21 85 121 94 161 210 42 79 135 158 102 180 46 139 83 102 76 108 115
109 78 138 55 110 176 81 11 99 115 20 117 28 115 69 51 130 87 105 72 141 57 105 67 101 125 173 67 46 133 107 93 174 15 88 93 48 24 113 67
83 68 94 135 156 203 115 77 51 53 68 168 94 163 71 93 86 16 149 143 180 133 156 17 141 85 121 134 75 151 26 116 176 90 19 138 46 60 145 33
87 61 109 100 133 189 94 41 62 74 33 143 61 139 58 67 100 42 126 111 160 99 131 20 119 97 141 103 50 139 61 100 172 55 45 114 21 25 127 31
138 108 170 16 98 169 86 52 143 160 64 100 42 99 97 66 163 131 96 43 129 25 89 112 96 156 206 46 74 136 151 101 181 39 132 85 93 68 110 109
67 90 39 196 173 187 137 148 138 130 151 186 155 181 101 136 40 81 166 191 183 189 178 108 156 48 34 180 123 140 71 127 139 158 78 160 138 135 152 92
81 55 113 56 57 120 26 48 139 151 70 66 29 63 44 11 108 98 51 46 86 47 54 92 46 100 149 35 29 78 118 40 121 42 98 38 91 56 57 73
31 51 24 156 137 160 99 110 120 117 116 150 115 145 61 96 15 54 130 151 151 150 141 79 120 18 53 140 84 110 55 91 120 120 51 123 108 98 117 57
123 132 137 167 83 21 101 173 248 253 195 86 156 84 132 132 140 186 84 140 57 156 93 197 84 133 152 134 143 50 199 91 38 169 185 94 209 177 70 168
74 100 43 206 178 187 145 160 152 144 164 191 165 186 111 146 47 95 172 200 186 199 184 121 162 55 24 189 134 142 85 134 136 170 92 167 152 148 156 105
31 17 56 118 111 150 70 72 104 108 80 124 77 119 25 60 47 41 104 115 131 112 113 55 94 43 90 105 45 98 56 66 122 81 39 94 77 61 96 26
121 105 131 151 187 239 147 94 13 19 77 198 116 194 106 121 122 54 180 165 213 152 185 41 173 123 155 157 104 187 54 150 214 108 57 168 48 79 179 69
46 29 78 93 65 109 25 70 140 147 89 78 60 73 24 34 73 84 58 81 86 84 68 89 48 65 112 70 36 58 101 21 94 71 83 49 100 70 50 62
55 74 66 150 88 83 72 132 187 189 149 99 122 95 78 95 69 122 83 131 86 139 97 137 75 63 85 121 97 41 132 57 40 133 119 84 156 130 64 108
111 86 131 109 154 213 117 54 45 61 35 164 77 160 83 88 122 57 148 125 183 111 151 30 142 120 162 119 73 164 71 124 197 67 60 135 6 41 150 54
84 52 113 65 97 158 62 14 100 113 33 106 23 102 43 31 105 71 91 72 126 62 93 57 85 100 149 64 21 112 91 71 150 23 72 78 52 16 94 47
107 79 130 91 138 199 103 36 63 79 17 147 59 144 74 73 122 63 132 107 168 93 134 37 127 118 163 101 59 151 80 111 187 49 65 120 12 25 136 52
62 87 62 170 109 95 93 149 195 196 165 120 141 116 93 114 67 129 105 152 105 160 118 147 96 63 72 142 114 61 136 78 42 152 126 106 169 145 85 119
41 9 72 97 90 136 49 57 113 120 71 103 57 98 3 37 65 57 83 93 113 90 92 62 74 58 107 82 25 85 75 48 116 64 56 73 77 51 77 35
93 107 104 161 84 50 87 157 222 226 176 92 142 89 109 116 107 158 83 138 69 150 95 172 78 101 119 130 123 36 169 74 9 155 156 89 187 158 64 143
56 57 81 114 56 78 36 102 172 178 122 69 89 64 56 62 80 112 50 95 64 103 64 121 41 72 110 85 69 26 127 21 61 101 110 49 134 103 33 93
102 71 129 72 120 182 86 16 83 98 8 128 39 125 64 55 120 71 114 87 149 73 115 50 109 116 163 81 45 136 90 96 174 29 73 101 32 12 119 54
46 45 74 110 61 90 33 93 160 166 112 74 81 69 44 54 72 100 55 93 74 100 68 109 45 64 105 83 59 38 115 18 71 93 98 51 123 93 40 81
132 102 164 12 91 162 79 49 143 159 63 94 36 93 91 59 157 127 89 38 122 19 83 110 89 150 200 39 68 129 147 94 174 35 128 79 92 65 103 104
26 26 46 129 118 153 78 83 107 108 90 131 88 126 35 70 37 41 111 126 136 123 121 60 101 33 80 115 56 101 52 73 121 92 38 102 85 72 101 33
43 62 57 143 88 92 66 122 175 177 139 100 113 95 67 86 59 110 82 126 90 133 96 125 73 52 80 116 87 45 120 51 52 124 107 81 145 119 64 96
22 26 53 118 85 114 49 88 140 144 103 98 82 93 31 57 49 77 78 106 99 109 90 90 68 41 87 96 53 62 91 39 86 92 75 71 108 83 65 61
106 119 115 169 90 43 97 168 235 239 188 96 152 93 121 127 119 171 89 145 70 158 100 184 85 114 129 138 135 45 182 85 14 165 169 96 199 169 71 155
137 109 169 14 74 144 74 69 166 182 87 74 50 74 99 64 164 143 73 17 103 11 64 129 76 156 204 25 78 118 164 89 163 55 144 65 115 85 90 119
87 97 103 146 69 46 73 143 213 218 164 77 128 74 98 102 105 151 67 122 56 135 79 162 62 98 122 114 111 21 163 60 25 141 149 73 176 145 48 133
118 107 123 166 195 242 154 108 30 18 94 206 128 202 110 130 114 52 188 178 219 166 194 49 179 116 143 170 112 190 44 155 213 122 54 176 65 92 184 72
76 57 108 71 39 98 6 70 157 167 92 51 52 46 49 29 104 109 32 53 66 61 39 108 25 96 141 43 45 56 127 21 100 65 108 21 111 76 34 84
95 125 63 230 189 182 161 190 191 183 197 201 192 196 136 169 71 131 183 219 190 222 196 158 174 77 28 209 160 145 124 148 127 198 128 180 188 179 165 138
7 25 39 129 103 131 65 91 129 132 103 116 90 111 34 67 33 64 96 120 117 121 107 81 86 26 74 109 59 79 75 56 97 97 62 89 103 83 83 52
95 88 99 160 179 222 138 102 49 42 92 191 120 186 92 117 91 32 172 168 202 158 179 41 163 93 120 159 99 170 20 137 190 116 33 161 67 85 166 56
77 101 76 180 113 89 102 162 211 211 179 123 152 119 107 125 82 144 109 160 104 169 123 162 102 78 83 150 127 63 151 87 33 164 142 112 184 159 89 134
94 90 120 107 26 52 45 116 200 208 138 35 97 31 86 75 119 145 25 81 25 96 37 150 24 111 147 75 89 25 162 40 67 110 144 34 156 122 12 123
115 103 143 90 10 65 51 113 205 216 136 7 91 5 97 76 141 157 17 62 25 79 15 157 26 133 173 59 93 53 175 55 94 104 156 29 158 123 30 133
20 45 19 151 127 148 90 109 128 127 117 140 111 135 56 90 10 61 120 144 139 144 131 84 110 8 53 133 79 98 65 81 108 117 59 113 111 98 106 60
78 81 73 171 174 208 133 115 80 72 110 187 128 182 88 119 66 36 167 174 193 167 176 59 158 70 89 164 102 157 17 129 171 127 34 157 90 99 158 59
106 89 119 137 170 222 131 79 27 35 64 181 100 177 89 105 110 41 164 150 197 137 169 24 156 110 145 142 87 171 46 134 199 93 44 152 36 64 162 52
115 84 145 42 103 171 79 20 112 128 32 109 23 107 74 50 138 98 99 61 135 45 97 79 96 132 181 57 50 131 119 92 173 11 100 87 61 36 109 78
51 79 18 185 153 162 120 143 149 144 150 166 145 161 90 124 24 86 147 177 161 178 160 112 137 31 20 166 114 117 83 109 114 151 83 142 141 131 131 91
156 127 188 21 97 167 96 76 168 185 89 96 62 96 116 82 182 154 96 40 126 29 87 137 100 175 224 48 93 141 175 111 186 63 155 89 118 93 114 131
130 136 146 161 77 8 100 172 251 257 194 78 154 77 135 131 149 191 79 134 48 150 86 200 80 142 163 129 143 53 205 92 51 167 190 90 210 177 68 172
87 89 108 125 47 46 55 127 204 210 148 56 110 52 88 86 109 145 46 101 39 114 58 153 41 101 132 94 97 7 159 45 46 123 143 52 163 131 27 125
86 58 110 91 125 182 87 33 71 83 27 135 52 131 53 59 101 48 118 102 153 90 122 28 112 98 143 94 42 133 68 93 167 47 50 106 26 16 120 33
63 58 91 103 45 78 26 96 171 178 116 58 81 53 55 55 89 114 39 83 57 92 52 120 29 81 121 73 64 28 130 13 69 93 113 37 131 98 23 93
98 67 126 66 112 175 79 9 90 105 15 120 31 117 59 48 118 73 106 80 142 66 107 54 101 113 161 73 39 129 93 89 168 22 75 93 39 11 111 54
58 82 61 164 103 92 86 143 191 192 159 114 134 109 87 107 66 125 98 145 99 154 112 143 90 61 75 136 108 55 133 71 42 145 123 99 164 139 79 114
61 64 59 159 158 191 117 105 88 83 103 170 116 166 72 105 51 29 151 160 176 154 160 56 141 54 80 150 88 139 21 112 154 117 27 141 87 89 141 47
117 93 150 37 48 118 50 71 169 183 92 49 48 48 83 49 145 135 46 11 78 26 38 126 49 137 184 6 66 91 156 64 136 59 135 38 118 84 63 110
22 13 54 113 90 125 51 78 128 132 92 103 75 98 21 52 49 66 83 105 107 105 94 77 73 41 90 94 44 73 80 44 98 83 64 75 96 72 72 48
89 119 57 224 185 181 156 183 184 176 190 197 185 192 130 163 64 124 179 214 187 216 192 151 169 71 21 203 154 142 117 143 126 192 121 176 180 172 161 131
81 111 49 216 176 173 147 176 179 172 183 189 177 184 121 154 56 118 170 206 179 208 183 144 161 62 13 195 145 134 112 134 119 184 115 167 174 165 153 124
25 25 56 115 82 113 46 85 140 145 101 95 79 90 29 54 53 78 75 103 97 106 86 90 65 44 90 92 51 61 92 36 86 89 76 68 107 81 62 61
131 141 143 176 92 26 110 183 257 262 204 95 165 93 141 141 146 195 93 149 65 165 102 206 93 140 156 144 152 60 207 100 42 178 193 104 218 186 80 177
76 85 94 137 64 55 62 132 201 206 152 74 117 70 86 91 96 139 61 114 56 126 74 150 55 89 116 106 99 14 152 49 33 130 137 65 164 133 41 121
135 104 166 22 101 172 86 45 135 152 56 104 38 103 93 63 159 124 98 49 132 30 93 105 98 152 202 49 69 137 144 101 181 33 125 87 85 61 112 102
112 89 145 40 44 115 45 70 167 181 92 47 47 46 79 45 140 132 42 16 75 29 35 124 45 132 179 8 63 86 152 59 131 58 132 34 117 83 59 107
104 75 136 31 68 137 49 41 139 154 63 74 19 72 65 30 130 110 64 31 99 24 61 98 62 123 172 23 43 100 130 64 144 29 110 52 89 55 76 85
70 98 61 187 127 109 110 162 201 200 177 138 156 133 105 129 68 134 122 169 122 177 136 155 114 66 62 159 128 78 138 95 54 166 131 123 179 157 103 127
48 52 50 150 145 178 105 98 94 91 99 158 108 153 61 94 42 29 138 150 163 145 148 56 128 44 76 139 78 127 29 100 142 109 26 129 86 83 128 40
114 86 137 91 142 204 108 39 63 80 17 151 62 148 80 77 129 69 136 109 172 93 138 43 131 125 170 103 65 157 86 116 193 51 72 124 14 31 141 59
50 25 75 105 111 158 70 54 91 98 61 123 62 118 25 51 66 36 104 106 135 100 111 40 95 62 109 96 34 107 56 70 136 64 36 93 59 42 99 13
36 46 60 125 76 95 49 103 161 165 120 89 94 84 49 67 59 98 70 109 85 115 83 110 60 51 89 99 68 44 110 35 65 105 96 67 128 100 54 81
71 101 51 198 144 131 123 168 195 192 180 156 164 151 110 138 60 129 139 182 142 188 153 152 130 60 43 172 134 98 130 108 76 173 126 139 178 160 120 126
81 92 96 146 71 53 71 140 208 212 160 80 126 77 93 100 98 145 69 123 61 135 81 157 63 92 115 115 107 22 157 58 24 139 143 74 172 142 49 128
42 62 55 145 90 93 68 123 175 177 140 102 115 97 68 88 57 109 85 128 92 135 98 125 75 51 78 118 88 48 119 53 52 125 107 83 145 120 66 96
119 120 140 134 50 21 77 149 232 240 171 51 129 50 117 108 141 176 53 107 21 123 59 181 55 134 163 102 122 40 191 72 61 142 174 64 189 155 45 155
40 63 19 169 146 165 110 123 128 124 129 159 128 154 74 108 15 64 139 163 158 162 151 90 129 22 42 152 96 116 62 100 121 133 61 133 119 111 125 69
138 121 147 160 201 255 162 105 6 16 86 212 127 208 122 135 139 71 195 176 228 162 199 57 187 140 170 169 118 204 70 166 231 118 74 182 57 91 194 85
54 72 65 148 87 83 70 130 185 188 148 98 120 94 76 93 68 120 82 129 85 138 96 136 74 62 86 119 95 40 130 55 41 131 118 83 154 128 62 106
73 59 104 82 35 88 8 80 164 173 102 48 62 43 52 39 101 113 28 62 59 71 38 114 19 92 136 52 52 45 130 14 89 76 112 20 120 85 25 89
45 54 67 126 71 86 49 108 170 174 126 84 98 79 56 70 67 107 66 108 77 116 79 119 56 59 95 98 74 35 120 34 57 109 105 64 135 107 48 90
70 88 79 157 89 72 80 144 202 204 162 99 132 95 91 105 83 137 85 136 81 146 98 152 78 77 95 127 109 39 146 65 25 144 134 88 170 142 65 123
101 102 123 125 43 35 62 134 215 222 156 48 115 46 99 92 124 157 43 99 25 114 53 164 42 116 147 93 105 22 173 54 54 129 156 53 173 139 30 137
84 71 93 140 160 206 119 82 51 51 74 172 100 167 74 97 85 17 153 148 184 138 160 22 144 85 119 139 79 154 22 119 178 96 19 142 51 66 148 37
78 47 106 78 106 164 69 23 89 102 32 116 36 112 40 40 98 58 100 85 134 75 103 44 93 92 140 76 24 116 78 76 152 34 59 87 43 12 101 35
160 132 193 29 91 159 97 87 181 198 102 88 71 89 122 87 187 164 91 37 118 33 81 148 96 179 228 47 100 138 185 112 183 73 165 85 131 104 110 141
136 105 167 35 112 182 94 42 125 143 48 116 41 114 95 68 159 119 109 61 143 43 104 98 108 153 202 61 71 146 139 108 189 32 121 98 76 57 121 99
112 85 134 97 145 206 110 43 57 74 22 154 66 151 80 80 126 64 139 114 175 99 141 38 134 123 166 107 66 158 80 118 193 55 67 127 8 33 143 56
72 54 104 74 41 98 3 70 155 165 92 53 53 49 46 29 100 106 34 57 67 64 42 106 26 92 138 47 43 55 125 18 98 66 106 23 110 76 34 82
5 34 33 136 104 126 69 101 138 140 113 117 99 112 43 75 29 72 98 126 116 128 109 90 87 21 67 115 68 76 81 59 90 107 70 91 113 93 83 62
26 23 47 126 115 151 75 80 107 109 88 128 85 123 32 67 39 42 108 123 134 120 118 59 98 35 82 112 53 98 54 70 119 89 40 99 84 69 98 32
120 89 147 68 128 194 98 26 87 104 12 135 46 132 81 68 138 87 123 88 159 72 122 63 119 134 181 84 60 150 105 109 189 33 89 110 38 30 130 71
109 98 114 160 186 233 145 101 34 26 88 197 121 193 101 122 106 42 179 170 210 159 185 41 171 108 136 162 104 181 36 146 203 115 45 167 61 85 175 63
102 73 127 86 131 192 96 30 69 84 13 140 52 137 68 66 118 62 125 101 161 87 127 38 120 114 160 94 52 145 80 104 181 43 65 113 18 18 129 49
84 91 103 135 58 47 62 133 206 212 154 67 117 63 90 92 104 145 56 111 48 124 68 155 51 97 125 103 102 10 159 50 36 130 143 62 168 136 37 127
54 29 78 104 113 162 72 52 88 95 57 125 61 121 28 52 70 35 106 106 137 99 113 37 98 66 112 96 34 110 55 73 140 63 35 95 55 39 102 10
82 113 53 216 169 160 144 179 191 185 189 181 179 177 123 154 62 128 164 203 169 207 177 153 155 66 24 192 147 125 124 130 105 186 125 162 182 170 145 131
76 88 90 147 75 59 71 139 204 208 159 84 125 80 90 99 93 141 72 125 66 136 85 153 65 86 109 116 105 24 152 57 24 138 139 76 169 139 52 124
73 81 92 132 60 57 57 127 196 202 147 71 112 66 81 86 94 135 57 110 55 121 70 145 51 86 116 101 94 11 148 44 38 125 133 61 159 128 37 117
161 133 194 26 99 168 101 83 174 191 95 97 69 98 122 88 187 161 99 43 127 34 89 143 103 180 229 52 99 145 181 116 190 69 162 92 124 99 117 138
87 64 119 56 44 110 22 60 153 164 83 53 39 49 54 24 114 110 38 40 74 46 40 106 34 107 154 29 42 71 130 37 115 53 110 26 105 69 47 85
131 101 163 14 92 163 79 47 141 157 61 95 35 94 90 58 156 125 89 39 123 21 84 108 90 149 198 40 66 129 145 94 173 33 126 79 90 63 103 102
71 43 96 92 115 169 75 36 81 91 39 125 50 121 38 49 88 44 108 98 141 89 113 33 100 84 130 89 31 119 64 80 152 48 45 96 40 21 107 22
75 54 107 69 43 103 9 65 152 162 87 55 47 50 46 24 103 105 37 52 71 59 43 103 30 95 141 42 40 61 124 24 104 60 104 25 106 71 39 81
91 65 113 98 134 191 96 40 61 74 29 144 61 140 61 68 105 46 128 110 162 98 132 22 121 101 146 103 52 142 64 102 175 54 48 115 18 24 129 35
86 85 84 170 179 216 138 113 70 61 106 191 128 187 92 121 76 35 172 175 199 167 180 54 162 80 101 165 103 164 14 135 180 126 34 162 83 96 164 59
88 116 55 222 188 190 157 178 171 162 183 201 182 196 127 161 61 114 182 214 194 215 195 141 172 68 23 203 150 149 105 145 137 187 111 178 171 166 165 123
63 89 31 195 167 176 133 150 148 141 156 180 155 175 100 134 35 88 160 188 175 188 173 114 150 43 21 178 123 131 81 122 127 160 85 155 145 138 145 96
87 74 96 142 163 209 122 83 48 48 74 174 101 170 77 100 87 19 156 150 186 140 162 23 147 88 121 141 81 157 23 122 181 97 22 144 51 67 151 39
110 124 118 175 95 46 103 173 240 243 194 101 158 99 126 132 122 176 95 151 75 164 106 189 91 117 130 144 140 51 186 90 16 171 173 102 205 175 77 160
18 16 47 122 104 138 65 81 118 121 91 117 82 112 26 61 40 54 97 115 122 115 107 69 87 33 82 105 50 86 67 58 108 88 52 88 91 72 86 40
60 41 93 81 53 105 12 66 145 154 87 66 52 61 34 25 88 94 46 67 77 71 55 95 37 80 127 56 35 58 112 17 98 64 93 36 102 69 43 70
64 42 85 110 127 176 86 54 74 80 54 138 68 134 43 64 76 25 120 116 151 107 126 23 111 73 117 106 45 124 46 88 153 67 26 108 45 39 116 7
21 25 52 119 86 115 50 88 140 144 103 99 83 94 31 57 48 76 79 107 100 110 91 89 69 40 86 96 53 63 90 40 86 92 75 72 108 83 66 60
