150 45
177 202 194 215 235 361 77 344 110 179 270 301 274 410 143 303 192 84 385 239 59 130 243 131 192 144 357 430 228 175 251 193 91 151 388 180 63 333 222 248 164 158 172 229 107
10 13 50 12 33 46 18 30 27 16 33 27 19 21 16 20 45 14 31 36 31 46 49 42 23 19 29 35 46 45 22 14 15 39 22 20 39 32 33 47 49 26 37 17 27 39 35 12 14 42 20 36 47 50 46 11 40 11 17 12 23 34 19 48 22 30 18 12 32 31 32 31 15 40 35 30 42 24 10 29 48 15 24 26 38 46 30 23 42 12 36 26 36 30 39 20 11 46 24 21 13 26 13 26 46 26 41 40 31 20 21 17 34 46 28 20 14 29 14 15 19 28 16 21 11 16 48 22 25 42 31 27 42 36 31 32 38 37 50 17 12 46 46 50 30 42 44 44 16 12
288 224 305 427 423 476 101 374 194 254 466 457 402 442 161 374 369 111 403 365 103 150 257 239 319 213 415 455 298 222 434 339 179 172 404 255 119 484 310 485 186 297 340 235 161
82 60 112 122 85 44 94 83 102 106 43 79 97 81 122 88 72 16 90 114 43 83 25 69 51 115 110 87 47 84 83 90 122 48 44 24 57 131 31 70 141 97 66 110 122
36 110 47 82 7 51 87 31 97 93 106 56 91 102 85 108 122 86 84 36 63 46 95 13 94 36 65 80 109 116 33 135 44 100 87 92 89 57 49 53 97 43 119 45 43
100 30 126 100 90 68 65 75 72 78 22 60 68 48 99 54 43 20 61 120 71 68 21 79 84 118 93 60 25 50 74 59 127 81 10 57 90 141 40 94 119 85 38 124 125
73 128 68 57 41 93 83 33 91 82 130 57 86 109 62 113 139 117 81 38 104 44 124 55 136 29 42 78 132 125 34 147 37 141 108 131 131 61 83 94 65 28 138 66 34
62 151 44 89 40 93 113 57 121 113 149 84 116 136 93 141 163 131 111 14 104 72 140 56 135 9 73 107 152 152 59 172 7 142 128 137 127 30 94 85 95 57 160 43 4
58 71 83 91 50 35 74 47 84 84 64 50 78 75 92 82 84 43 70 79 43 50 52 37 70 80 78 66 67 84 47 99 87 72 48 56 69 99 6 57 110 61 80 81 86
59 146 43 86 36 89 109 52 117 110 145 80 112 132 90 137 158 127 107 13 100 67 135 52 131 5 70 103 147 147 54 168 8 138 124 133 124 32 90 83 93 53 156 42 5
93 94 100 27 61 94 41 26 49 41 101 21 44 69 29 72 103 96 40 75 105 16 101 66 134 68 13 37 102 86 24 108 76 137 77 120 133 99 71 107 45 16 103 98 74
49 115 79 145 73 24 132 95 141 142 99 107 136 129 147 136 127 72 127 96 15 103 80 59 27 101 130 124 103 135 96 144 105 36 95 46 18 103 54 26 163 110 122 78 106
63 105 94 148 83 29 129 99 139 140 87 107 133 123 149 130 116 61 125 108 17 106 68 67 14 112 133 122 91 127 100 134 117 21 87 31 13 117 52 41 166 114 111 92 117
94 82 105 33 64 90 31 29 40 34 89 10 34 57 33 61 91 85 29 82 101 13 90 66 128 76 23 25 90 74 26 96 85 130 65 112 128 107 64 105 52 25 91 102 82
151 22 176 120 139 120 77 116 77 87 37 92 77 45 117 45 9 64 75 166 122 103 57 129 128 163 120 77 33 29 114 13 172 123 45 98 137 189 92 146 137 121 14 174 171
140 15 164 104 125 111 61 100 62 71 36 76 61 29 101 30 11 59 59 152 115 88 54 116 125 149 104 61 32 15 98 17 158 121 35 96 132 175 81 137 121 105 15 162 156
67 144 53 78 40 94 103 49 111 103 144 76 106 128 83 132 156 128 101 22 105 63 136 56 137 13 63 98 147 144 51 165 17 143 123 137 130 41 91 90 84 48 154 51 14
87 61 117 127 90 48 99 89 106 110 43 85 102 84 127 91 72 17 94 120 45 89 24 75 49 121 116 92 47 86 89 90 128 45 47 21 57 136 37 73 146 103 66 115 128
133 4 158 110 121 101 68 99 71 79 22 77 69 38 107 41 10 46 65 149 103 88 40 110 112 146 108 66 18 28 98 27 155 107 27 82 120 171 73 127 128 106 6 156 153
87 109 89 33 54 95 57 24 65 56 114 35 60 85 37 89 119 106 56 62 107 25 112 62 137 54 16 53 115 102 24 124 62 141 90 127 134 86 77 104 46 9 118 87 59
48 117 77 146 73 25 133 95 143 143 101 108 137 131 148 138 130 74 129 94 17 104 82 58 29 100 130 125 105 137 96 147 103 38 98 49 19 101 56 24 163 110 124 76 104
87 115 117 171 109 55 149 124 158 161 95 130 153 139 172 145 125 72 145 133 43 129 76 93 12 138 157 142 99 140 125 143 142 9 101 34 21 141 74 64 190 139 119 116 143
31 121 60 136 58 23 129 85 138 137 107 101 133 131 139 138 134 81 124 78 23 95 90 45 46 84 120 121 111 139 86 151 87 55 100 62 36 84 54 7 153 99 129 59 88
90 67 121 136 96 50 108 98 115 120 48 94 111 93 136 99 78 25 103 125 45 98 29 81 43 127 125 101 52 93 97 96 134 38 55 13 52 141 45 74 156 111 72 119 134
40 154 15 111 37 78 127 69 136 130 148 97 131 145 115 151 166 127 124 17 87 85 136 48 116 27 95 120 151 160 71 178 22 124 130 124 107 15 89 64 120 75 163 14 25
53 78 76 86 41 36 73 39 83 82 72 47 77 78 87 84 91 52 69 71 46 44 60 29 75 71 71 65 75 89 39 105 78 78 55 64 74 91 15 55 104 54 87 74 77
89 109 119 168 109 55 145 123 154 157 89 127 149 134 169 140 119 66 141 134 43 127 71 93 13 139 155 138 93 135 123 137 143 6 96 29 25 143 71 66 187 137 113 118 144
128 126 127 19 95 135 62 64 63 53 137 60 62 94 22 95 133 136 64 97 147 58 140 104 176 88 30 63 137 111 63 133 95 179 114 162 174 119 113 145 6 50 134 125 92
100 39 128 117 96 64 83 87 90 95 22 76 86 64 116 71 50 5 79 126 64 82 5 83 71 126 108 77 26 64 86 68 134 67 27 42 78 145 42 90 136 98 45 126 133
103 36 131 117 98 67 82 88 88 94 18 76 85 62 115 68 47 9 78 128 67 83 4 85 74 128 108 77 22 61 87 65 136 70 25 45 81 148 44 93 136 99 42 129 135
117 51 134 57 94 101 15 61 21 27 64 33 17 20 54 23 57 72 12 116 108 46 72 90 130 111 57 13 64 37 59 59 120 129 43 106 133 141 69 122 74 62 58 132 118
69 124 65 58 36 87 81 29 89 81 126 54 84 106 63 110 136 112 79 36 99 41 120 50 131 28 42 76 128 122 30 144 36 136 103 126 125 60 78 89 68 26 134 63 33
84 94 91 36 52 86 47 16 55 48 99 21 50 72 38 76 104 91 45 67 97 10 97 57 127 60 20 41 100 89 15 111 69 129 75 114 125 92 64 98 53 9 103 89 67
90 92 98 30 59 91 40 23 49 41 98 18 44 67 32 71 101 92 39 74 102 12 97 63 131 67 16 35 99 84 21 106 76 133 74 117 129 99 68 104 48 15 100 96 73
90 72 121 140 98 50 112 101 120 124 52 98 115 97 140 103 82 29 108 127 44 101 33 82 40 129 129 105 56 97 101 100 136 34 60 9 49 142 48 73 159 115 76 119 135
118 43 137 65 96 99 23 66 27 35 57 38 24 13 62 19 49 66 20 120 106 51 66 91 126 115 64 21 56 30 64 52 125 124 36 101 130 144 67 121 82 68 50 135 122
110 19 135 99 98 79 61 80 66 73 19 61 63 39 97 45 32 29 57 127 83 71 27 88 95 125 93 56 20 39 78 48 134 91 5 67 101 149 50 105 118 88 28 133 132
104 47 122 62 82 86 26 52 34 38 57 27 29 27 60 34 57 59 22 106 93 39 61 77 115 102 57 20 57 42 50 64 111 114 33 92 118 130 54 107 80 56 56 120 109
97 74 109 38 69 90 25 34 34 30 82 7 28 49 37 53 82 79 22 89 99 18 83 69 126 83 31 18 82 65 32 88 92 127 58 108 126 113 62 106 57 33 82 107 89
158 30 182 117 143 128 74 117 72 82 48 92 73 42 113 40 18 74 73 170 131 104 67 134 139 166 118 75 44 25 115 2 175 134 52 109 147 193 99 154 133 121 24 179 173
115 77 126 31 86 107 13 50 19 12 89 25 15 45 28 46 83 91 14 103 117 34 94 87 142 97 33 13 88 62 48 84 106 143 65 122 143 128 78 125 49 45 84 124 103
92 85 101 33 61 89 35 25 44 37 92 12 39 61 34 65 95 87 33 78 100 10 92 64 128 72 21 30 93 78 23 100 81 130 68 113 127 103 64 103 51 21 94 99 78
101 29 127 100 91 69 65 75 71 77 22 60 67 47 99 53 42 21 61 120 72 68 22 79 85 119 93 59 25 49 74 58 127 82 9 58 91 141 41 95 119 85 37 124 126
24 108 55 115 40 16 109 64 119 117 97 80 113 113 118 120 121 71 104 64 26 74 81 26 57 69 99 100 100 123 65 136 74 64 85 63 51 76 38 19 132 78 116 53 74
66 135 57 69 36 90 93 39 102 94 135 66 97 118 74 122 146 120 92 26 101 53 128 51 133 17 54 88 138 134 41 155 25 139 113 131 127 49 84 88 77 38 144 55 22
69 114 99 159 92 39 141 110 150 152 96 119 145 134 160 141 126 70 136 115 28 117 77 77 8 121 144 133 100 137 111 143 125 17 98 36 4 123 64 46 177 125 120 98 125
103 27 128 97 92 72 61 74 67 73 23 57 63 43 95 49 40 26 57 120 76 66 26 81 90 119 90 56 25 45 73 55 127 87 5 62 95 142 43 98 116 83 35 126 126
70 60 94 84 58 47 62 46 72 73 55 42 66 62 84 69 73 39 58 87 55 44 46 47 79 86 72 55 58 72 45 87 94 80 37 61 80 108 16 70 103 59 69 92 93
35 113 65 133 58 15 123 82 132 132 99 96 126 123 135 130 126 72 118 81 15 91 81 44 41 86 117 115 103 131 83 142 90 49 92 54 33 89 47 14 150 96 121 64 91
120 52 137 56 96 104 13 63 18 25 67 35 14 20 53 22 58 74 11 118 112 48 75 93 133 113 57 13 66 37 61 59 122 132 45 109 136 143 72 125 73 63 59 134 119
42 148 22 102 31 77 119 60 128 122 143 89 123 138 106 144 160 123 116 9 87 76 132 44 117 18 86 112 146 153 63 172 16 124 125 123 108 20 85 66 111 66 157 21 18
126 11 152 114 116 93 74 98 77 85 10 78 75 46 112 50 20 36 71 145 94 88 29 105 101 143 110 71 7 39 96 38 152 96 23 71 109 167 66 119 133 106 14 150 150
14 118 37 105 22 37 106 54 116 113 110 76 110 117 108 123 131 87 103 43 47 67 96 14 78 48 88 99 113 129 55 145 53 85 95 83 71 56 50 31 120 66 127 35 53
37 132 31 91 16 66 105 46 114 108 128 74 108 123 95 128 145 108 102 14 77 62 117 30 108 18 74 98 131 137 48 156 23 115 109 111 101 35 70 60 102 53 142 29 23
68 78 98 127 76 28 104 83 113 115 62 85 108 96 127 103 90 35 100 104 24 86 43 60 36 107 114 97 66 100 83 108 113 36 60 21 40 119 30 52 145 97 85 97 113
108 69 121 38 81 98 13 46 23 20 80 18 17 40 36 43 77 81 11 100 108 30 84 80 133 94 37 7 80 57 43 80 103 133 56 112 134 125 69 116 57 43 77 119 101
104 121 102 25 70 114 62 43 67 57 128 48 64 93 30 95 129 122 62 73 125 41 127 80 156 64 16 60 129 110 42 133 71 159 104 144 153 95 95 121 30 28 129 100 68
28 101 57 105 34 20 98 54 108 107 91 70 102 104 107 111 114 67 94 61 32 64 76 18 64 64 89 90 95 114 55 129 70 69 78 64 58 76 31 29 122 68 110 55 70
37 112 46 81 5 54 88 31 98 93 108 57 92 104 85 110 125 89 85 34 65 46 98 16 97 34 64 81 111 118 33 137 41 103 89 95 91 55 51 55 95 42 122 44 40
129 2 154 105 116 98 63 94 66 75 22 72 64 34 103 38 13 45 61 144 101 83 40 106 111 141 102 61 19 26 93 29 150 107 23 82 118 167 69 124 123 101 11 152 149
75 121 73 50 42 90 74 26 82 74 123 49 77 100 55 104 131 111 73 44 102 36 118 54 134 36 34 69 125 117 27 139 44 138 100 127 129 68 78 94 60 19 130 71 41
94 44 115 72 76 73 40 52 48 52 48 32 43 36 71 43 55 46 36 103 80 42 49 68 101 99 65 33 49 48 50 66 108 100 24 78 104 126 41 96 91 59 53 113 107
92 58 109 56 68 77 31 39 41 41 64 16 35 41 56 47 69 61 27 93 86 27 65 64 110 88 49 23 65 56 37 77 98 111 40 91 112 117 47 97 76 44 67 107 96
88 134 81 50 56 107 83 42 89 80 138 61 85 111 55 115 144 127 82 50 118 49 134 69 150 41 38 79 140 128 43 150 47 155 115 144 145 71 95 109 54 32 143 79 44
38 120 41 83 5 59 93 35 102 97 116 62 97 110 87 116 132 97 90 26 71 51 105 21 103 26 66 86 119 124 37 144 34 109 97 102 96 48 59 58 96 44 129 39 33
87 110 88 34 53 96 59 24 66 57 115 36 62 86 38 90 120 107 58 61 107 26 113 62 138 53 17 54 117 103 24 126 61 141 91 127 134 85 77 103 46 10 119 86 58
146 21 169 106 130 117 62 105 62 72 41 79 62 30 102 30 13 65 61 157 121 91 59 122 131 153 106 63 38 14 103 11 162 127 40 101 138 180 87 143 122 109 19 167 161
140 43 159 78 119 119 35 87 32 43 62 59 34 11 74 4 43 78 35 142 125 72 76 114 142 137 81 38 59 17 85 38 146 139 48 115 147 166 87 142 93 88 46 157 144
73 129 67 58 40 92 84 33 91 83 130 57 87 109 63 114 140 117 82 37 104 45 124 54 136 28 43 78 132 126 35 147 36 141 108 131 130 60 83 93 66 28 138 65 33
67 145 53 78 41 95 104 50 112 104 145 76 107 128 83 133 157 129 102 22 106 64 137 57 138 13 63 98 147 144 52 166 17 144 124 138 131 41 92 91 84 48 155 52 14
10 124 41 122 39 31 120 70 130 127 113 90 124 127 125 134 137 88 116 57 38 83 97 29 66 63 105 112 117 138 71 152 66 74 101 77 57 64 54 15 137 83 132 39 67
121 28 149 126 116 85 88 103 92 100 9 87 89 62 124 67 36 26 84 146 84 96 17 103 87 145 120 84 11 56 102 54 153 81 32 56 96 166 63 111 145 113 30 147 152
134 118 136 16 101 137 52 68 52 42 130 57 52 84 15 84 123 131 55 107 148 58 135 108 176 98 32 55 130 100 66 122 105 178 107 160 175 130 112 149 9 54 125 134 102
121 32 149 129 117 84 91 105 96 103 12 90 93 66 127 71 39 25 87 146 83 98 16 103 84 146 122 87 14 60 104 57 154 78 34 54 93 166 63 110 148 115 33 147 153
136 16 163 124 127 102 82 109 85 93 17 89 83 52 121 56 17 44 79 156 102 99 36 116 107 154 120 80 13 42 108 34 163 101 35 76 116 178 76 128 142 117 12 161 162
70 72 101 123 76 31 99 80 108 110 56 81 103 90 123 97 84 29 95 105 30 82 38 60 42 107 110 92 60 94 80 102 114 41 54 23 46 121 27 57 142 94 79 99 113
154 30 177 108 138 126 65 111 63 74 50 85 64 34 105 32 21 74 64 164 130 97 68 130 140 160 110 66 46 17 109 7 169 135 49 110 147 188 96 151 124 114 27 175 167
59 126 54 68 27 80 88 31 96 89 126 59 91 110 72 115 138 110 85 27 92 46 118 42 124 19 51 82 128 126 33 147 28 129 104 121 118 51 74 80 78 33 136 53 26
24 105 52 105 31 24 100 53 110 108 95 71 104 107 107 114 118 72 96 57 35 65 81 15 66 61 89 92 99 118 55 133 66 73 82 68 61 71 35 28 121 68 114 50 66
77 89 86 44 46 77 48 10 58 52 93 18 52 70 47 75 100 83 46 65 88 6 89 49 117 59 29 42 94 86 8 108 68 120 69 105 116 90 55 89 62 14 98 84 66
105 52 135 135 107 66 102 102 108 114 32 93 104 82 134 88 62 18 98 137 63 99 16 92 61 138 126 96 36 79 102 80 145 55 45 31 71 154 53 91 154 115 55 133 144
88 57 118 124 90 50 95 88 103 107 39 82 98 80 124 87 68 13 91 120 48 86 20 75 53 121 114 88 43 81 87 86 128 49 43 25 60 137 36 75 144 101 63 116 127
99 61 115 50 74 86 22 42 32 32 69 14 26 38 48 43 70 68 18 97 95 27 72 71 119 91 44 14 69 54 40 76 101 120 45 99 121 121 56 105 69 44 69 113 98
79 71 110 131 86 39 105 90 113 116 53 88 108 93 131 99 83 27 100 115 35 91 34 70 39 117 119 98 57 95 89 100 124 36 56 14 46 130 36 64 150 103 77 108 123
126 72 138 40 98 116 8 63 6 5 86 36 5 37 36 37 77 93 12 116 124 47 94 98 148 110 45 15 85 53 60 76 119 148 65 126 150 141 85 134 55 58 78 136 116
139 11 165 117 128 107 75 107 76 86 24 85 75 44 114 46 7 50 72 156 109 96 43 117 115 154 115 73 20 32 105 24 163 110 34 85 123 178 79 133 135 114 2 163 161
64 66 91 98 59 34 77 57 87 88 56 57 81 74 99 81 79 34 73 89 40 58 42 45 64 89 86 70 59 82 56 94 97 64 43 47 65 108 4 59 117 70 74 89 96
140 18 166 125 131 105 83 112 86 95 21 91 84 53 123 56 16 47 81 160 106 102 39 119 110 158 122 81 17 42 110 32 166 104 38 80 119 181 80 132 143 120 12 164 165
74 78 88 54 48 68 47 18 56 53 80 16 50 63 55 68 89 70 43 71 78 12 76 46 107 67 40 39 82 78 16 98 76 109 57 92 106 95 43 83 72 27 87 86 74
37 92 65 102 38 20 92 52 102 101 83 65 96 96 104 103 105 59 88 67 31 60 68 22 62 69 86 84 86 106 52 120 75 67 69 59 59 83 23 36 119 66 101 63 75
54 104 62 65 22 64 72 14 82 76 103 42 76 91 68 97 116 88 69 43 75 30 95 29 107 39 47 65 105 106 16 126 48 111 82 100 103 67 52 70 79 26 114 60 46
94 37 118 87 80 67 54 62 61 66 36 46 57 42 85 49 50 31 49 109 72 54 35 70 90 107 79 48 37 49 60 63 115 88 14 65 94 131 35 91 106 71 46 116 114
111 118 111 16 78 119 57 48 61 51 127 48 58 89 21 90 126 123 58 82 130 43 128 87 160 73 15 56 127 106 47 128 80 163 103 147 158 104 98 128 22 33 126 109 77
98 36 121 79 82 74 45 60 52 57 40 40 47 34 78 41 48 40 40 109 80 50 43 73 99 107 72 39 41 43 58 60 115 98 16 75 103 132 42 98 98 67 46 119 114
59 141 47 80 33 87 103 47 111 104 140 74 106 126 85 131 153 123 101 16 98 62 131 49 130 6 65 97 142 142 49 162 14 136 119 130 123 37 86 82 88 48 151 45 11
134 17 161 124 126 99 83 108 86 94 14 88 84 54 121 57 20 41 80 155 100 99 33 114 104 153 120 80 11 44 107 37 162 98 34 73 113 176 74 125 142 116 14 159 160
148 134 147 33 115 153 68 83 66 57 147 75 67 99 32 98 138 148 71 118 164 74 152 123 193 108 48 72 146 114 82 136 115 195 124 177 192 139 129 164 15 69 140 146 112
71 62 93 78 55 51 58 41 67 68 58 36 62 60 79 66 74 44 53 84 59 38 51 46 84 82 66 50 61 71 40 87 91 85 38 67 85 106 20 72 97 53 71 91 89
105 36 126 74 87 83 36 61 43 49 44 38 39 25 72 32 46 49 32 113 89 49 50 80 109 109 69 31 45 36 59 55 119 107 21 84 112 137 51 106 92 67 45 124 117
35 97 65 111 44 11 101 61 110 110 85 74 105 103 113 110 110 60 96 71 22 69 69 28 54 74 96 93 89 112 62 125 80 59 74 54 50 85 28 28 128 76 105 63 80
117 126 115 21 84 127 64 55 67 56 135 56 65 96 26 97 134 131 65 85 138 51 136 93 168 76 23 63 136 113 54 135 83 171 111 156 165 107 106 135 18 40 134 113 80
89 108 119 168 109 54 145 122 153 156 88 126 148 133 168 139 118 65 140 134 43 126 70 93 13 138 154 137 92 134 122 136 143 5 95 28 25 143 71 66 186 137 112 118 143
43 155 18 110 38 81 128 69 137 130 150 97 131 146 115 152 168 129 125 16 90 85 138 50 119 25 94 121 153 161 71 180 20 127 132 127 110 13 91 67 119 74 165 17 23
76 79 90 51 49 71 45 17 55 51 82 14 49 62 52 68 90 72 41 71 81 9 78 48 110 66 37 37 83 78 15 99 76 112 58 95 109 95 46 86 69 25 88 87 74
122 110 125 4 89 125 45 56 47 36 121 46 46 77 5 78 116 120 47 97 136 46 124 96 164 89 21 46 121 94 54 116 97 166 97 148 163 121 100 137 16 42 117 123 94
83 115 113 169 105 52 148 122 157 159 96 128 152 138 170 145 126 72 144 129 40 127 77 90 9 134 155 141 100 140 122 144 139 10 101 35 17 137 72 60 187 137 120 112 139
64 82 79 62 38 60 56 16 66 63 82 26 60 71 63 77 94 69 53 64 70 20 76 36 100 60 47 49 84 85 16 105 69 103 60 88 98 87 38 74 79 30 92 77 67
141 133 140 28 108 148 68 77 67 57 145 71 67 99 29 99 139 145 70 110 159 69 149 116 188 101 42 70 145 115 76 137 107 190 122 173 186 131 125 158 9 62 140 138 104
147 21 170 108 132 118 64 106 64 74 41 81 64 32 104 32 12 65 63 159 121 93 59 123 131 155 108 65 37 16 104 10 164 126 41 101 138 182 88 143 124 110 18 168 162
152 25 176 113 137 122 70 112 69 79 43 87 69 38 110 37 13 68 68 164 125 99 62 128 134 161 114 70 39 21 110 5 170 129 46 104 142 187 93 148 129 116 19 174 168
76 131 69 57 44 96 84 36 92 83 133 59 87 110 62 115 141 120 83 39 107 47 127 58 139 30 42 79 135 127 37 149 37 144 110 134 134 61 86 97 64 29 140 68 34
110 83 120 24 80 106 21 44 28 19 94 23 24 53 22 55 90 94 22 96 115 29 98 83 142 89 25 20 94 70 42 92 98 143 70 124 142 121 78 121 43 37 91 118 95
85 45 110 89 73 58 59 58 68 71 40 47 63 51 88 58 58 29 55 102 63 53 34 62 82 101 79 52 42 58 57 72 109 81 21 59 86 124 26 82 108 69 54 108 108
69 143 56 74 41 95 100 47 108 100 143 73 103 125 79 130 154 127 98 25 107 60 135 57 138 16 59 95 145 141 49 163 21 144 121 137 132 45 91 92 80 45 152 55 18
128 74 140 39 100 118 11 64 7 3 89 38 8 39 34 39 79 95 15 117 127 48 97 100 151 110 45 18 88 55 62 77 119 151 67 129 153 142 88 136 53 59 81 138 117
17 112 44 107 27 29 105 55 115 112 103 75 109 113 110 120 125 79 101 51 39 68 89 15 71 56 90 97 107 124 57 140 60 77 89 75 64 64 43 27 123 69 121 43 61
42 87 69 97 39 24 86 48 96 95 78 59 90 90 99 97 100 55 82 69 35 55 64 24 65 70 82 78 81 100 49 115 77 69 64 59 62 86 18 42 115 63 96 67 77
114 26 136 82 96 89 42 71 47 54 38 48 43 21 79 28 36 48 38 123 94 59 47 89 111 120 78 38 37 28 69 45 129 108 17 84 115 146 57 113 100 77 35 133 127
87 43 112 90 75 59 60 60 68 72 38 48 63 50 89 57 56 27 55 104 64 55 32 64 82 103 81 53 40 57 59 70 111 81 19 59 86 126 28 84 109 71 52 110 110
18 132 44 134 51 35 132 83 142 140 120 103 136 138 137 145 145 94 128 65 39 95 103 42 63 73 118 124 124 148 84 161 74 71 110 78 52 69 63 10 149 96 141 43 76
84 79 115 143 95 45 116 101 125 128 60 100 120 103 143 110 90 36 112 123 38 102 41 79 31 126 130 109 64 104 101 108 132 26 66 2 40 137 47 66 162 115 84 114 132
68 75 98 123 74 28 100 79 109 111 59 81 103 92 123 98 87 32 95 103 27 82 40 58 41 105 110 92 63 96 79 104 112 41 56 24 45 118 26 54 141 93 81 96 111
131 102 136 16 99 129 37 63 36 26 116 47 36 68 11 68 108 118 40 109 140 51 121 104 167 101 31 40 115 84 62 106 109 168 93 149 167 133 103 144 25 52 109 134 106
95 68 126 142 102 55 112 104 119 124 48 99 115 95 141 102 78 27 107 131 50 103 30 87 44 133 131 105 52 95 103 96 140 38 58 14 54 147 51 79 161 117 72 124 140
106 120 105 22 73 116 61 45 66 55 128 48 63 92 27 94 129 123 61 76 127 42 128 83 158 67 16 59 129 109 44 132 74 161 104 146 155 98 96 124 27 30 129 103 71
78 53 106 105 75 45 78 69 87 90 41 63 82 68 105 75 66 18 74 104 48 67 27 61 64 105 94 71 45 73 68 83 112 62 33 40 68 123 20 71 125 81 61 104 111
24 111 55 121 44 16 114 69 124 122 99 86 118 118 123 124 124 74 110 67 24 80 83 30 54 72 104 106 103 127 70 140 76 61 89 62 47 78 42 14 137 83 120 54 77
121 38 140 70 100 100 27 70 31 39 53 43 28 9 67 16 44 64 25 124 106 56 63 94 125 120 69 26 52 25 68 47 129 123 33 100 129 148 68 123 87 72 45 138 127
73 58 101 103 69 40 78 64 87 89 47 61 81 70 103 77 71 24 74 99 44 64 33 55 63 99 91 71 50 76 64 87 107 62 37 42 66 118 14 66 122 77 66 99 106
62 77 81 70 41 52 59 25 69 67 75 31 63 69 71 75 89 60 55 69 63 28 67 35 91 66 55 51 77 82 25 100 75 94 54 78 90 91 29 69 88 39 86 79 73
73 64 93 70 54 57 51 34 61 61 63 28 55 57 70 64 76 52 47 81 66 30 58 47 92 79 58 43 65 70 33 88 87 93 42 75 93 104 28 77 89 45 73 91 86
126 38 145 72 105 105 29 75 31 40 54 48 29 4 69 10 42 67 27 129 111 60 66 100 129 125 73 29 53 21 73 44 134 127 36 103 134 153 73 128 89 77 44 143 132
136 92 144 29 105 130 27 69 24 15 106 47 25 56 24 55 96 112 31 119 140 54 114 108 165 111 42 33 106 71 67 93 120 165 85 145 166 143 101 146 39 60 98 142 117
22 136 18 107 23 58 116 59 126 121 130 85 120 131 110 137 149 108 113 25 68 74 117 30 98 33 89 109 133 145 61 162 34 105 113 105 89 34 70 46 119 68 146 16 35
134 105 139 18 102 133 40 67 38 28 118 51 39 70 13 70 110 121 43 112 143 54 124 107 170 104 34 43 118 86 65 108 112 172 96 152 170 136 106 147 23 55 112 137 109
49 168 18 124 51 88 141 83 151 144 162 111 145 160 128 166 180 139 139 29 97 99 149 61 124 38 108 135 165 174 85 193 31 132 144 135 114 9 102 71 132 88 177 19 34
36 130 32 90 13 65 103 44 112 106 126 72 107 121 94 126 143 106 100 16 76 60 115 28 107 20 73 96 129 135 46 154 25 113 107 109 99 37 68 59 102 52 139 30 25
51 114 81 146 75 25 133 96 142 142 98 108 136 129 148 136 127 71 128 98 16 105 79 60 25 103 131 125 102 135 97 144 107 34 95 45 16 105 55 28 164 111 121 80 108
81 57 110 116 81 44 88 79 97 100 41 74 92 76 116 83 69 14 84 111 44 77 23 67 55 112 105 82 45 79 78 86 119 53 39 30 61 129 27 70 135 92 64 109 119
121 107 124 2 88 123 43 54 45 35 119 44 44 75 4 76 114 118 45 97 134 44 122 94 162 88 19 44 119 92 52 115 96 164 95 146 161 120 98 135 18 41 115 122 93
94 100 99 24 62 98 45 28 52 44 107 27 48 74 27 78 109 101 45 73 109 21 107 68 139 65 8 42 108 91 26 114 74 141 83 125 137 97 76 109 41 15 109 97 71
98 46 127 123 97 60 90 90 97 102 27 81 93 72 122 78 57 5 86 126 59 87 8 82 64 127 113 84 32 72 89 75 134 59 35 34 72 145 42 86 142 102 51 125 134
45 145 28 96 29 78 114 56 123 116 141 84 118 134 101 139 157 121 111 3 88 72 130 43 119 12 80 107 144 149 58 168 12 126 122 123 111 24 83 69 105 60 154 27 13
124 11 150 112 114 91 72 96 76 84 10 76 74 45 110 50 21 35 69 143 92 86 28 103 100 141 108 69 7 39 94 39 150 95 21 70 108 164 64 117 131 104 16 148 148
66 65 95 104 64 34 82 63 91 93 53 62 85 76 105 83 78 29 77 94 38 64 38 50 59 95 92 74 57 83 63 94 102 59 43 41 61 112 10 59 123 77 73 93 101
56 77 86 110 59 21 92 65 101 102 64 69 95 88 111 95 90 39 87 88 26 69 48 44 50 90 97 84 68 95 65 106 97 52 56 39 51 105 14 47 129 79 85 84 97
52 97 64 67 23 57 70 15 80 75 96 39 74 86 70 92 109 80 67 48 69 29 87 25 100 45 51 63 98 101 17 120 54 104 75 93 96 72 44 66 83 29 107 62 52
71 119 69 53 37 86 75 24 83 75 121 48 78 100 57 104 130 108 73 42 98 35 115 50 129 34 36 69 123 116 25 138 42 134 98 123 125 66 74 90 64 19 128 67 39
98 129 93 38 64 112 74 43 79 70 135 56 76 103 43 106 138 127 73 63 124 46 133 76 155 53 27 71 136 121 43 143 60 159 111 146 151 84 97 117 41 30 138 91 57
100 41 129 120 97 63 86 89 93 98 23 78 89 67 119 73 52 5 82 127 63 85 4 84 69 127 111 80 27 66 88 70 135 64 30 39 77 146 43 89 139 101 46 127 134
46 84 70 89 36 32 79 40 88 87 77 51 82 84 90 91 97 57 74 66 43 47 65 23 73 66 74 70 81 95 40 111 74 77 61 65 71 85 19 49 106 55 93 68 73
85 59 115 124 88 47 95 86 103 107 41 81 98 81 123 88 71 15 91 117 45 85 22 73 51 118 113 88 46 83 86 88 126 48 44 24 58 134 34 72 143 99 65 113 125
45 86 69 89 35 32 79 40 89 88 79 52 83 85 91 92 99 58 75 65 43 47 67 21 73 65 74 71 82 97 40 113 73 77 62 66 71 84 20 48 107 55 95 66 72
