200 80
123 210 344 319 250 198 270 170 207 114 275 407 51 109 328 164 100 405 193 100 247 394 318 168 250 114 247 98 277 411 201 193 81 293 74 277 289 356 97 222 60 303 333 211 217 265 161 421 205 204 104 182 163 479 181 374 275 210 139 310 253 238 138 217 418 131 296 124 197 265 445 259 261 383 59 178 135 181 217 98
29 21 32 21 16 35 14 50 46 38 13 33 30 11 50 25 48 31 30 48 39 41 39 46 25 23 45 41 37 27 26 36 31 30 39 23 50 28 11 23 45 38 11 46 26 13 40 16 25 40 47 50 46 37 47 42 27 44 31 28 30 25 17 14 43 12 24 23 34 12 25 14 24 49 21 48 48 12 25 38 50 37 19 26 28 28 42 47 44 29 42 37 37 11 28 41 42 18 29 36 28 11 39 14 34 27 50 48 34 48 35 18 41 19 26 41 29 16 12 12 36 44 22 28 44 49 12 32 14 43 32 15 40 37 46 41 44 42 46 33 28 15 11 20 18 36 10 32 48 35 32 13 11 12 44 17 47 48 29 45 48 16 43 21 42 24 24 35 23 33 35 12 11 14 36 39 49 35 46 24 40 41 39 20 21 20 34 40 24 11 46 14 18 50 45 45 19 25 10 29
240 216 444 488 276 323 290 321 291 194 418 425 102 175 436 280 110 482 282 101 256 400 477 271 445 134 401 160 278 492 227 282 111 361 141 348 385 446 132 406 104 367 357 413 241 440 174 481 219 363 138 331 275 491 203 469 423 218 177 377 318 301 183 418 461 240 335 143 204 365 495 354 390 423 112 180 210 218 296 123
159 54 89 81 105 125 108 90 46 91 147 171 80 180 194 46 54 64 76 162 194 49 111 83 46 163 194 177 197 195 90 28 143 25 172 95 160 167 37 85 110 64 88 46 110 125 54 29 110 109 29 79 42 104 32 187 109 108 105 197 145 121 5 168 57 183 80 196 163 64 128 104 86 24 111 143 41 176 59 71
131 156 171 201 93 129 201 109 146 108 112 130 131 20 62 146 197 166 216 81 81 146 102 203 190 87 13 108 124 31 103 167 121 171 76 146 33 90 182 154 182 186 105 172 202 71 149 163 98 161 185 177 186 128 197 96 119 86 143 127 165 93 194 67 156 39 137 34 156 178 174 219 142 169 118 49 152 73 134 123
183 89 133 137 106 150 160 96 58 97 165 194 103 164 192 55 112 108 136 169 198 67 71 139 24 171 168 192 214 163 83 43 165 42 128 128 138 177 26 26 156 16 83 93 162 118 84 51 74 148 85 126 24 52 92 197 130 87 137 215 182 81 59 128 94 149 34 163 195 113 170 161 33 51 131 125 51 133 56 57
156 97 136 153 71 129 169 71 68 71 135 164 92 106 141 66 135 116 160 126 151 74 8 155 85 131 106 155 178 100 51 76 138 79 68 120 79 136 81 44 158 78 53 110 170 72 89 78 12 142 112 134 83 21 124 155 108 37 126 180 168 18 104 66 100 86 29 100 174 126 163 178 32 82 108 68 68 72 54 42
132 30 73 78 73 98 100 58 15 59 118 144 51 148 162 16 56 48 81 131 163 16 87 80 57 132 163 148 169 165 58 18 115 21 146 71 128 137 44 76 96 70 56 33 102 93 26 9 84 90 31 66 51 87 43 157 80 78 82 169 124 96 35 142 34 153 63 166 140 53 111 103 71 13 82 112 14 150 29 43
54 59 57 89 36 24 87 35 74 35 37 64 31 96 90 76 91 59 106 54 85 67 105 90 135 53 122 67 87 133 55 98 36 101 141 32 91 57 123 131 69 143 53 73 88 50 57 89 98 47 91 65 129 124 100 76 5 72 29 88 64 106 115 132 56 128 110 135 69 70 64 105 120 94 4 77 83 143 73 75
18 88 63 94 75 18 80 76 111 76 23 31 66 115 92 114 107 79 113 57 79 103 145 95 172 52 145 47 60 159 96 133 14 136 176 47 119 52 159 172 59 181 94 97 79 84 89 124 138 41 116 74 166 165 123 63 39 112 36 59 30 146 146 167 84 157 151 162 28 86 43 101 161 128 39 108 120 177 112 115
140 138 162 189 79 129 194 93 123 92 119 142 118 41 87 122 180 152 202 93 104 124 68 191 159 99 29 123 143 28 81 141 126 145 44 138 21 104 153 120 177 154 84 155 195 60 131 138 65 156 165 166 156 94 177 115 114 60 138 146 168 59 169 34 139 18 104 29 164 164 173 210 108 144 113 33 127 43 109 97
37 70 57 90 52 8 83 53 90 53 23 48 45 101 87 93 97 66 108 50 79 82 122 91 151 47 130 54 73 143 72 113 19 117 155 34 101 50 139 149 63 160 71 82 83 63 70 105 115 41 101 67 145 141 109 67 17 89 26 73 48 123 128 146 68 139 128 145 51 76 53 102 138 109 16 89 99 157 90 92
97 24 57 77 39 64 90 23 30 24 81 108 16 117 126 32 66 39 88 94 125 22 82 79 91 94 136 111 132 141 35 53 79 57 133 43 101 99 79 93 79 100 32 41 91 61 17 45 76 65 54 56 85 93 66 119 44 59 51 132 96 87 72 127 25 132 74 143 108 51 87 100 84 50 45 84 38 137 32 39
57 50 30 62 60 25 58 54 77 54 50 70 33 125 115 79 70 41 80 78 107 68 125 63 135 75 151 81 98 162 74 97 44 100 167 8 120 78 123 142 40 147 71 58 58 78 52 88 119 19 77 39 130 140 84 95 24 95 3 97 47 128 107 159 46 156 123 164 61 49 40 76 133 91 26 105 85 170 81 87
103 7 47 62 56 69 78 41 30 41 90 115 23 134 140 33 49 24 72 107 138 21 96 64 87 107 153 120 140 159 51 48 86 51 149 41 118 111 74 99 70 99 49 23 80 78 4 39 91 60 38 43 81 103 49 130 52 75 51 140 94 102 61 143 9 149 82 160 110 35 82 86 92 43 54 102 37 153 39 50
149 155 177 205 95 141 209 109 140 108 129 150 134 42 88 139 197 168 219 100 106 141 84 207 176 107 17 130 148 10 98 158 137 162 48 153 33 111 170 136 192 170 101 172 210 74 148 156 81 171 182 181 173 109 194 120 128 77 152 151 180 75 186 40 156 11 121 12 174 181 186 225 124 162 127 48 145 45 127 114
147 42 75 68 98 113 95 82 42 83 136 159 70 174 186 43 42 51 65 153 184 42 113 70 58 153 190 166 186 192 85 31 131 30 172 82 155 157 47 93 97 75 83 33 97 119 44 29 110 96 16 65 53 108 21 177 98 105 93 186 132 121 19 168 45 181 84 193 150 50 115 92 91 24 100 139 39 177 56 69
116 42 35 17 101 86 43 87 72 87 112 129 63 177 175 74 11 28 23 138 168 65 143 19 109 136 199 142 158 206 100 77 105 77 198 55 165 139 98 138 50 126 97 29 46 123 51 70 139 57 36 23 104 147 34 156 80 124 64 157 90 150 70 192 40 197 124 208 112 15 71 42 133 69 82 148 75 202 84 97
99 151 155 187 91 106 182 107 151 106 84 95 123 30 21 152 189 157 204 50 40 148 126 189 203 56 55 71 84 73 109 174 93 178 115 130 56 57 194 176 162 203 110 167 182 72 146 168 120 141 183 163 199 153 194 57 103 101 125 88 136 120 199 105 150 80 156 76 124 168 149 201 163 174 101 64 158 113 141 133
130 30 55 48 92 97 74 76 47 77 121 143 58 169 176 49 23 32 48 141 173 42 120 50 78 140 188 152 170 193 84 47 115 47 178 65 153 145 67 108 76 95 82 15 76 114 36 40 117 76 5 44 73 120 13 163 84 107 75 170 112 128 40 173 31 182 97 194 131 29 95 72 105 38 86 137 47 182 61 74
147 88 127 144 63 121 160 62 60 62 127 156 83 103 137 58 127 107 152 120 145 66 13 147 83 124 106 148 170 102 42 70 129 73 73 111 77 129 78 47 148 77 44 101 161 65 80 71 12 133 105 125 80 28 116 148 99 30 117 172 159 22 98 70 91 88 28 102 165 117 154 169 34 76 99 65 61 78 46 33
52 97 96 128 47 47 123 59 105 58 31 55 68 62 50 106 131 99 146 16 48 99 110 129 163 18 92 42 65 107 70 129 39 133 128 71 67 24 152 149 103 168 70 112 123 41 93 122 102 81 129 104 158 134 139 44 44 76 65 67 83 107 150 118 95 105 127 109 76 110 92 142 136 127 42 59 113 129 99 95
144 114 146 169 66 124 179 74 92 74 122 149 99 72 112 91 156 130 179 105 125 95 30 171 122 110 68 136 158 63 57 107 127 110 42 124 44 116 116 82 164 115 60 129 180 55 106 106 27 145 137 147 119 56 149 132 105 33 127 160 165 21 135 35 116 49 66 63 166 142 165 191 70 111 105 38 95 45 78 64
105 37 72 92 34 74 105 20 27 21 88 116 29 109 124 28 79 54 102 95 126 23 67 94 85 96 126 115 137 130 21 51 87 55 119 57 91 102 74 81 94 92 19 53 107 54 29 44 61 79 63 71 80 78 75 122 52 45 64 138 108 72 74 113 39 119 61 131 119 65 101 115 71 50 53 74 34 122 21 25
82 47 67 93 17 52 100 7 50 7 63 92 22 94 102 52 87 56 107 71 102 44 79 95 110 72 115 91 113 122 27 74 64 78 121 45 81 77 98 103 85 116 25 63 101 39 41 67 72 66 78 70 104 96 89 97 30 48 49 113 90 81 96 113 46 114 82 124 97 69 87 114 92 72 31 64 59 124 46 47
106 41 76 96 32 75 109 19 29 20 88 117 32 106 122 29 83 58 106 94 125 26 63 98 86 96 122 115 137 126 17 52 88 56 115 60 87 101 75 79 98 91 15 57 111 51 33 46 57 82 67 75 80 75 79 121 54 41 67 138 111 68 77 108 43 115 58 127 121 69 104 120 69 52 55 71 36 118 21 23
160 103 142 159 76 134 175 76 74 76 139 168 98 106 143 72 141 122 166 129 153 80 7 161 89 134 104 158 181 98 56 82 142 84 63 125 79 140 85 46 163 80 58 116 176 75 94 83 14 147 118 140 87 20 129 158 113 40 131 183 173 16 109 62 106 83 33 98 179 132 169 183 34 88 113 69 74 68 60 48
174 123 161 179 91 150 194 94 94 93 152 181 116 107 148 92 161 141 186 139 161 100 22 181 104 144 99 169 192 90 74 101 156 103 48 144 80 150 102 56 182 93 76 136 195 86 114 103 28 166 138 160 102 28 149 167 129 54 149 194 190 20 127 49 126 75 49 89 194 152 187 203 48 107 129 74 93 53 80 67
143 38 73 68 93 109 94 77 37 78 131 155 65 169 181 38 42 48 66 148 180 37 109 70 58 148 185 162 181 188 80 29 127 28 168 79 150 153 47 90 95 75 78 30 96 114 39 25 106 93 15 63 53 105 23 172 93 100 89 181 129 117 21 164 41 176 81 188 147 48 113 92 88 21 95 134 35 172 51 65
181 180 206 232 123 172 238 136 162 135 160 181 161 72 117 160 222 195 245 132 135 164 96 234 189 138 42 161 178 24 122 177 168 180 41 182 63 142 185 144 221 180 125 196 239 103 172 176 96 200 205 209 187 116 217 150 158 99 182 181 211 86 205 39 182 25 133 21 206 207 217 253 134 181 157 77 165 36 147 134
140 59 102 114 62 109 133 52 27 52 121 150 63 124 149 25 95 79 120 124 154 35 48 116 58 127 133 148 170 132 39 36 122 40 108 91 100 132 49 46 124 60 38 70 134 75 51 36 46 112 71 98 53 48 82 152 87 47 99 171 143 57 64 104 63 119 27 133 154 88 134 139 37 41 88 85 26 112 16 13
68 161 147 179 117 95 164 129 174 128 69 57 134 92 45 176 189 159 198 54 29 168 174 179 234 52 120 38 30 138 140 198 76 202 176 126 114 47 222 218 144 238 140 175 163 107 160 191 168 126 193 158 228 200 202 27 105 143 117 34 106 170 218 166 159 144 196 141 86 168 125 185 205 196 104 115 182 175 169 166
58 60 63 93 29 30 93 31 72 30 39 68 31 90 87 74 94 62 110 52 84 65 99 95 133 52 116 68 89 127 49 96 39 100 134 37 84 56 121 127 75 140 48 75 94 43 57 88 92 54 92 69 127 118 102 76 11 66 35 90 70 100 115 126 58 121 106 129 75 74 71 110 116 93 10 70 81 136 70 71
157 71 115 124 78 125 145 69 38 70 139 167 79 138 165 35 102 91 127 141 170 47 51 126 45 144 144 165 187 141 55 35 139 38 111 106 113 149 38 31 138 43 55 79 146 90 64 39 51 127 76 110 41 42 86 169 104 60 114 188 159 61 61 109 75 127 18 141 170 98 149 149 25 43 105 98 33 116 31 30
142 37 76 74 88 108 99 72 30 73 129 154 62 163 176 31 49 50 73 144 176 31 100 76 53 145 178 160 180 180 73 21 126 20 160 79 144 149 41 82 98 69 71 33 101 108 36 16 98 95 22 67 48 97 31 169 91 93 89 180 130 109 22 156 40 168 73 181 147 52 115 99 80 13 93 127 26 164 44 57
124 96 125 149 45 103 158 54 78 53 102 130 79 66 100 77 138 111 161 88 111 79 36 151 117 93 72 118 140 73 38 96 107 100 62 103 40 99 109 84 143 114 41 112 160 35 88 93 29 124 121 127 113 62 133 116 84 15 106 143 144 31 124 55 97 61 65 73 145 123 144 171 71 99 84 27 82 65 64 52
178 151 184 206 104 161 217 112 127 112 156 181 138 86 132 125 192 168 216 134 148 131 55 209 146 140 67 165 186 53 95 139 162 142 5 162 63 145 143 99 202 136 98 166 218 90 143 139 57 183 172 185 145 71 184 158 143 71 165 189 201 46 166 11 154 40 91 52 201 180 202 229 90 144 142 67 129 10 113 99
5 108 82 112 89 37 95 93 130 92 27 13 85 116 85 133 126 99 131 55 70 122 159 112 191 49 147 35 42 162 111 153 23 156 184 67 124 47 179 189 75 200 110 117 94 94 109 144 152 59 136 93 185 180 143 52 57 125 56 41 37 159 166 175 104 162 168 165 21 106 55 116 178 148 56 116 139 185 130 133
51 74 36 62 89 35 45 83 105 84 57 63 63 144 126 107 80 60 82 90 114 95 155 63 161 85 173 82 92 186 103 123 48 125 195 35 144 86 149 172 25 174 101 78 44 104 79 114 148 15 96 48 155 170 100 98 50 124 28 91 21 158 129 187 70 181 152 188 42 62 10 66 163 116 51 130 112 197 110 117
121 67 102 122 38 94 135 35 45 35 101 130 57 94 120 44 108 84 132 98 126 47 37 124 88 101 104 124 147 106 15 63 103 67 89 84 71 107 79 66 123 88 17 81 136 46 58 60 31 106 89 101 84 54 101 126 72 18 90 148 132 42 91 83 69 94 44 106 139 95 128 146 54 66 72 55 49 93 31 19
114 119 139 167 57 103 171 72 108 71 93 116 96 30 69 108 161 131 181 68 83 108 70 169 153 74 41 99 120 49 65 129 100 133 67 114 6 79 145 120 153 150 67 136 171 36 112 125 64 132 148 143 149 97 160 92 89 49 113 122 142 63 156 57 120 44 102 51 138 143 148 187 108 131 88 11 114 67 96 85
151 50 93 95 86 117 118 72 26 72 136 163 69 157 176 24 70 67 95 146 178 33 84 97 37 148 168 165 186 169 67 1 134 3 144 91 135 153 25 61 116 50 66 51 120 104 46 10 82 109 43 85 31 77 52 173 98 82 101 187 144 93 28 141 54 156 53 169 159 71 131 119 59 9 100 119 17 148 34 45
33 121 107 139 82 54 127 92 136 91 29 27 94 84 49 138 149 118 158 26 33 129 147 140 196 20 116 5 28 132 106 160 36 164 161 86 98 15 185 185 106 202 105 134 126 78 120 152 139 87 153 118 191 171 161 16 65 113 77 30 72 144 178 151 119 134 163 135 57 128 89 148 173 157 64 94 144 161 132 131
128 32 76 85 63 94 105 48 3 49 112 140 46 137 153 5 65 51 90 123 154 9 76 87 60 124 151 142 163 153 47 22 110 26 135 70 117 129 47 70 99 70 45 40 107 83 25 15 73 90 42 70 54 78 54 149 75 66 80 163 123 85 45 130 36 142 55 154 137 59 112 110 64 21 76 100 8 139 17 31
89 35 10 30 80 59 39 68 68 69 85 102 42 153 148 71 36 16 47 111 141 59 133 32 119 109 177 115 131 186 85 82 77 83 183 28 144 112 106 137 33 133 82 33 41 102 43 73 127 32 50 6 113 142 54 129 54 109 36 130 67 138 84 176 31 178 121 188 87 16 50 50 130 74 56 128 74 186 78 89
179 75 115 109 115 145 135 101 55 102 165 191 98 185 205 54 82 89 104 176 207 62 103 111 19 177 194 194 215 193 96 31 162 27 163 117 162 182 15 66 136 38 94 71 138 133 73 39 104 134 57 105 16 89 60 202 127 108 127 216 169 113 23 161 79 179 67 193 186 90 154 132 70 34 128 146 47 168 63 72
38 101 94 126 59 42 118 69 113 68 19 40 73 73 51 115 132 101 144 15 43 107 124 127 173 11 104 28 51 119 82 138 28 141 143 70 81 15 162 161 97 179 82 115 118 56 99 130 117 77 133 103 168 148 143 34 46 90 63 53 72 122 157 133 99 119 140 122 63 111 84 138 149 135 44 74 122 143 109 107
57 48 35 67 53 23 65 47 73 47 48 70 28 118 110 76 73 42 85 73 103 64 119 68 133 71 144 79 97 155 67 94 42 97 160 10 112 74 120 137 47 143 65 59 65 71 50 85 112 26 77 43 127 134 85 91 17 88 8 96 52 122 106 152 45 149 117 157 64 51 46 82 128 89 19 98 81 162 76 82
73 158 148 180 108 95 168 121 167 120 69 64 129 75 29 169 188 157 199 47 16 161 162 181 225 46 103 41 42 121 131 191 77 195 160 126 98 42 215 206 148 229 131 172 168 96 155 184 155 128 190 158 220 188 199 25 102 131 117 46 113 157 212 150 156 127 185 124 94 167 130 189 194 190 100 101 175 159 161 156
159 59 103 104 91 126 128 77 33 78 144 171 78 159 180 30 80 77 104 152 183 41 80 106 28 154 169 172 194 168 71 11 142 10 141 100 136 159 16 53 126 40 69 61 130 108 55 20 80 119 52 95 23 71 61 179 106 83 110 194 153 90 31 138 64 155 47 169 168 81 140 129 52 19 108 121 24 145 38 47
149 107 142 163 67 127 175 72 82 72 128 156 96 86 125 80 148 125 172 114 136 86 14 165 107 119 84 144 167 78 53 95 132 98 50 123 59 125 102 66 162 100 55 122 177 61 99 94 13 145 127 142 104 40 139 142 107 31 127 169 167 6 123 46 110 64 51 78 170 136 165 186 54 100 106 51 84 54 68 54
167 164 190 216 107 157 222 119 145 118 146 169 144 62 108 144 206 178 228 119 126 147 81 218 174 125 35 149 168 19 106 161 154 164 32 166 48 130 170 130 205 166 108 180 223 88 156 159 80 185 189 193 172 103 201 139 142 83 166 171 196 71 189 27 165 10 118 16 192 190 201 237 120 165 141 61 148 28 131 118
24 83 65 97 62 12 87 65 103 65 14 35 58 103 83 105 107 77 116 47 72 95 133 98 164 42 133 44 61 146 84 126 7 129 163 44 106 43 152 161 66 173 82 94 86 70 83 117 125 46 113 76 158 153 121 58 29 99 35 61 43 133 141 153 80 144 140 149 41 86 52 107 150 122 28 95 112 164 103 105
187 84 125 121 119 153 147 106 61 107 172 199 105 186 209 59 94 99 116 181 212 69 100 123 8 183 194 201 222 191 99 37 170 34 159 126 162 188 13 58 147 27 98 82 149 136 81 46 101 144 68 116 9 84 72 208 134 109 136 223 179 110 35 158 88 177 63 191 195 101 164 144 64 42 136 147 53 163 67 74
147 67 110 122 67 116 140 59 35 59 128 157 71 126 153 32 101 86 126 129 159 42 44 124 56 132 133 154 176 131 44 39 129 42 104 99 102 138 48 38 132 55 44 77 142 79 59 41 43 120 77 106 52 41 88 158 95 49 107 178 151 53 67 101 71 118 19 132 161 95 142 147 29 46 95 87 32 109 24 19
161 56 95 90 102 127 116 87 41 88 147 173 80 174 191 40 64 69 87 161 192 46 102 92 36 161 187 178 198 187 84 19 144 16 162 98 153 166 25 74 117 53 83 51 118 121 55 24 101 114 37 85 31 93 42 186 109 100 108 198 149 111 9 159 60 174 69 188 166 71 134 114 74 18 111 137 34 167 52 63
33 82 51 79 83 24 63 81 110 81 40 45 65 131 109 112 95 71 99 74 96 101 152 80 169 69 161 64 75 174 101 130 31 133 188 40 133 69 156 174 43 180 99 89 62 95 86 121 145 28 108 62 163 170 113 80 44 120 30 73 16 154 140 178 79 171 154 176 28 76 25 84 164 124 44 121 118 189 113 118
84 106 117 147 44 75 147 60 104 59 62 86 79 36 50 105 145 114 163 38 59 101 88 149 157 44 63 69 91 76 62 127 70 131 97 91 36 49 147 133 128 158 63 122 147 25 100 121 81 107 137 123 152 114 149 65 65 57 89 93 113 83 152 87 105 74 112 78 108 126 120 165 120 127 63 29 111 98 94 87
166 76 120 126 89 134 148 79 44 80 148 177 87 149 176 41 103 95 128 152 181 53 60 129 34 154 154 175 197 151 66 34 148 35 119 113 123 160 29 28 143 32 66 82 150 102 70 40 61 134 76 114 31 46 85 180 113 71 122 198 166 70 57 117 80 137 23 151 179 102 156 151 27 42 114 109 37 124 40 40
137 52 56 34 114 107 62 99 74 100 132 150 77 191 193 76 12 44 24 157 188 69 147 35 99 155 212 163 179 217 109 72 126 71 205 75 177 159 88 133 71 116 107 35 64 137 59 66 144 79 30 45 94 147 21 176 99 132 84 178 112 155 57 199 52 207 123 219 134 33 93 53 131 64 101 160 74 208 88 101
161 56 92 84 107 127 111 91 47 92 149 174 82 181 196 47 58 67 79 164 196 50 111 86 43 165 194 180 200 195 91 28 145 25 171 98 160 170 34 84 113 62 89 49 113 127 56 30 110 112 32 82 39 103 35 189 111 108 108 200 148 120 2 168 60 183 79 196 166 67 132 107 84 24 113 144 41 176 59 71
145 40 75 70 94 111 96 78 38 79 133 157 67 170 182 39 44 50 68 150 181 38 108 72 56 150 186 164 183 188 81 27 129 26 168 81 151 154 45 89 97 73 79 32 98 115 41 24 106 95 17 65 51 104 24 174 95 101 91 183 131 117 19 164 43 176 80 189 149 50 115 94 87 20 97 134 34 172 52 65
135 38 57 45 101 102 72 85 55 86 127 148 66 178 183 57 18 37 41 148 180 51 129 47 82 147 197 158 175 202 93 53 121 52 187 70 162 151 71 115 76 99 90 22 74 123 44 48 125 80 11 46 77 128 6 170 91 115 80 175 115 137 42 182 39 191 104 203 134 31 96 68 112 45 93 145 55 191 70 83
11 100 73 103 87 31 86 89 124 89 28 22 79 120 92 127 118 91 122 60 77 116 157 103 185 54 151 43 51 165 108 146 21 149 185 59 126 52 172 185 66 194 106 109 85 94 102 137 150 51 128 85 179 177 134 60 52 123 48 50 29 157 158 176 97 164 164 168 17 98 46 107 174 141 51 117 133 186 125 128
61 67 73 104 24 38 104 31 76 30 40 69 39 79 79 78 104 72 121 45 77 70 94 106 136 46 105 65 87 116 47 100 43 104 126 48 74 51 124 126 86 141 46 83 104 34 64 93 87 64 100 80 130 115 110 71 22 60 46 89 78 94 121 117 66 111 104 118 80 84 81 121 114 98 21 60 84 127 71 70
167 120 157 176 84 144 190 88 93 88 145 173 111 98 139 91 160 138 184 131 152 98 19 178 108 136 91 161 183 82 68 102 149 104 43 139 71 141 105 62 178 98 71 134 191 78 112 103 24 160 137 156 106 34 149 158 123 47 143 185 183 13 129 43 123 67 52 81 187 149 181 200 52 108 123 65 93 48 79 65
134 91 125 146 51 110 158 55 68 54 113 141 79 84 117 66 132 108 156 102 127 71 20 148 101 107 87 131 154 86 35 83 117 86 65 105 57 113 94 67 145 96 38 105 159 48 82 81 13 127 112 125 97 46 124 131 90 14 110 156 150 20 111 60 93 73 48 86 154 119 148 169 54 87 89 45 70 69 53 40
64 166 146 176 129 96 158 139 182 138 72 51 140 113 67 184 189 161 195 68 49 175 191 176 243 64 142 43 22 160 152 206 77 210 197 128 134 58 231 231 139 249 152 178 157 122 165 198 183 123 196 157 237 216 204 40 110 158 118 24 98 187 224 187 163 165 209 163 76 169 118 179 219 203 109 133 191 196 179 177
137 49 56 36 111 106 64 96 69 97 131 150 75 188 191 71 12 42 28 155 186 65 143 38 94 154 209 162 178 214 106 67 125 66 201 74 174 157 84 129 72 112 103 32 66 134 56 62 139 79 25 45 90 143 16 175 97 128 84 178 113 151 53 195 49 204 119 215 134 32 94 57 126 59 99 157 70 204 83 97
28 108 95 127 70 42 116 79 123 79 16 27 81 84 55 125 136 105 146 23 42 116 137 128 183 17 115 17 39 131 94 147 25 151 155 73 94 15 172 173 96 190 93 121 116 69 107 139 130 76 139 105 178 160 148 28 52 103 64 40 65 135 165 146 105 131 152 133 53 115 80 137 161 144 50 87 131 156 120 118
84 130 135 166 70 87 162 86 131 85 66 82 102 29 23 132 168 135 184 33 37 127 113 168 185 39 60 60 77 77 89 154 76 159 111 109 48 42 175 160 142 186 90 146 162 52 125 148 106 121 162 142 180 139 173 49 83 84 104 81 120 107 179 101 129 80 139 80 109 147 131 181 147 154 81 51 138 110 122 115
207 108 151 149 134 174 174 122 81 123 191 219 126 193 221 78 122 125 144 196 226 89 98 150 22 198 196 219 241 191 111 60 190 58 152 149 167 204 34 48 173 13 110 108 176 146 104 69 101 168 96 142 28 76 100 224 154 115 159 241 203 108 63 153 113 176 62 190 217 128 189 172 58 67 155 153 72 157 82 85
118 79 48 23 130 97 22 117 110 118 122 130 92 200 190 113 48 61 28 153 179 103 180 21 148 149 226 149 159 235 134 117 113 117 232 73 193 151 137 177 42 165 131 68 23 150 88 109 175 62 75 44 143 186 70 164 100 158 77 157 83 186 107 225 76 227 164 237 106 50 62 2 172 108 102 177 114 236 123 135
115 118 139 167 57 103 171 72 108 71 93 117 96 31 70 107 160 130 181 69 84 107 69 169 152 75 41 100 121 49 64 128 101 132 66 114 7 80 144 119 153 149 66 135 171 36 111 124 63 132 147 143 148 96 159 93 89 48 113 123 143 62 155 56 119 44 100 51 139 143 148 186 106 130 88 10 113 66 95 84
156 80 122 135 74 126 153 67 48 68 136 165 82 126 156 45 114 99 139 135 163 55 35 137 59 138 129 161 183 126 50 50 138 53 95 110 100 144 54 29 145 54 51 90 155 82 72 53 36 132 89 118 56 28 100 163 104 49 118 185 162 45 77 93 83 112 8 126 171 108 154 160 18 57 105 86 45 100 36 28
158 65 109 116 83 125 137 71 33 72 140 168 77 146 171 30 92 84 117 145 175 42 63 118 35 148 154 168 190 152 61 24 140 25 123 103 122 153 27 39 132 39 60 71 139 97 59 29 63 123 66 103 31 54 75 173 104 69 112 191 156 73 49 121 69 139 30 153 169 91 145 140 36 32 105 107 26 128 31 35
118 59 95 115 36 89 128 30 39 31 98 128 50 98 121 38 101 77 124 98 127 40 44 117 85 101 110 123 145 112 12 58 100 62 96 78 76 106 76 67 116 87 13 74 130 47 51 54 38 100 82 95 80 58 94 126 68 24 84 147 127 49 85 90 62 100 46 113 135 88 122 139 55 60 68 60 43 100 25 15
126 40 45 30 102 94 57 87 64 87 120 139 65 179 180 67 3 31 28 144 175 59 138 31 97 143 199 151 167 205 98 66 113 66 194 63 165 146 86 128 62 114 95 24 59 124 48 60 134 68 24 34 92 139 21 164 86 121 72 166 102 145 57 188 39 196 116 207 123 21 83 53 124 58 88 148 66 198 78 91
134 151 169 198 89 129 200 104 139 103 114 134 127 24 70 139 192 162 212 84 88 139 92 200 181 91 9 113 130 24 96 159 123 163 65 144 26 94 174 144 181 176 98 167 200 67 144 156 88 160 180 174 177 118 191 102 118 78 142 134 166 83 187 56 151 29 127 27 159 174 174 217 132 162 116 42 145 63 127 115
126 70 48 17 126 101 34 113 100 113 126 138 88 200 193 102 34 54 12 156 184 93 171 15 133 153 224 155 167 232 127 103 118 103 226 73 190 155 123 165 50 151 124 57 36 148 79 97 167 67 61 41 128 175 55 170 100 151 79 166 93 178 92 219 68 223 152 233 116 42 72 19 161 95 102 174 103 229 113 125
79 81 95 124 19 61 127 35 80 34 57 85 55 59 71 81 121 90 140 47 75 76 77 126 135 51 83 75 98 93 40 103 62 108 102 70 50 57 125 117 109 138 40 97 127 10 75 97 70 88 112 100 130 101 124 76 45 43 69 99 101 76 127 93 81 87 95 95 101 102 105 143 104 103 44 36 87 104 71 65
108 16 36 41 77 75 61 61 46 62 99 121 39 153 156 49 27 11 50 121 152 38 116 43 93 120 174 130 148 180 73 56 94 58 171 43 140 124 81 114 58 108 71 8 63 99 24 48 112 56 26 27 87 122 34 142 63 97 54 148 91 123 59 165 14 171 99 182 110 15 75 66 108 49 65 123 51 175 58 70
168 109 149 165 84 142 181 84 79 84 147 176 105 113 150 77 146 128 171 137 161 86 15 167 88 142 109 166 189 101 64 85 150 87 63 133 85 148 86 42 171 78 66 121 183 83 101 87 22 155 123 147 87 15 134 166 121 48 139 191 181 21 111 63 112 87 33 101 187 138 177 190 32 91 121 76 78 68 66 54
172 88 132 141 91 141 162 83 55 84 153 182 95 143 173 52 118 108 143 152 180 64 48 143 46 155 145 178 200 141 67 50 153 51 105 122 116 161 44 14 155 38 68 96 163 100 81 55 51 144 92 127 45 30 101 181 119 67 131 202 175 58 73 105 92 126 12 140 186 115 166 166 11 58 120 104 50 110 48 43
152 54 97 101 84 119 124 70 25 71 136 164 71 153 173 23 77 72 102 145 176 34 76 103 35 147 163 165 187 163 64 8 135 10 137 94 130 152 23 54 121 46 62 57 126 101 49 15 76 113 50 90 30 69 60 172 99 77 104 187 147 86 34 134 58 150 45 163 162 77 135 126 52 16 101 114 17 141 31 40
100 65 28 17 111 77 11 99 98 100 102 112 74 181 170 100 43 46 34 133 160 89 165 16 141 130 206 130 142 216 116 107 94 108 215 54 174 132 130 166 25 157 114 57 13 131 73 99 159 43 68 27 136 172 66 146 80 140 57 140 67 170 102 208 61 209 151 218 90 37 46 20 160 99 82 158 102 218 108 120
122 27 46 40 90 90 65 74 50 75 114 135 54 167 171 53 17 25 42 136 167 45 123 42 87 135 187 145 163 192 84 54 108 54 180 58 152 139 75 115 67 103 81 10 67 112 34 47 120 68 14 36 81 125 19 157 78 107 68 162 103 131 49 174 27 182 102 194 123 20 86 65 110 45 80 136 52 184 64 77
66 117 118 150 61 68 145 75 121 74 48 65 88 45 30 122 152 120 167 16 33 116 114 151 178 22 76 45 65 92 82 145 57 149 121 93 58 26 167 158 124 180 83 132 144 47 112 139 107 103 149 126 173 140 159 38 66 82 87 68 101 110 168 111 115 94 136 95 91 132 112 164 145 144 64 55 129 121 114 108
76 51 67 95 16 47 100 13 57 12 57 86 24 90 96 58 91 59 110 64 96 51 82 97 116 66 112 84 106 121 31 81 58 85 122 44 78 71 105 109 84 123 30 67 101 36 46 73 75 64 83 71 111 100 94 91 26 50 46 107 86 84 102 114 50 113 87 122 92 72 84 115 97 79 26 63 65 125 52 52
85 99 112 142 37 73 143 53 97 52 63 88 73 41 57 97 139 108 158 42 65 93 81 144 149 48 66 73 95 77 54 120 70 124 95 87 36 53 140 126 125 150 55 116 144 17 93 114 74 103 130 118 145 107 142 70 61 50 85 98 112 77 145 85 99 74 105 80 109 120 118 160 113 120 60 26 104 96 87 79
67 40 24 55 60 34 56 51 68 51 59 80 27 128 122 71 61 31 73 85 115 59 121 57 126 83 154 90 107 164 70 88 53 91 166 2 121 86 114 135 40 138 67 48 57 79 43 79 115 23 67 32 120 134 74 103 28 93 13 107 55 125 98 158 36 157 116 166 71 40 45 72 126 82 30 106 76 169 74 81
134 114 142 167 61 117 175 71 95 70 112 139 96 59 99 94 156 129 179 94 112 97 41 169 130 99 58 124 146 56 56 112 118 116 47 120 31 105 124 93 160 125 59 130 176 46 106 110 37 140 139 144 127 68 151 120 99 33 122 149 157 33 140 38 115 43 76 56 157 141 159 189 81 116 98 26 99 49 81 68
8 102 81 113 77 31 99 82 122 82 14 16 77 103 75 124 125 96 132 43 61 114 147 113 183 37 134 28 43 149 100 145 13 148 171 63 111 35 171 178 78 191 99 113 98 81 102 136 139 60 132 92 177 168 139 44 48 113 53 42 45 146 160 161 99 149 157 152 33 104 61 120 167 141 47 102 130 172 121 122
86 78 96 125 16 66 129 31 74 30 64 93 54 62 78 75 119 89 139 55 83 71 69 126 128 59 83 83 106 91 33 98 69 102 97 72 49 65 118 109 112 130 34 95 129 7 72 92 62 91 109 101 123 93 121 84 49 35 72 107 107 68 122 88 78 84 87 93 107 101 109 144 96 98 48 33 81 99 65 58
56 49 40 72 49 22 70 43 72 43 45 68 27 113 106 75 76 45 89 69 99 64 115 73 132 67 139 76 95 150 63 94 40 97 156 15 107 70 120 135 52 142 61 61 70 66 50 85 108 31 80 48 127 131 88 88 13 84 13 94 54 118 108 147 46 144 115 152 65 55 50 87 125 89 14 93 80 158 74 79
53 120 115 147 71 63 139 83 129 82 39 50 92 60 30 131 153 121 166 9 23 123 129 149 188 10 92 29 48 108 94 153 48 157 138 91 75 11 177 171 119 192 94 135 139 61 117 146 122 98 153 124 182 154 162 22 66 97 84 51 91 125 175 128 118 110 149 111 78 132 104 159 158 152 64 72 137 138 123 119
55 91 92 124 40 46 120 52 98 52 33 59 63 63 55 100 126 94 141 22 54 93 104 126 157 25 92 48 71 106 64 123 40 127 125 67 65 30 146 142 101 161 64 106 121 36 87 115 97 79 123 100 152 128 134 50 40 70 62 72 83 102 144 115 89 103 121 108 78 106 91 139 130 121 38 56 107 126 92 89
142 136 161 188 78 129 194 91 120 90 120 144 116 46 91 119 179 150 201 95 107 121 64 190 155 101 34 126 146 31 79 137 127 141 41 137 23 106 149 116 177 149 81 153 195 59 129 135 61 156 163 164 152 89 175 118 114 57 138 149 169 54 165 31 138 19 100 31 166 163 173 209 104 141 113 33 124 40 106 93
102 14 32 42 72 68 60 57 47 58 93 114 34 148 150 50 32 6 53 115 146 38 115 45 97 113 170 124 142 176 70 59 87 61 168 37 135 117 84 116 55 111 67 14 62 94 22 51 110 50 32 25 91 121 40 136 57 94 47 141 86 121 64 162 11 167 100 178 104 16 71 67 109 52 59 119 52 172 58 69
26 119 103 134 84 50 121 92 135 92 25 20 92 91 56 137 145 115 153 31 40 128 150 135 196 25 122 6 26 139 107 159 32 163 166 82 104 21 184 186 101 203 107 131 120 81 118 151 142 82 150 113 190 173 158 22 63 116 73 27 66 148 176 156 116 140 165 141 50 124 83 142 174 156 62 98 144 166 132 131
169 92 135 146 86 139 165 81 59 81 149 179 96 134 166 56 124 111 149 147 174 67 37 148 57 150 135 173 196 130 63 58 151 59 94 123 107 156 55 17 158 48 64 101 167 93 84 62 41 145 99 130 56 20 109 175 118 59 131 197 175 47 82 94 96 115 6 129 185 120 167 171 4 65 118 95 55 99 49 42
54 66 67 98 31 29 97 36 78 35 34 63 38 86 81 80 100 68 115 46 77 71 101 100 139 46 113 62 83 124 53 102 35 106 134 42 82 50 127 131 78 145 52 81 97 42 63 94 94 57 98 74 133 122 108 70 15 68 38 84 70 102 121 125 64 119 110 126 72 80 72 115 120 99 13 68 87 136 75 75
132 43 86 97 60 99 116 47 10 48 115 143 51 131 150 7 77 62 102 122 153 18 64 99 58 124 143 143 165 144 41 25 114 29 123 77 109 129 46 60 109 65 39 52 118 78 35 22 62 98 54 81 52 66 65 149 78 57 86 166 131 73 52 119 46 132 43 145 143 71 120 122 53 27 80 93 10 128 8 20
58 65 69 100 27 33 99 32 76 32 38 67 37 84 81 78 100 68 116 47 78 69 97 101 136 47 110 64 86 121 49 100 39 104 130 43 79 52 124 128 81 142 48 80 100 38 62 92 90 59 97 76 130 118 108 72 17 64 41 87 73 98 120 121 64 116 106 123 76 80 76 117 116 97 16 65 84 132 72 72
41 118 108 140 74 55 130 85 130 84 30 38 90 73 40 131 148 117 159 14 28 123 136 141 189 9 104 17 39 121 97 154 39 158 149 85 86 3 178 176 110 195 97 131 130 68 116 146 129 89 150 118 184 161 159 17 62 103 77 41 79 133 174 139 115 122 154 123 66 127 94 151 163 151 60 82 138 149 125 122
185 90 134 136 109 152 160 98 60 99 168 196 105 168 196 57 111 108 135 171 201 69 75 138 21 174 172 195 217 167 86 43 167 42 132 129 142 180 24 30 157 12 86 93 162 121 85 51 78 149 84 127 21 56 91 200 132 90 139 218 183 85 57 132 94 153 38 167 196 113 171 161 36 51 133 129 52 137 59 60
99 108 125 154 45 87 156 61 101 60 77 102 83 33 62 101 149 118 169 54 73 99 74 156 150 60 54 85 107 64 57 123 85 127 81 100 22 65 141 122 138 149 59 125 157 23 101 118 68 117 138 130 146 101 150 80 74 47 98 109 127 69 149 71 108 60 102 66 123 131 132 173 109 124 73 14 107 82 90 81
102 104 123 151 42 88 155 57 96 56 80 105 81 38 68 96 146 115 166 59 79 94 68 153 144 64 56 90 111 64 52 118 87 122 78 98 22 70 135 116 137 143 54 121 156 20 98 113 62 116 134 128 140 95 146 85 74 41 98 114 128 63 144 68 105 59 96 66 125 128 133 171 103 119 72 9 102 79 84 75
55 101 101 133 49 53 128 62 108 61 35 57 73 57 45 110 136 104 151 13 44 103 110 135 166 17 88 42 65 102 72 132 44 136 125 76 64 23 155 150 108 170 72 116 128 41 98 125 102 87 134 109 161 134 144 42 50 77 71 67 87 107 154 116 100 102 129 105 80 115 97 147 138 131 48 57 116 126 102 98
169 71 114 116 97 135 140 85 42 85 152 180 87 162 186 39 91 88 115 159 189 51 77 118 21 161 169 180 202 167 75 23 151 22 137 111 138 166 12 43 137 29 74 73 142 112 66 32 78 130 64 107 16 64 72 186 115 85 121 203 164 87 40 135 75 154 41 167 179 93 152 141 44 31 117 123 34 141 44 50
144 74 115 130 61 115 147 56 44 56 124 154 73 114 143 42 112 93 136 122 150 51 30 132 69 125 119 148 171 117 38 53 126 56 90 101 89 131 62 42 137 66 39 86 149 69 66 54 29 123 88 112 65 34 100 151 93 37 108 172 152 39 81 87 78 104 20 118 160 103 145 155 30 59 94 75 44 95 31 19
47 60 35 67 66 18 59 61 87 62 44 60 43 125 111 90 78 50 86 74 102 78 133 68 146 71 153 74 89 164 81 108 36 111 173 18 122 73 134 152 39 157 79 68 59 82 63 99 126 17 87 46 140 149 94 88 27 102 8 88 37 136 118 164 57 159 133 167 50 57 33 78 143 102 28 108 95 175 91 97
182 82 124 123 112 149 148 99 55 100 166 194 101 176 200 53 97 98 120 174 204 64 89 125 6 176 183 195 216 180 90 34 165 31 147 123 152 181 8 47 147 20 89 82 150 127 78 42 90 142 70 116 3 72 76 201 129 99 133 217 176 99 40 146 86 166 52 180 191 102 163 147 53 40 130 137 47 152 59 64
75 35 47 74 36 41 80 25 52 26 60 86 7 110 111 55 71 39 89 77 108 44 96 76 113 76 133 90 111 141 45 75 57 78 141 25 99 81 101 114 65 122 42 50 81 57 33 66 90 47 67 50 107 111 78 100 22 68 31 111 75 100 91 133 33 134 94 143 86 52 69 94 105 71 24 83 61 144 53 59
162 70 114 120 86 129 142 75 38 76 144 173 82 148 173 35 97 89 122 148 178 47 62 123 34 151 154 171 194 152 63 28 144 29 122 108 123 156 27 34 137 35 63 76 144 99 64 34 63 128 70 108 30 50 80 176 109 70 117 194 161 72 52 120 74 138 27 152 174 96 150 145 32 36 110 109 31 126 35 37
161 153 180 205 97 149 213 109 134 108 140 163 134 60 107 133 195 168 218 114 124 136 70 208 163 120 38 145 164 25 95 149 147 153 27 156 42 125 158 120 196 155 98 169 213 79 145 148 69 176 178 182 161 92 190 136 133 72 157 167 189 60 177 18 154 11 107 24 185 180 193 227 109 154 132 52 137 24 120 106
24 94 81 113 62 28 103 69 111 69 3 30 68 89 66 113 122 91 132 31 56 104 131 114 172 26 120 30 50 135 85 135 12 138 155 59 96 27 160 165 83 179 85 107 103 65 93 127 124 62 126 91 166 153 134 42 39 97 50 51 56 130 152 146 92 133 143 137 48 101 68 123 153 131 37 86 120 156 109 109
169 68 110 110 101 135 135 87 42 88 153 181 87 168 190 40 84 84 108 162 193 50 86 112 19 164 177 182 204 176 80 20 151 17 146 109 145 169 6 52 133 33 79 68 137 117 64 29 86 128 57 102 13 74 64 189 116 92 119 204 162 96 30 144 72 162 51 176 178 88 149 134 54 26 117 130 34 151 48 56
129 65 104 121 46 100 136 41 40 41 109 138 60 103 129 38 105 84 130 107 135 44 36 124 79 110 112 133 155 112 22 56 110 60 92 88 79 116 70 57 125 79 23 79 138 55 57 54 31 110 85 102 74 48 97 135 78 26 94 157 137 43 84 87 68 100 36 113 145 95 132 146 45 59 79 64 43 96 26 12
114 59 36 4 113 88 28 100 90 101 114 127 75 187 180 93 28 42 17 143 172 83 161 2 128 140 211 143 156 219 115 96 106 97 214 60 177 143 117 157 41 145 112 48 30 135 68 89 156 55 55 28 123 166 51 158 87 139 67 155 84 167 88 207 57 211 143 221 106 30 63 22 152 88 89 161 94 217 102 115
91 69 27 28 109 70 6 99 102 99 95 103 74 176 163 105 53 49 45 127 153 93 166 27 149 123 203 122 132 213 117 113 86 115 215 50 171 124 137 171 15 164 114 63 7 129 76 105 161 35 76 30 143 176 76 137 76 140 52 130 57 171 111 207 65 207 155 215 80 43 36 26 164 105 77 156 107 218 112 122
39 66 45 77 62 8 68 60 91 60 34 52 46 116 101 94 87 59 96 65 92 82 131 78 151 61 145 64 80 157 80 112 26 116 168 26 115 63 138 154 48 161 78 76 68 76 68 104 124 27 95 56 145 149 102 78 23 99 15 79 37 133 125 159 63 153 133 159 46 66 39 88 144 107 24 102 99 170 93 98
87 22 23 45 65 54 56 52 54 52 79 100 26 139 138 57 43 11 60 102 133 45 116 47 109 100 162 110 127 170 68 71 73 73 167 22 128 104 96 123 46 122 65 28 57 86 28 62 111 38 47 22 103 126 54 122 44 92 33 127 73 122 78 160 18 162 106 172 90 22 59 67 115 64 46 112 61 170 63 73
125 21 63 69 71 91 90 55 20 56 112 137 44 147 159 22 48 37 73 127 158 16 93 71 66 127 164 142 162 167 59 28 108 30 151 62 129 132 54 86 86 80 57 24 92 92 19 19 90 80 26 56 60 95 38 151 73 81 73 162 115 101 40 146 25 156 72 168 131 43 101 94 80 21 75 113 22 155 34 48
131 126 150 177 67 118 183 80 111 79 110 134 105 42 85 110 168 139 190 86 100 111 60 179 149 92 39 117 138 40 69 129 117 133 49 126 15 97 142 112 166 144 71 142 183 48 118 126 56 145 153 153 145 86 165 110 103 48 126 140 158 51 157 39 127 30 95 41 155 152 162 197 100 132 102 21 115 49 97 85
176 167 195 220 112 164 228 124 147 123 155 178 149 72 119 145 209 182 232 128 136 149 80 222 173 135 46 159 177 29 109 161 162 164 25 171 57 139 168 127 211 163 112 183 229 94 159 160 79 191 191 197 170 99 203 149 149 85 172 180 204 70 189 22 169 20 116 26 200 194 208 242 117 166 148 68 149 20 132 119
164 132 165 187 87 145 198 94 107 93 142 169 119 83 127 105 173 149 197 124 141 111 36 189 128 129 72 155 176 62 76 119 148 122 25 144 57 135 125 83 184 119 78 146 200 75 123 119 37 166 152 166 126 55 164 150 126 52 148 179 185 26 147 22 134 47 72 61 186 160 185 210 73 124 125 56 109 29 93 79
13 100 72 101 88 32 84 90 125 90 31 24 79 123 94 127 117 91 121 62 80 116 159 102 185 57 153 45 53 168 109 147 24 150 188 59 129 55 173 186 64 195 108 109 83 96 102 138 151 49 128 84 179 178 134 62 53 125 48 51 26 159 158 178 97 167 165 171 15 97 44 105 175 141 52 119 133 189 126 129
210 111 154 152 135 177 177 124 83 125 193 221 129 194 222 81 125 128 147 198 228 92 99 153 25 200 196 221 243 191 113 63 192 60 152 152 168 206 37 48 176 14 112 111 179 148 107 72 102 171 99 145 31 76 103 226 157 117 162 244 205 108 66 153 115 176 63 191 220 131 192 175 59 70 158 155 75 157 84 87
68 147 139 171 97 86 161 110 156 109 60 60 119 67 21 157 179 147 190 35 4 150 151 172 214 36 96 36 43 114 119 180 69 184 151 116 89 32 203 195 140 217 120 161 160 85 144 173 144 120 179 149 209 177 189 19 92 120 108 47 107 146 201 141 145 119 174 117 90 158 123 181 182 179 90 90 164 150 150 145
106 102 123 151 41 91 156 55 92 55 84 110 80 43 74 92 144 114 165 65 85 91 62 153 139 70 58 95 117 64 48 113 90 117 74 99 23 76 130 110 138 137 50 119 156 21 95 109 55 118 131 127 135 88 143 91 75 35 99 120 131 57 140 64 103 57 90 66 129 127 135 171 97 115 74 6 98 75 80 70
10 114 91 122 89 43 106 95 135 94 26 4 90 108 75 137 135 107 141 48 59 127 158 122 196 41 140 24 32 155 112 158 25 161 180 74 119 38 183 191 86 204 111 125 105 91 115 149 151 69 144 103 190 180 151 41 61 124 64 31 48 157 172 170 111 156 170 158 31 115 66 127 179 153 60 111 143 181 134 135
84 135 138 170 76 89 165 92 137 91 68 81 107 32 17 138 172 140 188 34 32 133 119 172 191 40 63 58 74 80 95 160 77 164 116 113 53 41 181 166 145 192 97 151 165 59 130 154 112 123 167 146 186 146 178 46 86 91 108 77 120 113 184 106 134 84 146 83 109 152 133 184 154 160 84 57 144 115 128 121
152 90 130 146 68 125 162 66 60 66 132 161 86 109 142 58 128 109 153 125 151 67 15 148 79 129 110 153 176 106 46 69 134 72 75 114 82 135 74 41 151 73 48 102 164 71 81 70 16 136 105 127 76 23 116 154 103 36 120 178 163 25 96 73 93 92 23 106 170 119 158 170 29 75 104 70 60 80 47 34
174 84 128 134 96 142 156 87 52 87 156 185 95 153 182 49 110 103 135 158 188 61 61 136 33 161 157 182 205 153 73 41 156 41 119 121 127 167 31 22 151 26 73 90 158 108 78 48 63 142 83 122 31 44 92 187 121 76 130 206 175 71 61 118 88 139 24 153 187 109 164 159 24 49 122 114 45 124 48 47
93 58 83 109 10 66 117 12 52 11 73 102 37 83 99 53 100 71 121 72 102 49 63 111 108 75 102 97 119 108 14 76 75 80 104 62 67 81 97 93 102 111 13 75 118 28 51 70 56 83 88 86 103 82 99 100 45 31 65 121 105 65 100 97 59 99 72 109 111 83 103 130 81 76 45 50 59 107 43 39
158 91 132 147 74 130 164 71 60 71 137 166 89 116 149 58 128 110 153 132 158 67 20 149 73 136 117 159 182 112 51 66 140 69 79 117 89 142 69 34 154 66 53 103 165 78 83 68 23 140 104 129 71 18 115 160 108 43 124 184 167 30 93 78 94 98 17 112 175 120 161 171 21 72 109 77 59 84 47 36
171 69 110 108 105 138 133 91 46 92 156 183 90 174 195 44 82 85 105 166 197 53 92 110 18 168 183 186 207 182 85 22 154 18 152 111 151 173 7 58 133 35 84 67 135 122 66 30 93 128 55 102 13 80 61 193 119 97 121 207 163 102 25 150 73 168 57 182 179 87 149 132 60 27 120 135 37 157 53 61
134 93 127 148 51 110 160 56 71 56 112 141 81 80 115 70 135 110 158 101 125 74 22 151 105 105 83 130 153 82 37 87 116 90 62 107 53 111 98 70 146 100 40 108 161 47 85 85 15 128 115 127 101 48 127 129 90 14 111 155 150 20 115 56 96 69 51 82 154 122 149 172 57 91 90 42 74 66 57 43
128 56 96 112 48 97 128 39 29 40 109 138 54 112 135 27 95 75 119 110 140 33 46 114 71 113 122 134 157 123 25 45 110 49 103 82 89 119 62 57 118 73 25 69 130 61 47 43 42 104 74 93 66 53 85 139 76 36 89 158 133 53 73 98 59 111 36 124 143 85 126 136 46 49 77 73 32 107 14 1
112 122 140 169 60 103 172 75 112 74 91 114 98 25 64 112 163 133 183 65 79 111 75 171 158 71 38 96 116 48 68 133 99 137 70 115 7 76 149 125 153 155 70 139 172 38 115 129 69 132 151 145 154 102 163 89 90 53 114 119 142 68 160 60 122 45 107 50 137 145 148 188 113 135 88 15 118 70 100 89
107 122 138 167 59 99 169 75 114 74 86 109 97 21 58 114 163 132 183 60 72 112 80 169 161 66 40 90 110 52 70 135 94 140 76 113 13 70 153 130 151 159 72 139 170 37 115 131 74 129 152 143 157 107 164 82 87 57 111 113 137 74 162 66 122 50 111 54 132 145 144 186 117 137 86 19 120 76 102 92
45 97 58 81 105 46 58 102 127 102 59 54 84 151 126 130 101 82 99 93 111 118 174 81 184 87 182 77 82 195 122 145 50 148 210 57 154 86 171 193 42 196 120 101 57 117 102 137 167 38 118 69 178 190 122 94 66 142 49 80 6 176 152 201 93 192 174 198 26 84 19 79 184 139 66 143 134 211 132 138
109 148 158 189 86 111 186 102 145 101 92 107 122 13 37 145 188 156 205 59 56 142 113 190 194 65 38 84 99 56 101 167 101 171 97 132 41 67 185 163 167 192 103 165 186 65 143 162 107 145 180 165 190 140 191 71 105 90 128 103 145 105 193 88 148 63 144 59 134 168 156 205 150 168 103 52 151 96 134 124
180 120 161 176 96 154 193 96 90 96 158 187 117 120 159 87 157 139 182 148 171 97 26 178 93 152 113 177 200 104 76 93 162 96 61 145 92 158 92 44 182 80 78 132 194 94 112 96 33 167 133 158 92 17 143 176 133 60 151 202 193 29 119 63 124 89 40 103 199 149 189 201 37 100 133 85 88 66 77 65
108 4 48 60 62 74 77 46 29 47 96 120 29 139 147 32 44 23 68 113 144 21 98 62 83 113 158 126 146 164 56 45 92 47 153 45 124 117 71 98 71 96 53 18 79 84 6 36 93 63 32 43 77 104 43 136 58 79 56 146 98 105 56 147 8 154 82 165 114 33 85 84 91 39 59 107 35 156 40 52
43 97 92 124 52 41 117 62 108 62 22 46 68 70 53 109 129 97 142 16 47 101 117 125 167 15 101 35 58 115 76 132 31 136 137 67 77 20 156 155 97 173 75 111 117 49 94 124 110 76 129 101 162 141 138 40 42 84 61 59 75 115 152 127 95 114 133 118 67 108 85 137 143 129 40 68 116 138 103 101
153 145 171 197 89 140 204 101 126 100 132 155 126 55 101 125 187 159 209 107 118 128 65 199 158 113 37 137 157 27 87 143 139 146 31 148 34 117 153 116 187 151 90 161 205 70 137 141 63 167 170 174 155 89 182 129 125 64 148 160 180 55 171 21 146 13 102 27 177 172 184 219 105 147 124 44 130 29 112 99
112 102 125 152 42 95 158 56 90 55 90 116 81 47 81 89 144 115 165 71 92 89 55 154 134 76 59 102 124 64 46 110 96 114 68 101 24 82 126 104 141 132 49 119 159 24 95 106 49 121 130 129 130 82 142 98 79 30 102 126 135 50 137 59 103 55 84 65 134 127 138 173 91 112 78 8 95 70 77 66
35 134 116 146 100 65 131 108 152 108 41 23 108 99 59 154 159 130 166 44 40 144 165 147 212 38 130 13 10 147 123 175 46 179 178 97 115 33 200 202 111 219 123 146 130 96 134 167 157 94 165 127 207 189 173 22 79 131 87 12 73 162 192 168 132 150 181 150 53 138 91 152 190 172 77 111 160 178 149 148
2 104 81 111 82 33 96 87 125 86 20 14 80 109 80 128 125 97 131 49 65 117 152 112 186 43 141 31 42 156 105 148 17 151 177 64 117 41 174 183 76 195 103 114 95 87 105 139 145 59 133 92 180 173 140 48 52 118 53 41 40 152 162 168 101 155 162 158 27 104 57 117 172 144 50 109 134 178 125 127
63 133 128 160 81 76 152 94 140 93 51 58 104 56 18 142 166 134 179 21 12 135 135 162 198 23 87 35 50 104 103 165 61 169 138 104 75 22 187 179 131 201 103 148 151 69 130 158 128 111 165 137 193 161 175 21 79 104 97 53 102 130 186 128 131 108 158 107 88 145 116 172 166 163 77 75 148 138 134 129
163 69 113 117 89 131 140 78 38 79 146 174 83 153 178 35 93 87 118 152 182 47 68 120 29 154 160 174 196 158 67 24 145 25 128 108 129 160 21 38 136 33 67 73 142 104 63 31 69 128 66 106 25 56 75 180 110 76 117 197 161 78 46 126 73 145 33 158 174 93 149 142 37 32 111 114 30 133 37 42
65 103 107 139 47 60 135 61 107 60 44 67 75 49 43 108 140 108 156 20 46 102 103 140 164 25 79 51 73 93 69 131 53 135 116 82 55 31 153 145 115 167 69 119 135 35 99 125 96 94 135 115 159 128 146 48 55 70 77 75 96 100 154 106 102 92 124 96 90 120 105 154 133 130 53 48 115 117 100 95
137 32 68 66 87 103 91 71 33 72 125 149 59 163 175 34 41 43 66 142 173 32 105 68 61 142 180 156 175 182 75 28 121 28 164 73 145 146 49 90 90 77 72 25 93 108 33 22 102 88 14 59 56 103 25 166 87 95 83 175 123 114 27 160 35 171 79 183 141 44 108 91 87 20 89 128 31 168 47 61
93 123 134 164 61 90 163 77 120 76 74 94 97 19 41 121 163 131 181 44 55 117 95 166 171 50 49 74 93 64 77 143 82 147 94 108 31 54 162 144 144 171 78 140 164 40 117 137 89 122 154 140 167 122 166 65 81 69 105 96 126 89 168 84 123 65 124 67 119 143 135 181 131 143 80 33 127 93 110 101
86 67 87 114 4 62 120 20 64 19 64 93 43 73 87 65 108 78 128 61 90 60 69 116 120 64 93 86 109 101 25 88 68 92 103 63 59 70 109 103 103 123 25 84 121 18 61 81 62 83 98 91 115 90 109 89 42 35 65 111 102 69 112 95 67 93 82 103 105 90 102 135 91 87 42 43 71 106 55 50
144 111 143 166 65 123 177 72 89 72 122 150 97 75 114 87 153 128 176 106 127 92 26 168 118 111 72 137 159 67 54 103 127 107 45 123 47 117 112 78 162 111 57 126 178 55 103 102 23 144 133 144 115 52 145 133 104 30 126 161 164 17 131 39 113 53 62 67 166 139 164 189 66 108 104 40 91 48 74 61
73 43 10 43 74 43 42 64 75 64 69 86 39 142 134 78 53 28 61 97 126 65 133 44 129 95 168 99 114 178 82 91 62 94 179 15 135 97 117 143 27 143 80 46 43 93 49 83 127 17 64 20 124 145 69 113 42 106 21 114 53 137 97 172 39 171 125 180 72 32 38 58 135 85 44 120 82 182 82 91
62 51 55 85 31 31 86 28 66 28 45 73 23 98 96 68 85 53 102 61 92 58 99 87 127 60 123 75 96 133 48 89 44 93 138 30 91 65 115 124 69 135 46 66 87 49 49 81 92 49 83 61 121 117 93 84 9 67 30 96 69 101 107 130 49 127 103 135 76 65 67 103 113 86 10 76 74 140 65 67
57 62 26 55 80 34 43 74 93 74 58 70 52 141 126 96 70 48 74 90 116 83 145 55 149 86 169 86 99 180 94 111 49 113 187 24 138 88 136 160 22 162 91 66 43 97 67 102 139 3 84 37 143 159 89 101 43 115 19 98 33 148 117 179 58 175 141 183 52 51 20 63 151 104 44 124 100 190 99 106
85 20 33 56 54 51 66 40 48 41 74 98 15 129 130 50 52 20 70 95 126 38 106 58 105 94 152 105 124 159 57 67 70 70 155 23 117 98 93 115 55 117 54 32 68 76 22 58 100 43 50 33 99 117 59 116 37 81 33 124 76 111 78 148 17 151 97 161 91 32 65 78 107 61 39 101 55 159 54 63
84 31 52 77 34 51 85 20 43 21 68 95 6 110 115 46 71 40 90 82 114 35 88 79 104 82 131 98 119 139 38 67 66 70 135 33 97 87 92 105 72 113 35 47 87 56 27 58 82 56 63 54 98 102 74 106 30 61 40 119 84 92 85 128 30 130 85 140 95 52 77 98 95 63 32 81 52 138 44 49
57 156 138 168 118 87 152 128 172 127 63 44 130 104 59 174 181 152 188 57 40 165 180 169 232 53 134 32 15 151 141 196 68 200 187 119 124 47 221 220 132 238 141 168 151 112 155 188 173 116 187 149 227 205 195 29 100 147 109 17 92 176 214 177 153 156 199 154 71 160 112 173 208 193 99 123 181 186 168 166
133 98 130 153 52 111 164 59 77 59 111 139 84 74 110 76 140 115 164 98 121 80 26 155 112 103 76 128 150 75 41 93 116 97 57 110 47 109 105 76 149 107 44 114 165 45 90 92 20 131 121 131 108 53 133 126 92 17 113 152 152 22 122 51 100 62 58 75 154 127 151 176 64 97 91 36 81 61 63 50
106 23 62 79 45 73 94 29 21 30 91 118 25 122 133 23 65 41 88 102 134 13 78 81 81 103 139 120 141 144 35 44 89 48 132 51 104 108 69 86 85 91 33 39 96 66 15 36 73 72 49 60 76 87 61 128 53 59 60 142 104 85 64 126 26 133 67 145 117 52 94 103 77 41 54 88 29 136 24 34
92 96 113 142 33 77 144 49 90 48 70 96 71 44 66 91 137 106 157 52 75 88 72 144 142 57 66 82 104 75 47 113 76 117 88 88 33 62 132 117 127 142 49 113 145 11 90 108 65 106 126 118 137 98 138 79 63 41 87 106 117 68 139 78 96 70 96 77 115 119 122 161 104 114 62 19 97 89 80 72
89 38 64 88 25 57 97 9 41 10 71 99 17 102 111 43 80 50 101 80 111 35 77 90 101 81 122 99 121 128 26 65 70 69 124 44 87 86 89 97 83 108 23 55 98 47 32 58 71 66 69 65 96 92 81 106 36 49 50 122 93 81 86 117 39 119 76 130 102 63 88 110 87 63 37 71 49 127 38 41
140 138 162 189 79 129 194 93 123 92 119 142 118 41 87 122 180 152 202 93 104 124 68 191 159 99 29 123 143 28 81 141 126 145 44 138 21 104 153 120 177 154 84 155 195 60 131 138 65 156 165 166 156 94 177 115 114 60 138 146 168 59 169 34 139 18 104 29 164 164 173 210 108 144 113 33 127 43 109 97
129 33 77 86 64 95 106 49 3 50 113 140 47 137 153 4 66 52 91 123 155 10 76 88 59 125 151 142 164 153 47 22 111 26 134 71 117 130 47 69 100 69 45 41 108 83 26 15 73 91 43 71 53 77 54 150 76 66 81 164 124 84 45 130 37 141 54 154 138 60 113 111 63 20 77 100 7 138 17 31
73 147 142 174 94 89 164 108 154 107 64 66 119 59 13 156 180 148 193 35 7 149 145 175 212 37 88 42 51 106 116 179 73 183 144 118 82 35 201 191 144 214 117 162 164 81 144 172 139 124 179 151 207 172 189 25 93 115 110 55 112 140 201 134 145 112 170 109 96 159 128 185 178 177 91 84 162 143 147 142
168 63 102 97 107 134 123 92 46 93 154 180 87 179 197 46 70 77 92 167 198 52 103 99 30 168 190 184 205 190 89 23 151 19 163 105 157 173 21 72 124 48 87 59 125 126 62 29 102 121 44 92 26 92 48 193 116 104 116 205 157 113 12 161 67 177 69 191 174 77 141 120 73 24 118 141 39 168 56 67
120 66 102 122 36 93 135 34 46 34 100 129 56 93 118 45 108 84 132 96 125 48 38 124 89 100 103 123 145 105 14 64 102 68 89 83 70 106 80 67 122 89 16 82 136 44 58 61 32 106 89 101 85 55 101 125 71 17 89 147 131 42 92 83 69 93 46 106 138 95 127 145 55 67 71 54 50 93 32 20
173 170 196 222 113 163 229 125 151 125 152 174 151 67 113 150 212 184 234 125 131 153 86 224 179 131 39 155 173 21 112 166 160 170 33 172 55 135 174 134 212 170 115 186 229 94 162 165 85 191 195 199 177 106 207 145 149 89 172 176 203 76 194 29 171 17 123 18 198 197 208 243 124 171 147 67 154 29 137 123
46 146 127 158 109 76 142 119 162 118 52 34 120 101 58 164 170 141 177 50 39 155 173 159 223 46 132 23 6 149 133 186 57 190 183 108 120 40 211 212 122 229 132 158 141 104 145 178 166 105 177 138 217 197 185 24 90 140 98 10 83 170 204 173 143 153 190 152 62 150 102 163 200 183 89 117 171 182 159 158
175 157 187 211 106 160 221 116 135 115 153 178 141 77 124 134 199 173 222 129 141 138 66 214 158 135 55 160 180 40 100 148 160 152 10 165 57 140 154 112 205 148 103 173 222 90 149 148 66 185 180 189 156 84 192 152 144 76 167 183 201 56 176 8 159 27 102 38 199 185 203 234 102 153 143 65 137 7 121 107
159 63 107 111 87 126 134 75 33 75 142 170 78 153 176 30 87 81 112 149 179 42 71 113 31 151 161 170 192 160 65 18 141 19 131 102 129 156 21 44 130 38 64 67 136 102 58 25 71 122 60 100 25 61 69 176 106 76 112 193 156 81 41 129 67 146 37 160 170 87 144 136 43 26 107 114 25 136 34 40
87 34 10 32 78 57 41 66 67 66 83 100 40 151 146 70 38 16 49 109 139 58 131 34 118 107 175 113 129 184 83 81 76 83 181 26 141 110 106 136 33 132 80 33 42 99 41 72 126 31 50 8 113 140 55 127 52 107 35 128 67 136 84 174 30 176 119 185 86 17 50 52 129 74 54 126 73 184 76 87
162 57 97 92 102 128 118 87 41 88 149 174 81 175 192 41 66 71 89 161 193 47 101 94 34 162 187 179 199 187 85 19 145 15 161 99 153 167 24 72 119 51 83 53 120 121 56 24 100 116 39 87 29 92 44 187 111 100 110 199 151 110 11 158 61 174 68 187 168 72 136 116 73 18 112 137 34 166 52 63
106 64 32 12 113 82 16 101 96 102 108 119 76 184 175 99 39 45 27 138 166 88 165 10 138 135 210 136 148 219 118 104 99 105 216 57 176 137 126 164 31 154 115 55 19 134 72 97 160 48 64 28 132 171 62 151 84 142 62 146 74 171 98 209 61 211 149 221 96 35 53 17 158 96 86 161 100 219 108 119
125 37 80 93 55 92 111 41 8 42 108 136 45 127 145 7 74 57 99 116 147 13 67 95 64 118 141 137 158 143 37 29 107 34 124 71 107 123 52 66 103 71 35 49 113 73 29 24 63 92 52 76 58 70 64 143 72 55 80 159 124 74 55 120 41 131 49 144 136 66 114 117 58 30 73 90 13 128 7 21
99 116 131 161 53 91 162 69 110 68 78 101 91 24 54 110 157 126 176 52 67 108 82 162 159 58 48 83 103 60 66 132 86 136 83 106 20 63 150 131 143 158 68 133 162 31 110 127 76 122 147 136 155 109 158 76 80 56 104 106 129 76 158 73 116 58 111 62 124 138 136 179 118 133 78 20 117 83 99 90
123 51 90 107 44 92 122 34 26 35 104 133 48 111 132 25 91 69 115 107 136 29 50 109 74 109 123 130 152 124 22 45 104 49 107 76 89 115 64 63 112 77 21 64 124 59 42 41 46 98 70 88 69 59 82 134 70 37 83 153 127 57 72 102 54 113 42 125 137 80 120 131 52 47 71 73 30 111 12 6
134 49 54 32 112 104 60 96 72 97 129 147 75 188 190 74 9 41 24 154 185 67 145 34 98 152 209 160 176 215 107 70 123 70 202 72 174 156 88 132 69 116 104 33 62 134 57 65 141 76 28 42 94 145 20 173 96 130 81 175 110 153 57 197 49 205 122 216 131 30 90 53 129 62 98 158 72 206 86 99
189 94 137 139 113 156 163 102 63 103 171 199 108 171 199 60 114 111 137 175 204 72 77 141 21 178 174 198 221 170 89 46 171 45 133 133 145 183 26 30 160 9 89 96 165 125 88 55 80 153 87 130 22 57 93 203 135 94 142 222 186 87 59 133 98 155 41 169 200 116 174 164 38 54 136 131 55 138 62 64
110 49 84 104 31 80 117 21 33 21 91 119 39 101 120 33 91 66 114 93 123 32 55 106 87 96 116 116 139 119 11 55 91 59 107 67 81 101 76 75 105 91 9 64 118 47 40 50 50 89 74 83 81 69 86 121 58 33 73 140 116 60 81 101 51 108 54 120 125 77 111 127 64 56 59 65 39 110 22 19
199 110 154 158 118 167 181 110 77 111 180 209 120 168 201 74 133 128 157 180 208 86 70 160 41 183 168 205 228 161 95 64 180 64 121 147 141 189 47 18 177 24 95 114 183 127 103 72 75 167 106 147 43 46 114 208 146 93 156 229 200 79 80 122 114 147 38 161 212 134 189 183 31 73 147 130 70 126 73 70
150 84 124 140 66 122 156 63 54 63 130 159 81 112 144 51 121 103 146 125 152 60 22 142 73 129 115 152 175 112 44 61 132 64 82 109 86 135 68 39 146 68 45 96 158 72 75 63 22 132 98 121 70 26 109 154 100 37 116 177 159 32 89 80 87 98 19 112 167 113 153 164 26 67 101 73 53 87 40 28
76 59 15 36 93 53 24 83 92 84 78 89 59 159 146 95 55 41 55 109 136 83 152 36 144 106 186 106 118 196 102 107 70 108 199 33 153 107 131 161 8 158 99 58 24 112 66 98 147 18 74 24 138 164 76 121 58 125 35 117 47 157 108 191 55 190 144 198 68 39 27 43 153 99 60 139 98 202 100 110
76 69 25 40 101 57 20 92 102 93 81 88 68 164 149 105 62 51 59 113 138 93 162 40 153 109 192 107 117 203 111 116 72 118 208 42 161 110 141 171 2 168 109 67 20 119 76 108 156 23 83 33 148 173 84 123 65 134 41 115 42 166 117 199 65 197 154 205 65 48 22 41 163 109 66 146 108 210 110 120
55 77 80 111 31 38 109 40 86 40 34 62 49 73 69 87 112 80 128 35 67 80 99 113 145 36 101 56 79 113 54 110 38 114 127 54 71 42 134 134 90 151 54 92 109 35 73 102 92 68 109 87 140 121 120 62 27 65 50 80 77 99 131 117 75 109 112 115 77 92 83 127 122 108 25 59 94 128 81 79
195 94 136 133 125 162 158 112 69 113 180 207 114 188 213 66 106 110 128 187 217 77 98 135 8 189 194 208 230 190 103 46 178 43 155 136 163 194 20 52 158 17 102 93 161 140 91 55 100 154 80 127 14 79 84 214 142 111 146 231 189 108 47 155 98 176 61 190 204 113 175 156 60 52 144 149 60 160 72 77
79 141 140 172 84 89 165 99 145 98 66 75 112 43 6 146 176 144 190 33 21 140 130 174 200 37 73 51 65 90 105 169 75 173 128 116 66 37 190 177 145 202 106 156 165 68 137 162 124 124 173 149 195 157 184 37 89 101 109 68 117 125 192 118 139 95 156 93 104 155 131 185 164 168 87 69 153 126 137 130
165 147 177 201 95 150 210 105 125 104 143 168 131 71 117 124 189 163 212 120 133 128 58 203 151 126 52 151 171 40 89 139 150 143 15 154 48 131 147 106 194 142 92 162 211 79 139 139 58 174 170 178 149 78 182 144 133 65 156 174 190 48 167 5 149 25 95 38 188 175 193 223 96 144 132 54 128 15 111 98
87 47 70 95 16 57 103 2 47 2 68 97 24 94 104 48 88 58 109 74 105 42 74 97 106 75 114 95 117 120 22 71 68 75 118 49 79 81 95 98 89 112 20 63 104 38 40 64 67 71 77 72 101 91 89 101 36 44 53 118 95 77 93 110 47 112 77 122 102 70 91 117 87 70 36 63 55 120 42 42
23 115 99 130 81 47 117 90 132 89 22 18 89 92 59 134 141 111 149 32 43 125 148 131 193 26 124 10 29 140 105 156 28 160 166 78 104 22 181 184 97 200 104 128 116 80 115 148 141 78 146 109 187 172 155 26 60 114 69 30 62 146 173 156 113 141 163 143 47 120 79 138 172 153 58 98 141 167 130 129
165 80 124 133 85 134 153 77 47 77 146 175 88 141 169 44 110 100 135 147 176 56 49 135 44 150 145 172 194 141 62 42 147 44 108 115 115 156 40 22 147 39 62 88 155 96 73 47 51 136 84 119 42 36 94 175 112 64 123 196 168 59 67 107 84 127 13 141 179 107 158 158 17 50 113 101 42 113 40 37
125 39 45 29 101 93 56 86 64 87 119 138 64 178 179 66 4 30 29 143 174 58 137 31 97 142 199 150 166 204 97 66 112 66 193 62 164 145 86 127 62 114 94 23 59 123 47 59 133 67 24 33 92 139 21 163 85 120 71 165 102 144 57 188 38 195 115 206 122 20 83 53 124 58 87 147 66 197 77 91
35 140 115 144 113 69 126 120 161 120 50 23 116 119 78 163 160 133 164 62 60 153 181 145 222 56 150 31 16 167 136 184 52 187 197 100 134 51 209 216 107 230 136 150 125 113 141 175 173 93 169 127 216 204 176 42 87 147 89 13 65 179 198 187 137 170 194 170 43 140 86 147 204 180 86 129 169 197 159 160
175 77 121 122 102 141 146 90 48 91 158 186 93 165 190 45 97 95 121 164 194 57 78 124 16 166 172 186 208 169 80 29 157 28 137 117 141 172 12 40 144 22 79 79 148 116 72 38 79 137 70 113 13 63 77 192 121 88 127 209 171 88 44 136 81 155 41 169 185 99 158 147 43 37 123 126 40 142 50 54
125 129 150 178 68 114 182 82 117 81 103 126 107 30 74 116 171 141 192 78 89 116 71 180 158 84 32 108 128 38 73 136 111 140 59 125 5 88 151 123 164 154 76 146 182 47 122 133 66 143 157 154 154 98 169 100 101 55 125 131 153 63 164 49 130 33 105 40 149 154 159 198 110 139 99 21 122 58 104 92
123 120 143 170 60 110 175 74 107 73 101 126 99 38 79 106 162 133 184 78 93 107 62 172 148 84 41 109 130 45 64 126 108 130 57 119 10 89 141 113 158 144 66 137 176 40 113 123 57 137 148 147 144 89 160 103 95 45 119 133 150 54 154 47 121 38 95 47 147 146 154 191 101 129 94 14 112 57 94 82
172 175 200 227 117 165 232 130 158 129 152 173 155 63 108 157 218 189 240 123 126 160 95 229 188 129 33 152 169 15 118 174 160 178 44 175 56 133 184 144 214 180 120 192 233 97 168 173 94 194 201 203 186 117 213 141 151 95 175 173 203 85 202 40 177 20 132 12 197 202 209 247 134 178 150 70 162 40 144 131
