250 75
193 92 124 251 87 158 194 215 232 159 96 158 208 111 67 171 253 130 404 198 344 292 78 264 241 98 449 118 140 140 297 156 213 347 105 89 282 168 270 350 181 380 210 279 88 184 79 124 260 237 313 141 233 95 310 438 91 175 141 233 133 133 400 408 249 233 147 156 267 188 257 403 256 367 372
47 34 24 33 28 30 34 13 12 43 36 40 42 26 21 21 41 18 45 31 10 28 38 21 23 21 37 46 30 12 12 33 45 33 45 46 35 38 36 49 31 31 25 10 35 41 14 24 25 46 25 45 39 33 10 29 28 22 29 47 44 32 46 45 50 31 24 30 45 26 25 38 27 28 19 33 28 43 26 49 32 27 46 18 30 37 36 44 41 10 41 40 41 21 46 12 46 46 33 47 25 46 20 32 18 38 40 34 12 48 37 25 28 26 49 40 44 39 24 48 12 24 31 11 14 32 50 26 13 50 37 30 46 28 18 47 43 23 49 35 33 14 46 15 42 18 33 23 41 14 45 24 32 44 27 36 20 45 41 10 33 12 44 18 31 23 31 40 21 16 14 43 10 22 25 27 29 28 33 30 12 11 44 16 49 41 11 46 11 44 24 26 37 25 15 24 44 20 31 43 32 19 33 44 37 17 35 36 22 34 33 50 20 24 16 34 44 26 33 41 33 49 32 33 46 33 47 25 26 47 50 36 25 11 31 41 31 35 50 19 39 18 37 38 45 37 28 17 43 29
378 118 210 480 136 229 227 237 295 181 105 243 384 140 128 194 372 201 470 253 409 466 104 436 250 140 496 156 268 152 376 219 366 473 182 175 493 196 500 359 306 395 223 476 108 278 154 137 456 241 455 158 343 144 317 481 130 238 259 438 150 140 495 469 341 321 294 217 461 218 430 482 303 380 455
5 115 169 134 150 156 139 37 92 119 196 85 165 89 116 87 105 142 22 46 79 75 166 106 84 109 80 102 81 84 112 106 51 121 36 150 110 42 157 87 51 110 38 104 96 84 63 94 21 52 116 146 79 77 90 161 31 94 116 76 141 116 106 26 124 83 160 114 152 172 56 114 155 145 129
153 107 108 169 18 224 70 137 240 136 109 222 199 228 37 92 51 35 126 134 171 136 168 162 208 254 208 124 133 77 254 253 162 243 138 91 107 110 71 128 102 140 123 74 226 217 160 234 160 138 223 51 133 135 92 95 145 189 214 222 23 162 152 148 268 71 244 221 165 88 204 131 195 51 87
151 130 139 191 14 244 40 128 236 159 141 213 223 219 32 109 68 6 125 124 184 151 195 180 216 248 196 102 114 91 245 249 150 252 144 60 82 114 102 109 97 160 129 95 233 207 146 225 162 148 235 20 149 117 110 126 151 202 228 223 11 183 171 141 260 82 262 233 190 120 202 107 218 81 59
111 139 190 103 237 76 242 149 110 119 223 145 113 145 207 138 177 235 125 157 58 93 142 83 28 134 158 214 193 151 151 118 156 16 96 257 220 127 201 198 155 108 111 158 28 152 169 146 91 91 16 244 97 188 138 190 92 43 28 75 230 91 93 136 149 158 63 16 128 207 97 226 104 200 237
203 102 59 152 102 210 155 201 288 125 35 282 171 286 116 114 97 120 178 201 185 152 132 161 230 307 271 205 209 114 310 301 228 257 173 176 189 156 43 206 164 134 163 95 250 278 229 292 202 166 231 136 147 210 112 53 182 199 220 261 108 155 150 208 322 117 235 230 136 36 251 214 172 54 172
100 57 90 115 74 166 97 97 186 83 109 177 147 182 50 31 12 76 74 97 108 74 125 102 145 203 167 116 112 14 206 200 123 179 76 118 106 53 66 112 61 83 63 22 164 173 127 187 102 75 160 89 71 112 32 79 84 126 152 164 68 105 93 103 218 12 183 158 117 84 149 128 141 51 103
86 51 105 52 154 89 170 113 150 39 138 161 84 164 128 50 91 155 78 119 32 9 84 26 78 172 161 165 150 67 182 162 133 106 47 189 163 64 111 153 96 29 52 69 97 162 143 168 72 31 82 167 9 147 50 103 52 48 73 117 148 34 23 107 189 77 104 80 70 119 116 178 75 110 171
126 32 52 93 92 150 128 131 209 61 75 206 123 211 80 35 40 101 103 133 109 74 94 91 152 228 198 154 150 40 234 222 157 182 94 150 143 80 37 149 97 66 85 18 172 204 162 216 123 86 158 117 70 150 33 42 103 124 148 182 91 89 80 135 244 48 172 156 89 50 172 165 119 34 138
152 49 34 106 93 164 138 155 235 75 50 232 131 236 91 61 57 107 129 157 131 98 96 109 176 255 224 173 171 65 260 249 182 204 120 160 160 106 12 170 120 83 111 44 196 230 186 242 150 112 179 123 93 171 59 21 129 146 168 208 95 105 98 160 270 71 187 177 95 25 198 183 129 24 150
149 62 85 15 184 67 214 175 205 35 116 222 31 224 166 89 125 191 140 181 79 71 24 44 120 229 224 222 210 108 241 217 196 133 110 235 217 122 111 212 154 39 114 98 137 224 206 228 134 94 104 206 68 207 87 91 115 81 91 170 181 32 40 170 245 120 93 103 10 108 175 234 29 122 219
45 160 216 166 198 171 179 68 43 158 244 42 192 45 164 136 155 188 72 75 103 114 202 136 81 58 51 128 105 134 64 56 58 111 78 187 142 92 207 112 97 148 86 154 83 46 71 48 49 91 118 190 118 100 138 209 70 110 123 42 189 148 140 53 74 133 168 117 188 221 13 138 182 195 166
92 64 100 120 74 169 91 87 179 89 120 168 153 173 46 35 18 74 65 87 107 74 132 105 142 195 157 106 102 16 197 192 113 177 72 112 97 46 76 101 51 88 57 31 160 164 116 179 96 72 159 86 72 102 37 89 79 126 151 158 68 108 97 93 210 5 185 157 124 94 142 118 147 60 96
182 78 37 128 100 186 151 183 266 101 27 262 149 266 107 92 81 117 158 184 161 128 110 136 206 285 253 194 195 94 290 279 210 233 151 172 180 136 21 193 147 110 142 74 225 259 213 272 180 143 207 133 123 196 90 29 160 174 196 239 104 131 125 189 301 98 211 205 113 12 229 204 149 38 166
146 40 59 35 159 93 193 166 211 23 92 223 57 226 145 71 103 168 132 171 87 68 28 53 132 234 222 207 197 90 245 224 190 150 106 214 200 112 84 198 141 34 107 76 150 224 198 230 134 91 122 183 64 196 69 64 113 94 110 177 158 44 45 164 251 101 118 121 22 81 178 219 56 95 200
135 27 39 85 104 143 142 143 216 54 66 216 113 220 94 43 54 114 114 145 109 76 81 87 154 236 209 168 164 52 242 229 169 182 101 164 158 91 35 163 110 61 93 31 174 214 174 225 131 91 157 130 71 163 41 31 110 124 146 187 103 83 76 146 252 61 166 155 78 43 180 180 110 40 152
98 129 182 98 224 79 228 136 104 111 215 137 112 137 194 126 164 222 112 144 47 82 137 75 17 129 148 201 180 138 145 114 143 27 83 243 207 113 190 185 141 100 98 146 25 143 157 138 78 78 21 231 86 176 126 181 78 34 28 68 217 85 85 123 144 145 70 19 123 197 87 213 102 189 223
109 148 178 199 80 241 38 75 184 170 191 153 233 159 57 116 90 62 90 68 169 145 216 179 188 191 134 33 47 98 185 196 90 226 120 44 15 92 147 41 60 167 107 114 202 146 83 166 126 131 216 55 144 51 119 166 123 187 212 180 71 185 173 91 201 86 253 214 207 166 154 40 225 126 23
160 140 177 83 257 27 273 197 173 112 209 207 72 207 231 153 194 259 167 205 84 111 112 82 87 197 218 259 240 170 214 181 209 69 134 291 261 161 199 244 193 106 146 170 91 213 222 208 140 122 50 271 113 236 152 182 133 67 45 138 252 83 92 186 212 180 0 51 102 199 157 271 67 205 273
16 127 182 138 171 152 158 52 73 127 211 73 166 76 136 103 123 162 42 60 78 82 172 108 71 91 73 117 95 102 97 87 57 107 45 169 127 60 173 101 71 117 52 121 80 73 70 81 16 59 106 166 86 90 105 176 38 89 107 56 162 120 111 37 107 102 153 104 158 187 36 129 156 163 148
163 48 10 91 119 149 163 171 242 65 40 244 112 248 116 72 79 132 142 174 129 99 74 101 175 263 238 195 192 81 270 255 198 199 128 186 183 119 32 191 138 75 121 60 194 242 203 253 158 117 172 149 94 192 69 8 136 141 161 212 121 95 90 174 279 89 174 171 76 25 206 206 112 50 175
134 46 79 16 168 75 197 158 194 18 112 208 47 211 150 72 109 175 123 164 68 55 36 33 112 217 209 204 192 91 229 206 180 129 94 218 199 105 100 194 136 21 97 81 130 210 189 215 120 78 101 190 52 190 69 83 100 74 89 159 166 23 26 154 234 103 99 100 22 100 162 217 42 109 202
108 183 221 226 131 259 84 69 161 201 237 122 259 128 107 150 133 113 99 61 183 167 248 201 190 163 100 18 26 133 152 170 68 226 133 78 37 112 193 22 80 195 123 153 199 113 55 134 127 148 223 104 168 30 153 210 133 199 222 167 122 210 198 82 169 123 266 221 238 212 138 16 250 173 64
153 199 226 251 111 293 58 115 215 222 234 177 285 183 101 168 139 93 137 106 219 196 267 231 234 217 155 50 73 149 207 225 120 272 170 39 42 143 192 67 110 220 157 165 246 168 109 189 171 182 264 78 196 78 171 213 172 237 262 218 104 237 225 130 224 138 303 262 259 211 190 40 278 171 41
119 138 163 193 59 239 23 89 198 163 173 170 226 176 39 108 76 41 96 82 169 142 206 175 194 207 152 54 67 89 202 210 107 231 123 39 36 93 130 62 65 161 108 102 209 163 101 183 133 132 219 35 141 71 111 150 127 188 214 190 50 180 168 103 218 77 252 216 198 149 166 60 220 109 22
92 68 120 48 174 71 189 123 144 49 153 161 75 163 148 71 112 175 90 130 18 27 85 18 63 167 164 179 163 87 179 156 141 87 56 208 180 79 129 167 112 38 66 90 82 163 152 166 75 41 62 187 30 160 70 119 59 29 52 109 169 30 25 116 184 97 84 60 70 135 113 192 65 130 189
91 41 85 95 95 145 116 96 175 64 110 171 128 175 70 10 32 97 68 99 88 53 109 81 127 194 163 127 120 9 199 189 123 160 62 136 120 45 71 120 64 63 51 18 146 169 128 181 90 57 139 110 50 119 12 76 70 106 131 150 89 84 72 100 209 21 162 137 100 86 138 139 122 61 121
152 128 136 189 11 242 43 129 237 157 138 214 221 220 32 107 66 9 126 125 183 150 193 179 216 249 197 104 116 90 246 250 152 252 144 63 85 114 99 111 97 159 129 93 233 208 148 226 162 147 235 23 147 119 109 123 150 201 227 223 9 181 170 142 261 81 260 232 188 117 202 109 216 79 62
77 156 199 196 124 228 87 39 140 172 217 106 229 112 94 123 112 108 69 30 152 136 220 171 160 144 85 28 5 108 137 150 44 197 103 89 42 83 173 11 52 166 93 129 170 98 35 118 97 117 192 103 138 4 126 188 102 168 191 140 114 180 168 53 153 99 235 190 209 192 113 39 220 155 70
70 167 224 159 225 152 211 101 31 159 255 65 180 64 191 149 175 216 97 109 95 117 198 131 59 56 82 164 141 152 71 43 95 80 90 220 176 112 220 147 125 148 102 169 53 73 108 65 62 98 94 220 122 136 151 219 81 96 102 6 216 142 137 86 72 154 144 93 183 232 24 174 170 212 200
76 118 172 97 205 91 207 114 95 103 205 121 117 122 173 110 146 201 90 122 36 67 136 70 11 119 131 179 158 120 134 106 122 47 62 221 184 92 177 163 119 92 77 130 30 126 135 124 56 59 40 210 72 153 110 170 57 33 43 58 198 81 78 101 135 126 88 38 122 186 71 191 107 174 201
32 96 152 106 157 126 155 66 100 95 182 105 136 108 124 75 103 152 37 74 50 50 140 77 62 121 105 128 109 78 128 113 81 99 15 169 133 42 146 113 67 84 28 94 77 106 93 113 16 27 90 159 54 105 76 146 7 65 88 73 149 88 79 56 137 81 131 87 126 159 64 141 126 138 149
103 43 78 101 84 154 111 105 188 69 100 182 134 187 63 20 22 88 79 107 100 65 111 91 140 207 174 129 125 14 211 202 132 173 75 132 120 57 59 124 71 70 64 8 159 180 136 192 103 71 152 103 62 124 21 68 84 118 143 164 80 92 81 110 222 22 173 150 103 75 151 141 128 48 118
155 37 29 65 139 123 178 169 228 43 62 235 85 238 129 68 89 149 137 173 109 83 49 79 156 251 231 201 195 83 259 242 195 177 117 200 192 115 56 195 139 54 114 64 174 234 201 243 147 104 149 166 78 194 65 35 125 119 137 197 138 71 68 170 267 94 148 148 50 51 194 213 85 71 188
104 45 78 104 82 156 109 105 189 71 100 183 136 188 61 22 20 86 79 107 102 67 112 93 142 208 174 128 124 15 211 203 132 175 77 130 119 57 58 123 71 72 65 9 161 180 136 193 104 73 154 100 64 123 23 68 85 120 145 165 78 95 84 110 223 21 175 152 105 75 152 140 130 46 116
106 209 265 199 260 186 241 130 20 201 296 63 218 58 226 190 214 250 133 136 136 158 238 171 96 28 85 186 163 192 48 12 115 105 130 247 201 151 261 170 159 189 141 209 84 72 126 54 102 140 126 252 163 158 192 261 122 135 136 45 251 183 178 115 40 192 174 126 223 274 55 195 208 252 227
121 77 119 28 194 44 214 153 165 50 152 187 47 189 170 91 132 197 120 160 42 53 67 19 78 190 192 208 193 109 203 177 171 90 86 234 208 107 137 196 140 43 95 107 94 190 182 192 104 71 61 210 54 190 89 122 88 38 48 129 190 20 29 145 206 120 63 60 53 139 138 221 37 142 216
132 59 68 121 64 177 104 128 218 89 81 209 151 214 57 50 25 75 106 128 130 95 121 116 171 236 199 139 139 43 239 232 155 203 106 127 126 85 37 138 92 93 94 30 190 206 157 220 133 102 181 91 91 140 50 56 115 147 172 195 64 116 106 135 251 45 198 179 117 56 181 149 147 19 116
151 141 153 201 29 253 26 125 234 169 156 208 233 214 38 118 78 13 126 119 190 158 207 189 220 244 190 91 106 99 240 246 145 257 148 45 71 117 116 100 96 170 132 105 236 201 140 221 163 153 241 5 156 110 119 140 154 209 235 223 24 192 180 139 256 89 269 239 202 134 200 95 228 96 46
110 134 185 98 234 71 240 149 114 113 218 148 107 148 204 134 173 232 124 157 54 89 136 77 29 138 160 213 193 147 155 122 156 21 94 255 219 124 196 198 153 103 109 154 32 154 169 149 91 88 10 241 93 188 134 185 90 38 22 78 227 86 88 136 153 155 59 10 122 202 99 226 98 196 235
62 106 149 150 95 189 81 41 146 124 169 126 184 132 61 73 65 85 38 39 116 93 172 128 136 159 112 64 54 58 157 159 66 173 67 95 62 39 126 55 7 119 53 79 151 121 67 138 76 78 163 88 93 53 76 138 70 134 159 134 86 135 123 52 171 49 200 160 161 144 111 77 176 108 75
154 143 183 89 257 36 272 191 162 116 216 197 82 197 231 154 195 259 163 200 81 110 120 84 77 186 209 254 235 170 204 170 202 58 130 289 257 158 203 239 189 109 143 171 80 204 215 198 134 119 40 270 113 231 153 187 128 62 38 127 252 86 94 180 201 180 12 42 109 204 148 267 76 208 270
152 74 67 135 59 193 107 146 238 103 71 229 163 234 63 70 43 74 126 146 149 114 130 134 191 256 217 151 154 64 258 252 173 223 127 129 136 105 30 151 109 109 114 50 210 225 174 240 154 123 200 91 110 155 70 54 135 166 190 215 62 132 123 154 270 64 214 198 128 48 202 160 160 11 122
127 105 148 56 219 31 235 162 154 79 181 182 61 183 193 116 157 221 131 170 47 73 92 46 64 179 191 222 204 132 194 164 176 65 97 253 223 123 166 208 156 71 109 133 76 187 188 185 107 84 36 233 75 201 114 151 97 32 24 118 214 49 56 152 195 142 38 36 79 168 132 235 52 170 234
169 86 67 145 64 204 116 163 256 114 63 246 171 251 76 86 60 81 143 162 164 130 135 146 207 273 234 164 169 81 276 269 189 238 144 137 148 123 31 166 126 121 132 66 226 242 190 257 171 139 214 98 125 170 86 55 152 180 204 232 69 144 135 171 288 81 226 212 136 44 219 173 169 22 132
81 39 92 82 113 128 131 94 162 54 120 161 115 166 87 13 51 114 62 98 68 34 101 64 108 182 156 134 124 26 188 175 119 141 47 151 129 40 84 125 67 50 39 34 127 160 126 171 76 40 120 127 31 122 14 85 55 86 112 135 108 69 57 94 197 36 144 118 90 97 125 147 108 77 134
58 64 120 81 141 114 149 83 131 65 151 136 113 140 111 46 81 139 49 90 42 21 111 55 76 152 134 137 121 55 160 144 104 111 19 166 137 36 117 124 69 55 23 67 95 136 114 144 48 6 93 149 24 118 47 115 26 61 87 102 134 64 53 78 168 62 125 91 98 128 95 150 104 111 147
122 104 122 163 33 214 51 103 208 131 131 189 195 194 3 79 40 28 96 100 152 120 170 150 185 222 173 92 98 61 220 221 127 221 113 73 76 83 88 95 69 131 97 67 202 183 125 201 132 116 204 41 118 101 81 109 119 171 197 193 24 153 141 115 234 51 231 202 164 107 173 100 190 67 63
90 37 85 89 100 139 122 98 173 59 111 170 122 175 76 4 38 103 68 101 82 48 104 75 122 192 163 131 123 15 198 187 124 155 59 142 124 45 72 124 67 57 49 20 141 168 130 180 88 53 134 116 44 122 7 76 67 100 126 147 95 78 67 100 208 26 157 132 95 86 136 144 116 64 126
42 81 133 113 120 147 120 53 128 91 159 122 146 126 87 51 68 115 20 58 74 53 139 88 98 146 115 103 88 47 150 142 77 135 26 135 103 5 120 91 35 84 11 67 114 120 85 132 45 36 122 122 55 85 54 125 31 92 117 107 112 97 85 52 161 47 158 119 127 135 91 116 137 108 116
102 135 166 186 74 229 41 70 180 157 179 152 220 158 48 103 77 58 80 64 158 132 203 167 179 189 133 41 50 85 184 192 89 216 110 52 27 81 136 45 50 155 95 101 193 145 83 164 117 120 205 54 132 53 106 154 113 176 201 173 64 173 161 85 199 73 241 203 194 155 148 50 213 115 32
121 41 83 23 162 77 188 145 182 13 117 195 56 198 142 62 101 167 111 151 57 42 49 24 103 205 196 192 180 81 216 195 167 123 81 209 188 93 100 182 124 9 84 74 121 197 176 202 107 65 95 181 39 178 60 85 87 65 83 148 159 17 15 141 222 93 99 93 35 102 150 205 50 106 192
110 220 277 216 262 206 238 129 26 215 307 51 236 45 228 199 220 250 137 134 152 171 254 187 114 10 74 180 157 199 28 14 111 126 140 243 196 157 270 164 161 204 149 218 104 60 120 40 110 151 146 251 176 152 201 272 132 152 156 61 252 199 193 115 18 198 194 145 239 284 62 187 226 260 223
24 112 168 120 168 134 161 62 84 110 198 89 148 92 134 90 116 161 42 71 60 65 155 90 59 104 91 127 106 93 112 97 72 96 31 174 134 53 162 112 73 100 42 110 71 91 85 97 4 43 91 167 70 102 92 163 23 72 92 59 159 102 93 50 120 94 137 89 140 175 47 139 138 153 153
178 60 16 86 142 142 187 190 253 67 42 258 100 262 139 89 102 156 159 193 134 108 60 103 180 275 254 217 213 101 283 266 216 201 141 209 206 137 54 212 158 79 136 80 199 258 222 267 171 128 173 172 103 212 86 29 149 144 160 221 144 94 93 192 291 110 168 171 66 41 218 228 102 73 199
138 103 142 48 221 19 240 172 169 76 175 196 48 197 197 118 159 224 140 180 57 78 81 46 78 193 204 231 214 135 209 179 188 78 106 259 231 130 163 217 163 69 117 134 90 200 200 199 119 92 50 237 79 210 116 146 107 45 38 132 216 46 56 163 209 146 37 50 69 163 146 244 39 168 241
161 50 53 46 164 101 201 180 227 39 83 238 60 241 152 83 111 174 147 185 102 84 22 68 147 250 237 219 210 101 260 239 204 164 122 223 211 126 83 211 154 49 121 85 165 239 212 246 149 107 135 190 79 209 80 61 128 108 122 193 164 57 60 179 266 112 127 134 25 77 194 231 61 97 209
76 194 249 202 219 205 192 84 40 194 277 7 228 9 185 168 182 206 100 89 139 149 238 172 113 38 27 132 109 164 33 46 63 138 112 195 149 122 237 116 119 184 118 184 111 16 72 14 83 126 150 205 153 104 170 242 105 145 156 64 209 184 176 72 48 161 200 149 223 252 43 139 217 224 176
140 25 47 49 142 108 177 157 211 24 81 219 74 222 128 59 87 151 124 161 91 65 44 60 137 233 216 194 186 76 242 224 182 158 101 199 186 103 68 186 129 35 99 60 156 219 189 227 130 87 131 167 61 184 56 50 109 101 119 178 141 53 50 156 250 87 132 129 39 67 177 206 72 78 185
35 121 170 153 127 182 108 12 115 132 193 95 185 100 93 89 92 116 23 17 106 93 180 127 116 127 82 70 51 79 126 127 39 153 57 118 77 42 151 55 27 125 49 100 128 90 45 106 53 72 147 118 95 47 92 160 57 123 146 106 117 136 125 20 140 73 189 145 168 168 81 83 176 135 98
103 106 133 161 53 208 50 81 188 130 147 167 194 173 19 76 45 43 77 78 142 112 174 145 170 201 151 74 78 57 199 201 105 207 98 70 60 68 103 74 48 129 83 70 187 161 103 179 114 104 192 50 111 79 79 121 104 161 187 175 44 149 137 94 213 45 223 190 166 122 153 83 188 82 55
108 181 219 225 128 259 81 70 164 200 235 125 258 131 104 148 131 110 99 62 183 166 247 201 191 165 103 15 26 132 155 173 70 227 133 75 33 111 191 22 79 194 123 151 201 116 57 137 128 147 223 100 167 30 151 208 133 199 222 169 119 209 197 83 172 121 266 221 236 210 140 12 250 171 60
88 160 216 140 236 124 230 125 61 147 248 100 157 98 203 149 181 230 111 133 80 109 179 114 35 85 116 190 167 156 103 69 123 46 93 241 200 121 218 173 142 135 108 169 21 107 137 98 73 96 64 236 114 162 150 213 86 75 73 28 228 125 122 110 100 160 112 63 165 228 55 201 147 213 221
42 83 139 95 150 120 152 72 112 82 169 118 126 121 118 63 93 146 40 80 44 37 128 67 66 134 117 131 113 68 142 126 90 102 7 168 134 37 134 117 67 72 22 83 83 119 101 126 29 14 89 155 41 110 64 134 8 61 85 85 143 77 67 65 150 72 127 87 114 146 77 144 116 127 148
178 145 177 85 265 27 285 214 193 117 208 227 67 227 242 162 203 269 183 222 99 123 108 91 106 217 238 274 256 180 234 201 227 89 149 304 275 175 202 260 207 112 161 178 111 232 239 228 158 136 70 282 124 252 161 183 149 83 64 158 261 89 100 203 232 191 20 71 100 200 177 287 64 210 285
81 101 138 151 75 194 67 60 166 123 155 146 185 152 41 69 50 65 55 58 125 98 168 132 150 179 132 68 65 51 177 179 86 187 79 84 60 48 111 64 26 119 64 69 166 141 85 158 92 87 174 71 97 66 72 126 84 143 169 152 66 138 125 72 191 40 208 172 159 130 131 80 178 92 65
67 94 149 82 182 90 187 103 109 81 181 128 106 130 151 85 122 179 74 111 17 43 119 52 36 133 133 165 146 96 145 121 116 69 42 203 169 72 153 150 102 70 56 106 55 131 128 133 47 35 54 188 48 142 86 147 39 28 51 75 175 64 59 92 149 103 94 52 105 161 79 178 96 149 183
50 73 129 89 144 118 149 76 122 73 159 127 120 131 113 53 85 141 43 83 43 29 120 61 72 143 126 132 116 60 151 136 96 108 10 165 134 34 125 119 66 64 19 73 90 127 107 135 39 6 92 150 33 113 55 124 17 62 87 94 136 71 60 70 159 65 127 90 106 136 87 145 111 117 146
141 108 117 169 16 223 57 123 228 137 121 209 200 215 23 88 47 24 115 120 165 132 172 160 200 242 194 109 117 72 240 241 148 236 129 79 92 100 80 113 89 139 114 73 218 203 145 221 150 131 217 40 129 120 89 104 136 184 210 212 12 161 150 135 254 64 241 215 168 98 192 116 196 59 73
78 60 103 110 90 156 103 79 165 80 127 156 143 161 61 27 33 89 53 81 92 60 126 92 126 182 147 109 101 12 185 178 106 161 56 122 102 32 85 101 46 78 42 34 144 154 110 167 81 56 143 100 58 100 30 94 64 110 136 143 83 97 85 83 197 11 171 141 117 101 128 121 136 72 105
88 165 206 206 125 239 84 50 147 182 223 111 239 118 97 132 118 108 79 41 163 147 229 181 170 151 90 19 6 116 143 157 52 207 113 83 37 92 179 5 61 176 103 136 181 103 41 124 108 128 203 101 148 10 135 194 113 179 202 150 115 190 178 63 159 106 246 201 218 198 122 29 230 160 65
221 111 57 150 132 206 185 223 303 128 23 301 164 305 145 129 121 150 198 224 192 162 123 164 239 323 292 233 235 133 329 316 250 262 188 206 217 175 60 232 187 138 180 112 258 298 253 311 218 179 235 166 157 236 127 58 197 204 223 274 138 157 153 229 339 138 232 233 131 45 267 242 166 78 202
105 182 222 225 133 257 87 67 158 200 238 119 258 125 108 149 133 115 98 59 181 165 248 200 188 160 97 19 24 133 149 168 65 224 132 81 39 111 194 22 80 195 122 153 197 110 52 131 125 146 221 106 167 28 152 210 131 197 220 164 123 209 197 80 166 123 264 219 237 213 136 19 249 174 66
68 144 187 184 118 216 86 30 136 160 207 105 217 111 87 111 102 103 57 22 140 124 208 159 150 143 87 36 17 97 137 147 42 187 91 91 46 70 163 21 40 154 81 117 161 98 36 118 87 105 182 100 126 15 114 177 91 157 180 134 108 168 156 45 153 87 224 180 197 181 107 48 208 145 71
209 101 49 144 119 201 172 210 291 120 19 288 160 293 131 117 107 137 185 210 183 151 120 156 229 311 279 219 221 120 316 305 237 254 177 193 204 162 47 219 174 130 168 100 248 286 239 298 206 167 227 153 146 222 115 48 185 196 215 263 125 149 145 216 327 125 227 225 126 33 255 228 162 64 188
34 89 145 103 150 127 149 65 107 90 175 111 134 114 117 67 95 145 34 73 50 45 136 75 67 127 109 125 107 71 135 121 82 105 8 164 129 35 139 111 62 80 21 87 84 111 93 119 22 22 93 153 49 103 69 139 1 67 91 81 142 85 75 57 143 74 133 91 122 152 71 138 124 130 144
69 177 226 205 168 226 132 45 102 187 249 62 236 68 136 146 146 152 77 42 150 145 235 177 145 102 40 69 47 135 93 110 20 178 107 133 87 99 206 54 79 179 103 157 150 53 14 74 88 123 180 148 148 43 149 217 103 163 182 112 158 187 177 46 109 128 228 179 222 224 83 75 226 189 115
77 78 118 128 81 173 86 68 164 99 139 150 162 156 48 46 35 76 50 68 106 76 145 110 136 179 139 90 84 28 181 177 95 172 64 105 83 34 95 84 32 96 48 48 153 146 97 161 83 68 156 85 75 84 48 107 70 124 150 146 73 115 103 76 193 18 187 154 136 113 127 103 155 79 87
56 141 197 134 206 131 198 92 57 133 229 82 156 82 172 124 153 199 79 101 69 91 172 105 39 81 93 157 135 129 94 69 93 70 66 209 167 91 196 141 110 122 79 144 42 87 106 84 42 73 76 204 95 130 126 193 58 72 82 23 198 116 111 77 97 132 126 75 157 207 32 169 146 188 188
185 145 173 84 266 30 288 220 204 116 203 237 61 237 244 164 204 270 189 228 105 127 102 93 116 228 247 280 262 182 245 212 235 101 155 307 280 180 200 266 212 112 166 178 122 242 247 238 166 141 80 284 127 259 162 180 155 90 73 168 262 90 101 211 243 193 31 81 96 197 187 293 60 209 289
142 56 84 11 179 68 208 167 199 28 116 215 36 218 161 83 120 185 133 173 73 64 30 38 115 223 217 215 203 102 235 211 189 129 103 229 210 115 108 205 147 32 107 92 132 217 199 221 128 87 100 200 61 200 80 89 108 76 88 164 176 26 33 163 239 113 93 99 15 106 169 227 32 118 213
194 86 38 132 111 190 162 196 276 107 17 273 151 278 120 103 94 128 170 196 169 137 111 143 215 296 265 207 208 106 301 290 222 240 162 184 192 148 33 206 160 116 153 85 234 271 225 284 191 153 214 144 132 209 101 34 170 182 202 249 116 136 132 201 312 111 215 212 116 18 240 216 151 51 178
96 161 198 206 111 241 68 58 161 180 214 126 239 132 85 128 110 93 83 49 166 147 227 182 178 165 105 9 18 111 157 171 65 215 117 68 22 93 170 11 60 175 105 130 189 118 55 138 115 130 209 86 148 23 131 187 117 183 207 161 101 190 178 72 174 100 250 207 216 189 133 22 231 150 50
99 32 76 88 98 140 124 106 181 56 102 179 120 183 76 8 36 102 77 109 87 52 99 77 128 201 172 137 130 19 206 195 132 160 67 144 129 54 64 130 74 56 57 13 148 177 138 189 96 60 138 116 48 129 7 68 75 104 129 155 94 78 67 109 216 30 158 136 91 78 145 149 115 57 129
30 148 203 160 180 172 161 50 61 149 231 51 188 55 146 122 138 170 55 57 99 104 195 131 86 75 51 112 89 119 78 74 44 119 67 169 124 76 192 95 79 139 72 139 91 51 57 60 39 81 123 172 108 84 124 196 59 109 126 56 171 142 133 35 89 117 171 121 180 206 28 122 178 179 148
127 67 80 129 55 184 92 120 214 96 92 203 160 208 44 52 17 64 100 120 132 98 131 122 172 230 191 128 129 41 233 227 147 205 104 115 114 81 48 127 83 99 91 34 190 199 148 214 130 102 184 80 94 130 53 68 112 150 175 192 53 122 112 128 245 39 204 182 127 67 177 138 155 28 104
106 109 136 165 51 212 47 83 190 134 148 169 198 174 18 80 48 40 80 79 145 116 177 148 174 203 153 73 77 60 200 203 107 211 102 67 58 71 104 74 51 133 86 73 190 163 104 181 117 108 196 46 114 79 82 123 107 164 190 177 42 153 141 96 215 49 227 194 169 123 156 82 191 84 51
25 118 169 147 134 175 117 17 107 128 194 90 179 95 100 88 95 124 18 25 98 87 176 120 107 120 80 80 60 80 120 120 40 144 50 128 87 40 153 64 33 120 44 101 119 86 48 101 43 66 138 126 90 56 90 161 48 114 137 96 125 130 119 16 134 75 181 136 163 169 73 92 170 138 107
67 150 207 139 218 131 209 103 53 140 238 84 159 84 184 135 165 211 91 112 75 99 177 110 38 77 97 168 145 140 92 64 102 63 77 220 178 103 206 152 121 129 91 155 35 90 116 85 54 83 74 216 104 140 136 203 69 75 81 16 210 122 117 88 93 143 123 72 163 217 36 179 149 199 200
138 123 137 183 22 234 36 115 223 151 142 200 215 206 20 99 59 8 112 110 172 140 189 171 204 235 183 92 103 81 232 236 137 240 132 58 73 102 101 98 83 152 116 87 221 194 133 212 149 136 224 21 138 106 101 124 138 191 217 210 13 173 162 128 247 71 251 222 183 119 188 97 210 80 53
89 183 239 170 244 157 230 120 30 173 270 73 188 71 210 166 194 235 116 128 107 132 209 142 66 52 93 182 158 170 71 36 112 78 107 239 195 131 238 165 144 162 120 186 54 82 124 69 81 115 97 239 137 153 168 235 99 105 107 19 235 154 150 105 67 172 145 96 194 249 42 192 178 230 218
55 149 196 182 138 209 107 18 115 161 218 84 214 90 105 117 114 123 52 12 133 122 209 155 137 122 66 53 30 105 116 126 21 173 85 112 66 71 175 36 48 154 78 126 146 77 18 96 75 101 170 121 124 25 120 186 83 148 170 115 128 165 154 29 132 97 214 168 197 193 87 64 205 158 92
152 76 101 17 198 51 227 180 202 47 132 222 17 224 180 101 139 205 146 187 77 76 35 44 114 226 225 230 217 120 239 213 201 122 114 247 227 130 127 220 162 48 120 111 130 225 211 227 136 98 93 219 75 215 99 107 118 75 81 165 196 33 45 175 242 132 78 93 24 124 173 243 13 137 231
65 144 200 132 214 126 206 102 59 134 232 88 153 88 180 129 160 207 87 110 69 93 171 104 33 83 100 167 144 135 98 70 102 61 72 218 176 99 200 150 118 123 86 150 33 94 116 89 50 77 69 213 98 139 131 197 64 69 76 22 205 116 111 87 99 138 119 68 156 211 39 178 143 194 197
148 71 98 12 193 54 222 176 199 43 129 218 22 220 175 96 134 200 141 182 73 72 34 40 112 223 222 226 213 115 236 210 196 122 110 242 222 125 123 215 157 43 115 106 128 221 206 224 132 94 93 214 70 210 94 104 114 73 80 163 191 29 40 170 240 127 80 92 22 121 170 239 17 133 226
158 75 61 134 66 192 115 154 244 103 63 236 161 241 71 74 50 81 133 153 152 117 126 135 195 262 225 159 162 70 265 258 180 226 132 137 144 112 24 159 117 109 120 54 214 232 182 246 160 127 202 98 113 163 73 49 140 168 192 220 69 132 124 161 277 71 215 200 126 41 207 168 159 10 130
95 191 248 180 250 166 234 123 24 182 279 69 198 66 215 174 201 241 121 130 117 141 219 152 76 44 90 183 160 178 63 27 113 86 115 242 197 138 246 167 149 171 127 194 64 79 125 64 88 123 106 244 146 155 176 244 107 115 116 27 241 163 159 108 58 179 154 106 204 257 45 193 188 238 222
49 157 213 159 204 161 188 78 39 153 243 52 183 53 170 135 158 195 76 85 95 109 196 129 69 59 63 140 116 136 69 52 71 97 76 196 152 94 207 123 104 143 86 154 69 57 84 56 47 88 106 198 114 111 137 208 68 100 112 29 195 141 134 62 75 136 156 105 181 220 2 150 173 197 176
102 58 108 35 171 69 190 131 157 37 141 173 65 176 146 67 108 173 97 138 31 29 72 6 77 181 176 185 170 85 192 169 151 98 64 209 183 83 120 173 116 26 72 84 95 175 161 179 86 49 72 186 29 167 66 108 68 40 60 122 166 17 11 125 197 95 86 70 57 124 126 198 56 122 191
80 164 220 149 231 137 222 114 46 153 252 84 168 82 198 149 179 224 104 122 87 113 188 122 46 70 100 178 155 154 87 55 110 62 91 232 189 117 220 161 134 141 105 169 36 91 123 82 67 97 78 229 118 150 150 216 83 85 87 12 223 133 129 99 86 157 127 77 174 230 40 189 158 213 211
101 94 122 150 54 198 61 84 188 119 136 169 183 175 20 65 33 48 75 81 134 103 162 135 164 201 155 84 85 46 200 201 109 201 92 81 71 62 92 83 48 118 77 59 181 164 108 181 110 97 185 57 101 87 67 110 98 152 178 172 45 139 127 95 214 35 214 182 154 111 152 94 177 72 66
45 146 202 145 199 148 187 78 49 141 233 65 170 66 165 126 150 191 71 86 81 97 183 116 57 71 75 142 119 128 81 62 76 88 66 197 153 87 197 126 100 130 77 145 60 70 89 69 38 76 94 195 102 114 127 197 58 87 99 27 191 128 121 63 87 129 144 93 168 210 15 153 160 188 176
136 25 38 83 107 141 145 144 216 52 66 216 110 220 96 44 56 117 114 147 108 75 78 85 153 236 210 170 166 54 243 229 170 180 101 167 160 92 36 165 111 59 94 33 173 215 176 225 131 91 155 133 70 165 41 30 110 122 144 187 106 81 74 147 252 63 164 153 75 44 180 182 107 43 155
89 205 261 209 235 208 209 101 31 203 290 19 233 14 201 181 197 223 114 106 145 159 246 180 115 21 42 149 126 178 19 32 81 136 124 212 166 136 251 133 135 193 130 198 110 29 89 10 94 137 151 222 163 121 183 255 116 149 158 63 226 191 184 89 31 176 200 149 232 266 48 156 223 239 193
55 173 228 181 203 187 179 69 42 173 256 27 208 30 168 147 163 191 80 75 119 128 217 152 97 51 35 124 101 144 52 53 53 125 91 185 139 102 217 108 102 163 97 164 97 30 65 35 62 105 134 192 132 96 150 221 84 126 139 53 193 163 155 56 64 142 183 132 203 232 26 133 198 205 165
118 165 197 216 95 256 46 81 186 187 209 152 249 158 75 134 108 76 101 73 182 160 233 195 199 191 131 23 44 115 183 197 91 236 133 42 6 106 165 37 74 184 120 132 211 144 81 164 136 145 228 66 160 49 136 184 135 200 225 185 86 201 189 96 200 104 267 226 224 184 158 24 242 144 26
25 144 198 158 175 171 156 45 66 146 226 55 186 59 140 117 133 164 50 53 98 101 192 128 87 80 53 108 85 114 83 79 41 121 63 164 120 71 187 91 74 136 67 134 93 55 55 65 36 78 123 166 105 80 120 191 56 108 126 60 165 139 130 30 94 112 171 121 178 202 33 119 176 174 144
216 109 58 152 121 209 174 216 299 128 26 295 168 300 135 125 113 139 192 216 191 159 128 164 237 318 286 223 226 127 323 312 243 262 184 195 207 169 54 223 180 138 175 107 256 292 245 305 213 175 235 155 154 227 123 56 193 204 223 271 127 157 153 222 334 131 235 234 134 41 262 232 170 69 191
55 173 228 183 201 190 177 67 45 174 256 26 210 30 167 147 162 189 79 72 120 129 218 153 100 53 32 121 98 144 53 56 50 128 92 182 136 101 217 104 100 163 97 164 100 28 61 35 63 106 137 189 133 92 149 221 84 128 142 57 191 165 156 54 66 141 186 135 204 231 30 130 199 204 162
197 96 54 146 99 204 152 195 281 119 33 275 166 280 112 107 92 117 172 195 178 145 127 154 224 300 265 201 204 107 304 295 222 251 167 173 185 150 36 201 158 128 156 88 243 272 224 286 196 159 225 133 140 205 106 47 175 192 214 255 105 149 143 202 315 111 229 223 131 30 244 209 166 48 169
93 185 229 221 151 249 108 58 136 200 248 96 254 101 123 152 142 134 92 51 173 161 248 195 174 136 73 40 28 138 125 145 47 209 125 105 60 109 204 31 81 193 118 159 181 86 33 107 113 140 208 127 163 27 155 218 123 188 209 145 141 205 193 67 142 129 254 206 236 222 116 43 245 185 89
101 112 162 77 213 62 222 138 122 91 195 151 91 151 184 112 152 213 110 146 33 67 116 55 32 147 160 201 181 126 162 132 149 44 78 239 205 107 173 186 138 80 92 132 45 156 162 153 81 69 19 223 71 177 112 163 75 15 15 85 207 64 65 126 163 134 60 17 102 179 100 214 81 173 219
173 102 86 162 49 220 102 162 260 130 80 247 189 252 68 97 64 67 146 161 176 141 154 161 217 276 234 156 163 88 277 273 188 250 151 123 139 127 50 159 126 136 138 76 236 242 188 258 177 148 227 83 137 165 96 74 159 193 217 239 56 159 150 172 290 85 242 225 153 63 223 164 186 37 120
83 120 174 96 210 86 213 121 98 104 207 127 114 127 179 114 151 207 96 129 38 71 135 70 9 123 137 186 165 125 138 109 129 41 68 228 191 98 180 170 126 93 83 134 28 132 142 129 63 64 33 216 75 161 114 173 63 31 37 62 203 81 79 108 139 131 82 31 121 188 77 198 104 178 208
32 131 187 134 184 142 174 68 64 127 217 74 160 76 150 110 134 176 56 76 71 83 170 105 57 85 80 133 111 111 94 78 71 91 50 185 143 71 181 117 86 117 61 129 64 77 84 80 21 61 93 181 87 106 112 182 42 80 96 42 176 116 108 53 102 113 141 91 156 194 29 145 150 172 164
74 125 164 170 94 208 69 43 152 144 182 127 203 133 62 92 77 80 54 37 134 113 191 148 152 162 110 44 38 75 159 165 64 190 85 79 42 58 138 37 25 139 72 95 166 120 61 139 90 97 180 80 113 39 95 153 88 152 177 145 84 155 143 57 174 65 219 178 180 157 120 57 196 119 59
145 108 114 169 14 224 61 128 232 137 117 214 200 219 28 90 48 27 119 125 167 134 171 161 203 246 198 114 122 74 245 245 152 238 132 82 96 104 77 118 93 139 117 73 221 208 150 225 153 134 219 43 131 125 91 101 139 186 211 216 15 162 151 140 259 66 243 217 167 95 196 121 196 57 78
56 76 133 81 157 105 164 87 119 71 164 129 111 132 127 63 98 155 55 95 29 27 115 52 59 141 130 146 128 72 151 132 105 94 21 180 148 49 132 132 80 61 34 83 78 130 116 136 41 11 77 164 31 125 64 129 23 47 72 88 150 63 54 80 158 78 113 75 101 143 85 159 101 127 161
138 30 37 88 103 146 142 145 219 57 63 218 115 222 93 46 54 113 116 147 112 79 83 90 157 239 211 169 165 54 245 232 171 185 104 164 158 93 31 164 111 64 96 33 177 216 176 228 134 94 160 129 74 165 43 28 112 127 149 190 102 86 79 148 255 63 169 158 80 40 182 180 112 38 152
132 96 108 157 28 210 64 116 219 124 115 201 188 207 20 75 34 34 105 114 153 119 161 147 188 233 187 109 115 59 233 232 141 223 117 86 93 89 73 111 80 126 102 60 206 196 140 213 139 119 205 50 116 116 76 95 124 171 197 201 24 148 137 127 246 51 228 202 156 92 182 117 183 52 78
31 93 149 106 153 128 151 64 103 93 179 107 136 110 120 71 99 148 34 72 51 49 139 77 65 123 106 125 106 74 131 116 80 103 12 166 129 38 143 111 64 83 25 91 81 107 91 115 18 25 93 155 52 102 73 144 4 67 91 77 145 88 78 55 139 77 134 91 125 156 66 138 126 134 145
95 75 107 131 65 180 80 85 182 100 125 168 164 174 35 46 19 63 68 85 117 85 143 116 150 198 156 98 96 27 199 195 112 186 79 100 87 51 81 94 48 99 64 41 168 164 113 180 101 81 169 75 83 96 48 96 86 136 162 163 58 120 108 94 212 16 196 166 135 99 146 109 158 63 85
35 103 153 137 120 169 108 29 121 115 177 107 170 112 85 72 79 111 11 34 94 77 164 112 110 136 97 81 64 63 137 135 55 147 44 121 84 25 136 68 20 108 34 84 124 103 62 118 48 58 138 115 79 61 75 144 45 111 135 107 111 120 109 33 150 58 178 136 151 152 86 94 161 121 101
33 146 198 169 158 190 134 23 87 153 223 63 200 68 124 116 124 145 45 29 114 110 200 141 111 96 51 82 59 108 94 99 17 146 71 140 95 68 181 65 59 144 69 130 118 58 30 74 52 87 146 146 113 54 119 189 66 127 147 86 148 151 141 13 108 104 192 144 187 198 58 93 190 167 120
18 117 169 143 140 169 125 23 101 125 195 87 175 92 105 88 99 130 17 31 92 83 173 116 99 115 78 87 66 81 117 114 42 136 45 135 94 40 154 72 39 117 41 102 111 84 52 98 36 61 131 133 86 62 90 161 43 108 130 89 131 126 115 16 129 78 174 129 160 170 66 99 165 141 115
98 216 271 225 235 227 204 101 52 217 298 17 250 14 202 190 202 221 121 104 161 172 261 195 134 37 32 141 120 185 21 52 77 157 135 206 159 143 258 126 137 207 140 206 130 21 83 12 106 149 171 219 176 115 192 264 128 167 177 83 225 207 199 91 38 182 220 169 247 274 65 147 240 245 187
82 129 166 176 89 216 61 50 160 149 183 133 210 139 58 96 78 74 62 44 142 120 196 155 161 169 115 39 38 79 165 172 70 198 93 71 35 66 139 35 33 145 80 98 174 126 65 145 98 105 189 73 120 40 99 155 96 160 185 153 79 162 149 65 180 68 226 186 186 158 128 52 202 120 50
167 48 27 70 145 126 187 181 239 52 57 246 86 250 138 80 99 157 149 184 119 94 46 87 165 261 243 212 206 94 270 252 206 185 128 209 202 127 60 206 150 63 125 75 183 246 213 254 158 115 157 174 89 205 77 36 136 128 144 207 146 78 77 181 278 104 152 155 51 51 205 224 87 77 197
27 143 196 164 162 182 140 29 81 149 222 60 194 65 128 115 125 151 44 36 107 105 196 135 102 92 51 90 67 108 91 93 25 137 66 147 103 67 182 74 62 140 66 129 110 57 38 71 45 82 138 152 109 62 117 188 61 120 139 77 153 146 136 15 104 105 184 136 183 198 50 101 184 168 127
162 193 214 249 94 293 42 126 231 218 220 195 282 201 90 164 131 76 144 118 222 197 261 231 242 235 174 65 88 145 226 241 136 280 174 20 51 145 179 81 114 217 160 158 255 186 125 207 179 184 270 60 196 93 166 201 177 241 266 230 88 236 224 141 243 133 306 268 254 197 203 59 275 158 34
43 161 216 172 191 181 169 58 52 162 244 38 199 42 156 135 151 179 67 64 110 117 207 142 93 64 40 116 92 132 65 64 45 123 80 175 130 89 204 99 90 152 85 151 95 39 58 47 51 94 130 180 121 87 137 209 72 119 134 55 181 154 145 44 77 129 179 128 193 219 26 125 189 192 155
51 123 169 161 115 194 93 20 129 138 190 105 194 111 81 90 87 102 35 17 118 101 186 136 131 139 90 57 40 77 137 141 45 168 69 103 62 48 147 43 20 131 58 99 144 100 46 117 68 82 161 103 103 37 93 159 69 135 159 121 105 145 133 33 151 70 202 159 174 165 96 70 185 130 82
62 58 111 92 118 132 128 76 144 68 139 142 126 146 88 30 59 116 43 81 64 35 117 70 98 163 137 122 109 34 169 157 101 133 30 146 119 22 102 111 53 62 20 49 116 141 108 152 58 28 115 127 35 107 33 104 38 83 109 119 111 77 65 75 179 39 146 113 105 115 107 135 118 93 127
201 97 51 145 106 203 159 200 285 119 27 280 164 284 119 111 97 124 176 200 180 147 124 155 225 304 270 207 210 112 308 298 227 252 170 180 191 154 39 207 164 128 160 92 245 277 229 290 199 162 226 140 142 211 109 46 179 193 214 258 112 149 144 206 319 116 228 224 129 30 248 216 165 53 176
75 101 155 82 192 84 198 112 109 86 188 131 104 132 162 95 132 190 84 120 19 51 121 54 28 133 138 175 155 106 146 120 124 59 52 213 179 82 161 160 112 75 67 115 47 135 136 135 55 46 44 199 56 151 95 153 49 21 41 73 185 65 62 101 149 113 85 41 106 169 81 187 94 158 194
109 11 67 60 124 115 151 124 184 28 98 188 93 192 104 27 63 129 91 128 73 41 73 54 119 206 185 162 153 46 213 197 149 146 71 172 156 70 70 154 97 30 67 36 138 188 156 197 101 59 122 144 36 152 24 63 79 88 111 154 120 53 43 124 222 57 135 120 64 78 149 175 87 71 157
69 152 196 190 127 221 93 30 131 167 216 98 223 105 96 119 111 112 61 22 144 130 215 164 151 137 79 36 14 105 130 142 36 188 95 96 50 77 172 20 48 161 86 126 161 91 28 111 88 110 184 108 132 9 122 186 95 160 183 132 117 173 162 44 146 96 227 182 203 190 104 48 214 154 77
117 98 119 157 38 208 56 99 203 125 129 185 190 190 7 73 34 35 90 96 146 114 165 144 178 217 170 92 97 54 216 216 124 214 106 77 77 77 86 93 64 125 91 62 196 179 122 196 126 110 197 47 111 99 75 106 113 164 190 188 30 147 135 110 230 44 225 195 159 105 168 101 184 65 66
128 108 151 58 222 30 238 163 154 82 184 182 63 183 196 118 160 224 133 171 49 76 94 49 64 178 191 224 206 135 194 164 177 63 99 256 226 125 169 210 158 74 111 136 75 187 190 185 108 86 34 235 78 202 117 154 98 33 22 117 217 52 59 153 194 145 36 34 81 171 132 237 54 173 237
84 182 238 173 239 162 223 112 21 174 270 64 193 61 204 164 190 229 110 120 109 132 211 144 70 45 83 173 150 167 63 30 103 86 105 231 186 127 235 156 138 162 116 184 61 72 115 60 77 113 103 233 136 145 166 234 96 109 112 18 229 156 151 97 61 168 152 102 197 247 34 183 182 227 211
121 121 143 179 41 228 32 96 205 148 152 181 212 187 18 94 58 26 96 91 162 132 189 164 190 216 164 74 83 75 213 217 118 227 118 53 56 88 109 79 66 147 103 85 207 174 114 193 133 125 213 30 130 86 96 130 124 181 207 193 31 168 156 110 228 64 243 210 182 128 171 81 206 88 42
160 103 131 41 225 23 250 192 196 74 162 222 23 223 204 124 164 230 158 199 79 91 62 56 106 221 229 247 232 143 236 206 209 105 125 269 246 146 157 235 179 71 134 137 118 226 221 226 142 110 77 244 91 229 122 137 127 70 66 159 221 50 62 184 237 154 50 77 54 154 172 260 18 166 252
152 96 95 158 32 214 82 139 239 125 96 224 187 230 44 84 45 48 125 137 164 129 156 152 202 255 211 133 139 71 255 253 165 236 133 103 116 108 58 135 103 129 119 65 221 219 164 236 157 132 215 64 125 141 84 82 141 181 206 220 35 152 142 150 268 67 234 213 153 75 203 140 184 38 99
159 138 175 81 255 25 272 196 173 110 207 207 71 207 230 151 193 257 166 204 83 110 110 80 86 197 218 257 239 169 214 181 208 70 132 290 260 159 197 243 192 104 145 168 91 212 221 208 139 120 49 269 112 235 150 180 132 65 44 137 250 81 90 185 212 179 2 51 100 197 157 270 65 203 271
82 141 196 120 223 106 221 120 77 127 228 111 137 110 191 131 166 218 102 129 60 90 159 93 14 102 124 186 164 140 118 87 124 38 79 234 194 108 200 170 132 115 94 152 11 117 137 111 65 79 47 225 95 159 132 194 72 54 55 41 215 104 102 106 118 145 97 46 144 209 62 198 127 196 213
72 190 245 200 214 205 187 79 44 191 273 9 226 13 180 164 178 201 95 84 137 146 236 170 113 43 24 127 104 160 38 51 58 139 109 190 144 118 233 111 114 181 114 180 112 13 67 19 80 123 150 200 150 99 166 238 102 144 156 66 204 182 174 68 53 157 200 149 221 248 43 134 216 220 171
85 176 233 164 239 151 226 117 34 166 264 75 182 73 205 160 188 231 111 125 101 125 203 136 60 57 93 179 156 165 75 41 110 73 102 236 192 126 232 163 140 155 114 180 49 84 123 72 76 108 91 235 130 151 162 229 93 99 101 13 230 147 143 101 72 167 140 91 188 243 39 189 172 224 215
136 141 186 93 249 51 260 174 140 116 219 176 94 175 221 147 187 249 147 182 69 102 129 81 57 164 188 238 218 162 182 148 183 36 115 276 242 145 202 223 175 107 130 166 58 182 196 176 116 106 21 260 105 214 146 189 113 50 24 105 244 86 92 162 179 171 33 23 116 206 127 250 86 205 257
126 14 57 49 136 106 168 143 197 17 90 204 78 208 119 46 78 144 109 147 79 52 54 52 126 219 202 181 172 64 228 210 167 150 87 189 174 88 70 173 116 26 85 50 145 204 175 212 116 73 123 159 47 171 43 57 94 91 111 165 134 47 41 142 236 75 129 121 46 73 163 194 74 77 174
191 74 17 107 135 163 183 199 268 86 21 271 121 275 137 99 103 150 169 201 152 124 80 122 199 290 265 220 218 108 297 282 225 221 155 205 207 147 46 216 165 97 148 86 218 269 230 280 184 143 193 167 119 217 96 26 163 163 180 238 138 114 112 202 306 116 189 191 87 29 233 230 123 67 197
155 122 127 184 0 238 54 135 241 151 127 220 215 226 34 104 62 19 128 131 181 147 185 175 216 254 204 113 124 87 252 254 158 251 144 74 95 115 89 120 101 154 129 88 233 214 155 232 164 146 233 34 145 127 105 114 151 199 225 226 10 176 165 147 266 79 257 231 181 107 206 119 210 69 73
92 144 198 118 230 99 230 131 85 127 230 120 132 120 198 136 172 226 111 139 61 94 157 93 16 109 134 196 174 146 126 94 134 28 86 243 204 116 204 180 141 116 102 157 4 127 148 120 74 85 39 234 99 170 137 196 80 52 49 49 223 103 102 117 125 152 88 38 142 212 72 208 123 201 223
110 53 80 113 72 166 101 107 196 81 99 187 145 192 52 33 11 77 84 108 112 78 120 103 152 214 177 125 122 22 217 209 134 185 85 122 114 63 55 121 72 82 72 17 170 184 137 198 111 82 164 91 74 122 34 69 93 130 156 173 68 105 94 114 228 23 185 162 114 73 159 136 140 40 109
134 134 179 86 244 45 255 172 143 109 212 177 87 177 216 141 181 244 144 180 64 96 121 74 57 167 189 235 215 156 184 151 182 41 111 272 239 140 195 220 171 100 125 159 61 183 195 178 114 102 20 255 99 211 140 181 109 45 19 107 238 79 85 160 182 165 30 22 109 198 128 247 79 198 252
77 173 229 163 232 154 218 108 29 164 261 68 183 66 198 155 182 223 104 116 100 122 202 135 61 53 85 170 147 159 70 39 101 79 96 227 183 119 227 154 132 153 108 175 53 76 114 65 69 104 95 227 127 142 157 225 88 99 104 9 223 146 142 93 69 160 144 94 187 239 30 181 173 219 207
180 134 161 72 256 23 279 215 204 105 191 235 49 236 234 154 194 261 182 222 100 118 90 84 115 229 244 273 256 173 245 213 230 103 148 298 273 172 188 260 205 102 159 168 123 240 242 237 161 134 80 274 119 253 152 168 149 86 72 168 252 80 92 206 244 184 35 81 84 185 185 286 48 198 281
93 27 81 73 116 123 138 106 171 43 110 173 106 177 92 12 53 119 74 110 70 35 90 59 113 192 168 145 135 31 199 185 131 144 57 158 139 52 76 136 79 41 51 30 132 172 138 182 86 47 121 132 31 134 11 75 65 87 112 143 111 62 50 106 208 43 141 119 80 88 135 157 100 72 142
141 171 194 225 79 270 25 107 214 195 201 181 259 187 69 141 108 60 122 99 199 173 238 207 220 220 160 52 73 122 212 225 119 258 151 13 33 122 160 66 92 193 137 135 234 172 110 193 158 161 247 46 173 78 143 181 155 218 243 211 71 213 201 122 229 110 283 245 231 178 185 50 252 138 11
152 83 79 145 48 201 97 143 239 112 81 226 173 232 54 75 42 63 125 142 155 120 141 141 196 255 214 143 147 66 257 252 169 228 129 118 127 106 42 144 106 117 116 55 215 222 170 238 155 126 206 80 116 149 75 66 137 172 197 217 51 140 131 152 269 64 223 204 138 59 202 152 170 22 112
86 179 224 215 149 242 108 51 131 193 243 91 247 97 120 146 138 132 85 44 165 154 241 188 166 131 69 41 25 133 121 140 40 202 118 106 61 103 199 30 75 186 111 154 174 82 26 103 106 133 201 126 157 23 149 213 116 180 202 139 139 198 186 60 138 124 246 199 229 218 110 46 238 181 89
73 101 155 83 191 86 196 110 107 86 188 129 106 131 160 94 131 188 82 118 20 51 122 55 28 131 136 173 153 105 145 119 122 60 51 212 177 81 160 158 110 75 65 114 47 133 134 133 53 45 45 198 55 149 94 153 47 23 43 72 184 66 62 98 148 112 88 43 107 169 80 185 96 157 192
148 91 91 153 36 209 84 137 236 120 94 221 182 227 44 78 41 50 122 135 158 124 151 147 197 251 208 133 138 66 252 249 163 231 129 106 116 103 54 135 100 124 115 59 216 217 162 233 153 127 210 67 120 140 79 78 137 176 201 216 38 147 137 147 265 62 229 208 148 72 199 141 178 34 100
26 101 153 130 129 159 120 35 113 110 179 103 162 108 95 71 84 121 1 41 83 69 158 103 98 129 95 92 74 65 132 127 58 135 34 133 96 23 138 78 32 102 26 86 112 100 66 113 36 48 126 126 72 71 74 145 34 100 124 97 121 113 101 32 144 63 167 124 145 154 77 105 153 125 113
52 93 139 134 103 171 96 43 139 109 162 124 167 129 69 60 62 95 25 45 98 75 157 110 120 154 113 80 68 48 154 152 70 158 50 111 79 21 120 70 12 103 36 70 136 120 74 135 62 60 146 101 76 66 63 130 54 116 141 123 94 118 106 49 167 42 182 143 145 137 103 93 159 104 92
168 73 84 34 193 75 227 193 224 50 112 241 30 244 179 104 137 202 159 199 98 90 11 63 138 248 243 238 227 123 260 236 215 148 129 248 233 140 114 229 171 56 132 110 154 243 225 247 154 113 119 217 87 225 101 92 134 98 106 188 192 51 60 189 264 134 101 118 14 108 194 251 34 128 233
183 158 191 98 277 40 295 220 192 130 222 228 81 227 252 174 215 280 190 228 107 133 122 102 108 216 240 281 263 191 233 199 232 86 156 313 284 183 215 267 216 124 169 189 110 234 244 228 163 144 71 292 135 259 172 197 156 89 68 157 272 101 111 209 230 202 23 72 114 214 178 294 78 223 295
43 145 194 174 144 199 117 12 104 155 217 76 206 82 111 113 115 131 45 13 123 114 203 147 124 112 60 65 42 103 108 115 15 160 76 123 78 66 175 48 48 147 71 124 134 70 21 88 63 92 158 130 117 37 116 185 73 137 159 103 134 157 146 17 123 97 203 156 190 192 75 76 196 159 103
94 186 243 173 248 158 234 124 30 176 274 75 191 72 214 170 198 240 120 131 110 135 212 145 68 52 95 185 162 174 71 35 115 78 111 243 198 135 241 169 149 165 124 190 56 84 128 70 85 118 98 243 140 157 172 239 103 108 108 23 239 157 153 109 66 176 146 98 197 253 46 195 181 234 222
137 73 79 135 51 191 93 129 223 102 87 212 165 217 47 61 27 62 110 128 141 106 134 129 181 240 200 133 136 51 242 237 155 214 114 116 119 90 44 133 92 106 101 42 200 208 156 223 140 111 193 79 102 137 61 66 122 159 183 202 51 129 119 137 254 49 211 191 131 63 187 143 161 23 107
64 90 146 81 177 93 182 99 111 79 178 128 107 130 146 80 117 174 69 107 18 39 118 52 41 134 132 161 142 91 146 123 113 75 37 198 164 67 148 146 97 68 51 101 60 130 125 133 45 30 59 183 44 138 81 143 35 32 55 77 170 63 57 89 151 98 98 57 104 158 80 173 97 145 178
151 44 58 37 162 94 197 171 216 28 90 228 56 231 148 76 107 171 137 176 92 73 24 57 136 239 227 211 202 94 250 229 195 154 111 218 205 117 85 203 146 38 112 79 154 229 203 235 139 96 125 186 69 200 73 64 118 98 113 182 161 47 49 169 256 105 120 124 21 81 183 224 56 97 204
137 134 151 193 35 243 21 110 220 161 157 194 226 200 29 108 70 16 112 105 178 147 201 179 207 230 176 80 93 90 226 232 131 244 135 43 60 105 116 87 82 161 120 98 223 187 126 206 150 141 229 13 146 96 110 138 140 197 223 209 27 183 171 124 241 79 259 227 195 134 186 84 220 94 38
71 49 102 87 116 130 129 84 152 61 130 151 120 155 87 22 55 115 52 89 65 33 109 66 102 172 146 127 116 29 178 166 109 136 37 148 124 30 94 117 59 56 29 42 121 150 117 160 67 32 117 127 32 114 24 95 46 84 110 126 109 72 60 84 187 37 145 115 98 107 115 140 113 85 130
175 128 156 66 249 18 273 209 201 99 186 231 44 231 228 148 188 254 177 216 94 112 85 78 111 225 240 267 250 166 241 210 224 101 142 292 266 166 182 254 199 96 153 162 120 236 236 233 156 128 77 268 112 247 146 162 144 81 68 164 246 74 85 200 241 177 35 78 78 179 181 280 43 191 274
193 93 53 144 95 203 148 190 277 116 35 271 165 276 108 103 87 113 168 191 175 142 126 152 220 296 261 196 199 103 300 291 217 248 163 169 180 146 32 197 154 125 152 84 240 268 219 281 192 155 222 129 137 200 102 45 171 189 211 251 101 146 141 197 311 106 227 220 129 28 240 205 165 44 165
71 151 194 190 124 222 89 33 135 167 214 103 223 109 93 118 109 108 62 24 146 130 215 165 154 141 83 33 11 104 134 146 40 190 96 92 46 77 170 17 47 161 87 124 164 95 32 115 91 111 186 104 132 8 121 184 96 162 185 135 114 174 162 47 150 95 229 184 203 188 107 45 214 151 73
119 176 209 224 109 262 59 81 182 197 222 145 258 151 89 144 120 90 105 72 188 167 243 202 201 185 123 16 39 126 176 192 86 238 138 52 16 113 178 32 80 193 126 143 212 136 75 157 137 151 231 80 167 44 146 197 139 205 229 183 100 209 197 95 193 114 272 229 233 197 156 11 250 158 39
128 126 146 185 37 234 27 102 211 153 153 187 217 193 21 100 63 20 103 97 169 138 194 170 197 222 170 77 88 81 219 224 124 234 125 49 58 95 111 83 73 153 110 90 214 180 119 199 140 131 219 23 136 91 102 133 131 187 213 200 27 174 162 116 234 70 250 217 187 130 177 83 211 90 40
93 126 159 176 75 219 49 63 173 148 174 147 210 153 45 94 70 60 71 58 147 122 193 156 169 183 129 46 50 75 179 185 84 206 99 62 35 70 130 47 40 144 85 93 183 140 79 159 108 109 195 59 121 52 96 147 103 165 191 164 65 162 150 78 194 64 231 193 184 149 140 57 202 110 42
152 45 59 37 163 93 198 172 216 29 91 228 55 231 150 77 108 172 138 177 92 74 23 57 136 240 228 213 203 95 250 229 196 153 112 220 206 118 86 204 147 39 113 81 154 229 204 235 139 97 125 188 70 202 74 65 119 98 112 182 162 47 49 170 256 107 119 124 19 82 184 225 55 98 205
190 81 33 127 111 185 162 192 272 102 16 270 146 274 118 98 91 128 166 193 164 132 106 138 210 292 261 205 206 102 297 286 219 235 157 183 190 144 30 204 157 111 149 81 229 267 222 280 187 148 209 144 127 206 96 29 166 177 197 244 115 131 127 197 308 107 210 207 111 14 236 214 147 49 177
166 57 23 107 104 166 150 169 247 79 36 245 130 250 104 74 71 118 143 171 140 107 92 115 185 267 238 187 186 79 273 261 196 212 132 172 174 120 14 184 135 88 124 57 205 243 200 255 162 123 186 135 102 186 71 11 141 153 174 219 106 109 104 174 283 85 190 184 94 11 211 197 129 35 164
16 135 189 152 164 169 146 36 77 139 216 65 182 70 129 107 122 153 39 44 94 94 185 123 89 91 60 101 78 103 93 90 38 125 55 155 111 61 176 84 63 129 58 123 98 64 51 75 32 71 124 156 98 73 110 181 49 107 126 68 154 134 124 21 105 101 171 122 171 191 43 112 172 164 134
121 113 159 67 223 40 237 158 143 88 192 173 74 173 196 120 161 224 128 166 46 76 104 53 53 168 182 219 201 136 183 153 170 52 95 254 222 123 174 205 154 79 108 138 64 178 183 175 102 84 23 235 79 197 119 161 94 28 11 107 218 59 64 147 183 145 39 23 91 178 123 232 65 177 235
148 108 143 49 227 11 248 182 178 79 175 206 42 207 204 124 165 231 150 190 67 86 79 53 88 203 214 240 223 143 218 188 198 85 116 267 240 139 166 227 172 74 126 140 99 211 210 209 129 102 58 244 87 220 123 148 117 55 46 142 223 51 62 173 219 153 34 58 68 165 156 253 34 173 249
168 89 72 149 59 207 111 161 255 117 68 244 175 249 71 87 59 76 142 160 166 131 140 149 208 272 232 160 165 81 274 268 187 239 144 132 144 122 35 162 124 123 131 66 227 240 188 255 170 139 216 93 127 167 86 60 152 182 206 232 64 146 138 169 286 80 229 214 140 49 218 169 173 24 128
150 31 26 73 126 132 166 161 226 47 59 230 96 234 117 60 77 137 130 165 111 81 61 83 157 248 225 191 185 73 255 239 187 181 113 188 181 108 45 185 130 57 108 53 176 229 193 239 143 101 154 153 76 184 57 26 121 122 142 195 126 76 72 163 264 83 156 152 61 43 191 202 95 58 176
90 142 178 189 93 228 57 55 164 162 194 134 223 140 65 109 89 77 73 48 154 132 209 167 171 172 115 27 31 92 166 176 71 208 105 64 23 78 150 27 45 158 92 110 183 126 64 146 108 117 200 72 133 34 112 166 107 172 197 160 83 174 162 71 182 81 238 197 199 169 134 39 215 130 43
188 90 53 143 91 201 143 185 272 114 38 266 164 271 102 99 82 108 163 185 172 138 126 149 217 291 256 191 194 98 295 286 212 245 158 164 175 141 28 191 149 123 148 80 236 263 214 276 187 151 219 124 133 195 98 44 167 186 208 247 96 144 138 192 306 101 225 218 129 28 236 200 164 38 159
113 223 280 219 264 210 239 130 29 218 310 50 240 44 229 202 222 252 139 135 155 174 258 191 118 10 73 180 157 201 26 17 111 130 143 243 197 159 273 164 163 207 152 220 108 60 120 39 113 154 150 252 179 152 204 274 134 156 159 65 254 202 197 116 14 201 198 149 243 286 64 187 230 262 224
156 91 85 152 42 209 93 146 243 120 85 230 181 235 53 82 47 59 129 144 162 127 148 149 202 259 217 142 148 72 261 257 172 235 135 115 126 111 48 144 109 125 121 62 221 226 172 241 160 133 213 75 123 150 82 72 143 179 204 222 46 148 138 155 273 69 230 211 146 64 207 151 178 29 109
57 142 199 135 207 132 198 93 55 134 230 81 157 81 173 126 155 200 80 101 71 92 173 106 40 79 92 158 135 130 93 68 93 70 67 210 168 93 197 141 110 123 80 146 42 86 106 83 43 74 77 205 97 130 127 195 59 73 83 22 199 118 112 78 96 133 127 75 158 208 31 169 147 190 189
41 159 212 178 174 194 149 40 73 164 238 46 207 52 140 130 140 162 60 45 120 120 211 149 110 81 36 94 70 124 77 84 23 143 81 154 108 82 197 77 75 155 82 145 115 42 35 58 57 97 146 162 124 65 133 204 75 131 149 77 165 160 150 29 92 120 194 144 197 213 48 103 198 183 134
146 136 177 83 249 34 263 183 157 109 210 191 79 191 222 145 187 250 154 191 72 102 115 76 71 181 202 245 226 162 198 165 194 54 121 280 249 149 196 231 181 101 134 163 75 197 207 192 126 110 34 262 105 222 145 181 120 54 30 121 244 79 87 172 196 171 16 35 104 198 141 258 72 201 261
73 119 174 101 205 95 206 111 91 106 207 117 121 118 173 111 146 201 88 120 39 69 140 73 11 115 127 176 155 120 130 102 119 48 61 220 182 91 179 160 118 94 76 131 29 122 132 120 53 59 44 209 74 151 111 172 55 37 47 54 197 85 81 98 132 126 92 42 125 187 67 188 111 175 200
101 185 227 225 143 255 98 64 149 202 244 109 258 114 116 152 139 125 96 56 179 165 250 199 182 149 86 30 25 137 138 157 57 218 130 93 50 112 200 26 81 195 121 157 191 99 44 120 121 145 216 117 167 27 155 216 129 194 216 156 133 208 197 75 155 127 261 214 238 219 128 30 249 181 78
141 62 92 4 184 60 213 168 195 33 124 213 31 215 165 87 125 191 133 174 69 64 35 34 110 219 215 217 204 106 231 207 189 122 102 233 213 117 116 206 149 34 107 97 126 215 199 218 126 86 93 205 62 202 84 97 107 70 80 159 182 22 32 163 235 117 85 92 21 114 165 230 26 125 217
11 108 162 129 146 153 136 39 98 113 190 91 160 96 111 81 99 137 17 47 76 70 161 101 84 115 86 102 82 78 119 111 56 122 31 148 108 36 151 87 47 104 31 98 97 90 66 101 22 47 115 142 73 78 83 155 27 92 114 81 137 112 101 30 130 77 158 113 147 165 61 115 151 139 127
108 78 125 40 190 52 207 141 152 54 158 173 61 175 165 87 128 192 108 148 28 45 79 18 65 176 178 198 181 104 189 163 158 81 74 226 198 97 139 185 130 45 84 104 82 176 169 178 90 59 53 204 47 178 86 127 76 26 41 116 185 26 29 133 192 114 67 52 65 143 124 211 51 142 207
133 71 80 133 52 189 92 125 220 100 90 208 163 214 45 58 23 62 107 125 138 103 134 127 178 237 197 131 133 47 238 233 152 211 110 114 117 87 46 130 89 104 97 39 197 204 153 219 136 108 190 78 100 134 58 67 119 156 181 198 51 127 117 134 251 45 209 188 130 65 183 140 159 25 105
48 71 127 93 136 124 141 72 125 75 156 127 125 131 105 49 79 133 37 78 51 32 122 66 79 146 125 126 110 54 153 139 93 115 11 158 127 26 120 113 59 66 12 68 97 127 103 136 40 13 100 142 35 107 51 121 19 69 95 99 129 75 64 67 162 58 135 98 109 133 89 139 116 112 138
147 100 134 40 220 18 242 180 182 71 166 208 34 209 198 118 158 224 147 187 66 82 69 47 92 206 215 237 221 136 221 192 197 92 113 262 236 136 157 224 169 67 123 132 104 212 208 211 129 98 64 238 82 217 116 139 115 56 52 145 216 44 55 172 222 147 43 64 59 156 158 250 26 165 244
88 91 125 144 67 190 69 72 174 114 142 157 178 162 33 60 37 60 61 70 123 94 159 127 152 188 143 80 78 41 188 187 98 189 80 88 70 50 98 76 36 112 65 58 169 152 98 168 97 86 174 68 92 79 63 114 86 142 168 159 58 132 120 82 201 30 205 171 150 117 139 91 171 79 71
113 128 177 89 230 62 238 151 122 106 210 155 98 155 201 129 169 229 124 159 50 84 127 70 34 146 166 215 194 143 163 131 160 29 93 254 219 123 190 199 153 96 108 149 41 161 173 156 93 85 3 239 88 190 129 178 90 32 13 86 224 78 81 138 162 151 52 1 113 195 105 227 89 190 234
89 198 254 194 242 187 221 110 4 192 284 44 216 40 208 177 198 231 116 117 130 149 232 165 94 21 65 166 143 177 37 12 95 111 117 227 181 135 248 149 141 181 127 195 86 53 106 37 88 128 128 233 153 137 179 249 109 131 137 41 233 177 171 96 37 177 177 127 217 261 39 174 205 238 207
122 117 138 175 38 225 36 98 206 144 147 183 208 189 13 91 54 25 96 93 160 129 185 161 189 218 166 78 87 72 215 219 120 226 117 58 61 87 104 83 67 144 102 81 206 177 117 195 133 123 211 31 127 90 93 125 123 179 205 193 28 165 153 111 230 61 240 209 178 123 171 86 202 83 47
135 140 159 198 44 247 13 107 216 167 165 189 231 195 35 113 77 25 111 101 180 151 207 183 207 226 171 71 86 94 221 228 126 244 136 35 52 105 124 80 81 166 121 104 223 182 120 201 149 143 231 17 149 90 115 146 141 199 225 207 36 187 175 121 237 83 262 228 201 143 183 76 225 103 29
67 152 197 189 130 219 96 28 128 167 217 96 222 102 98 119 112 114 60 20 143 129 215 163 149 134 76 39 16 106 127 139 33 185 94 99 53 76 173 22 48 160 85 127 159 88 25 108 86 109 182 111 131 11 122 186 93 159 181 129 120 172 161 42 143 97 225 180 203 191 101 50 213 155 80
141 161 182 217 65 264 11 108 217 186 189 186 250 192 58 132 98 47 120 101 194 167 229 200 218 224 166 60 79 113 218 229 123 255 148 14 40 118 147 72 89 185 133 125 232 178 115 198 157 156 243 32 166 83 135 169 152 213 239 212 58 205 193 123 234 102 277 241 221 166 186 60 244 126 11
146 112 150 55 230 11 250 180 172 84 182 201 50 202 206 127 168 233 149 188 65 87 86 55 82 197 210 239 222 145 213 182 195 78 115 268 240 140 171 226 172 78 126 143 92 206 207 204 126 101 51 246 89 219 126 154 115 51 40 136 226 55 65 171 213 155 28 51 75 171 151 252 42 177 250
59 139 184 177 121 208 92 22 129 154 204 100 210 106 89 106 100 107 49 13 132 117 202 152 142 137 83 44 25 93 132 141 37 179 83 98 54 64 161 29 35 148 74 114 153 94 34 113 78 97 173 105 119 22 109 173 83 149 172 126 111 160 149 37 148 84 216 171 190 179 99 57 201 143 78
97 90 120 145 59 193 66 81 184 115 135 166 179 172 25 60 31 53 70 79 128 97 158 129 159 198 152 85 85 41 197 197 107 195 87 86 74 57 91 83 45 113 72 55 176 161 107 178 106 91 179 63 96 86 63 108 93 147 173 167 50 134 122 92 211 30 209 177 150 110 148 96 172 72 70
73 184 241 184 226 182 205 94 16 180 270 36 208 34 191 162 183 215 100 100 120 136 222 155 89 32 55 150 127 162 42 28 80 111 103 211 165 120 233 134 125 170 112 180 84 44 91 34 74 115 125 216 141 122 164 235 95 124 132 37 216 167 160 80 48 161 174 123 207 247 25 159 198 222 191
145 89 90 150 37 206 84 134 233 118 94 218 180 224 42 76 38 50 119 132 155 121 149 145 194 248 205 131 136 63 249 246 160 228 126 106 114 100 54 132 97 121 112 57 213 214 160 230 150 124 207 67 117 137 76 77 134 173 198 213 38 144 134 144 262 59 226 205 146 72 196 139 176 33 99
191 158 188 97 279 41 299 227 204 129 218 239 76 238 255 176 217 282 197 235 113 137 117 105 118 227 250 288 270 194 245 211 240 98 163 318 289 189 214 274 222 125 175 191 122 244 253 239 171 150 81 295 138 266 174 194 163 97 77 169 275 102 113 217 242 205 32 83 111 211 189 301 75 223 300
120 113 134 171 37 221 40 98 205 140 143 183 204 189 9 86 49 26 94 94 156 125 180 157 187 217 167 81 89 67 215 218 121 223 114 62 64 84 100 85 65 139 99 77 203 177 118 195 131 120 208 34 123 91 88 121 120 175 201 192 27 160 149 110 229 57 237 205 174 119 170 89 198 79 51
78 188 238 214 179 233 142 56 99 197 261 57 245 63 147 157 157 163 88 54 158 155 245 186 150 97 34 76 56 147 86 107 30 182 116 141 95 110 218 63 91 189 113 168 154 47 25 68 96 132 186 159 158 52 160 228 112 171 189 113 169 197 186 56 103 140 234 184 232 235 85 81 235 201 124
35 130 187 132 187 138 177 72 64 126 217 77 158 79 153 110 136 179 59 81 69 82 169 102 52 86 83 137 115 113 96 78 75 87 51 188 147 73 182 121 89 115 62 130 60 80 88 82 23 61 89 184 87 110 112 182 42 76 92 39 178 114 107 57 102 114 137 87 154 194 30 149 148 173 168
146 78 108 16 200 44 226 175 193 49 140 214 21 216 180 100 139 206 141 182 69 72 44 38 105 217 218 227 213 120 230 204 195 112 108 246 225 126 132 216 159 47 115 112 120 217 205 219 129 93 83 220 71 210 98 113 112 65 71 156 197 29 41 169 233 131 70 83 33 130 165 240 12 141 230
184 65 24 85 151 140 195 197 257 70 46 264 97 268 148 96 110 164 166 200 137 112 56 104 183 280 260 225 221 109 288 270 223 202 146 218 214 143 62 220 166 81 142 88 201 263 229 272 176 133 174 181 107 220 93 37 154 145 161 225 153 95 95 198 296 118 166 172 64 48 223 236 100 81 207
135 178 205 230 95 272 42 98 203 201 215 167 264 173 81 147 118 76 118 90 199 175 246 210 216 207 146 37 60 128 198 213 107 253 150 30 23 122 172 53 90 198 137 143 229 159 97 180 153 161 245 63 175 65 149 193 152 217 242 203 87 216 204 114 215 116 283 243 237 191 175 33 256 151 23
69 162 208 197 142 224 107 33 121 176 229 86 229 92 111 130 124 126 67 26 148 137 224 170 150 125 66 45 22 117 117 131 26 186 100 108 62 85 186 29 60 169 93 138 159 78 15 98 89 115 184 123 139 17 133 198 98 163 184 125 132 180 168 43 134 109 229 182 212 204 97 54 220 168 89
171 91 72 150 61 208 113 163 257 119 67 247 176 252 74 89 61 78 145 162 168 133 140 151 210 275 235 163 168 83 277 271 190 242 146 134 147 124 36 165 127 125 134 69 230 243 190 258 173 142 218 94 129 169 89 60 155 184 208 235 66 148 140 172 289 83 231 216 140 49 221 171 174 26 130
61 158 215 153 216 149 202 93 38 151 246 65 175 65 181 140 166 207 87 101 89 108 191 124 56 61 79 157 133 143 75 50 88 81 80 212 168 103 211 140 116 140 92 159 53 72 101 66 53 89 92 211 113 128 141 210 72 91 99 11 207 136 130 78 78 144 142 91 176 223 18 167 165 203 191
173 133 163 72 254 17 276 208 195 104 194 227 53 227 231 151 192 258 176 216 93 114 94 80 106 219 236 267 250 170 236 204 223 94 142 295 267 167 189 254 200 100 153 166 114 232 235 228 154 129 71 271 115 246 150 170 143 79 63 159 250 78 89 199 235 181 26 72 86 186 177 280 50 197 277
66 55 108 92 115 134 126 78 148 67 135 146 126 150 85 26 55 113 46 83 67 37 115 71 102 168 140 122 110 29 173 162 103 137 34 144 119 24 97 112 54 61 24 45 120 145 111 156 63 32 119 124 36 108 29 100 43 86 112 123 108 77 65 78 183 35 148 116 104 111 112 135 118 88 126
102 69 98 127 63 178 84 94 190 96 115 177 160 182 37 43 9 64 76 94 118 85 137 114 154 206 166 107 106 25 207 203 121 189 84 105 96 57 71 104 58 96 69 34 172 173 123 188 107 84 170 77 82 106 45 86 91 137 163 170 57 117 106 103 220 17 195 168 130 89 153 118 154 53 91
62 178 233 184 211 188 188 77 34 177 262 25 210 26 176 153 170 199 87 83 121 132 220 154 96 43 39 132 109 151 46 45 61 122 96 193 147 108 223 116 110 166 103 170 95 31 72 30 67 110 133 200 136 103 155 227 88 127 139 49 201 166 158 64 57 149 182 131 206 238 25 141 199 211 173
181 65 9 102 128 159 175 189 260 80 25 262 119 266 128 90 94 143 160 191 145 116 79 116 191 281 255 210 208 98 288 273 216 214 146 197 198 137 39 207 155 90 139 77 210 260 220 271 176 134 187 159 111 208 87 17 154 156 175 229 131 108 105 192 297 106 185 185 84 23 224 221 120 59 188
95 124 156 175 71 218 47 67 176 146 170 151 209 157 41 92 67 56 73 61 148 122 191 156 170 186 133 50 54 74 183 188 88 208 100 61 38 71 126 51 42 143 86 90 185 144 83 163 110 110 196 56 121 57 95 144 104 166 192 167 61 162 150 81 198 62 231 194 182 145 143 60 202 106 41
137 25 52 46 144 104 178 155 207 20 85 215 72 219 129 57 88 152 121 159 86 62 43 56 132 229 213 193 184 75 239 220 179 154 98 199 186 100 71 185 128 31 96 60 151 216 187 223 127 84 127 168 57 183 54 54 105 96 114 174 142 48 45 154 246 86 128 125 38 71 173 205 69 81 185
124 137 185 94 242 59 250 162 128 114 218 163 99 163 213 140 180 241 136 170 61 95 131 78 44 152 175 226 206 154 169 136 170 27 105 266 231 135 199 211 165 104 119 159 46 169 184 163 104 97 9 251 99 202 140 186 102 42 18 93 235 85 89 149 167 163 45 11 118 203 114 239 91 200 246
156 48 26 101 102 160 146 161 238 72 45 236 125 241 99 64 64 115 134 163 131 98 89 107 176 258 229 180 178 70 264 251 188 203 123 169 168 111 16 177 127 81 115 49 196 234 192 246 153 114 177 132 93 179 62 13 132 145 166 210 103 102 96 165 274 77 184 176 89 21 202 191 124 32 159
53 90 137 131 103 169 97 46 140 106 160 126 164 131 68 57 59 95 26 48 96 73 154 108 119 155 115 83 71 45 156 153 72 157 48 113 82 19 117 73 15 100 34 67 135 122 77 137 62 58 144 101 73 69 60 127 53 114 140 123 94 115 103 52 169 39 180 142 142 134 104 96 156 102 93
84 163 205 203 127 235 88 45 142 180 223 107 236 113 98 130 118 111 76 37 159 144 228 178 166 146 86 24 3 115 138 152 47 202 110 88 41 90 179 9 59 174 100 136 176 98 36 119 103 124 199 105 145 6 133 194 109 175 198 145 117 187 175 59 154 106 242 197 216 198 117 34 228 160 70
141 62 63 124 66 181 109 137 227 91 73 218 152 223 62 57 34 78 115 138 136 101 120 121 178 245 208 147 148 52 248 240 164 210 115 131 133 94 29 146 101 96 103 37 198 215 166 229 142 110 187 94 97 149 57 50 123 153 177 203 66 119 110 144 260 54 202 185 118 48 190 157 149 9 122
121 126 149 183 45 231 28 94 204 152 158 178 216 184 24 98 64 29 96 89 165 135 194 168 192 214 161 69 79 79 210 216 115 229 120 48 51 90 115 74 66 151 105 91 208 172 111 191 134 127 215 29 134 82 101 136 125 183 209 193 36 172 160 108 226 68 246 213 187 134 170 75 210 94 36
100 102 131 158 55 205 54 80 186 127 145 165 191 171 21 73 42 46 74 77 138 108 170 141 167 199 150 75 78 54 197 199 104 204 95 74 62 65 101 75 46 126 80 67 183 160 103 177 111 101 189 53 107 79 75 119 101 157 183 172 46 146 134 92 211 42 220 187 162 120 151 85 184 81 58
72 82 124 131 84 174 86 62 159 103 144 145 164 150 51 49 41 79 45 63 105 77 149 111 134 174 133 86 79 33 175 172 89 170 61 104 80 31 101 79 26 99 46 54 150 141 92 156 80 68 155 87 76 79 52 113 67 124 150 142 76 117 105 70 188 24 188 153 139 119 123 98 157 85 86
173 59 10 102 118 160 164 179 252 77 29 253 122 257 117 81 83 132 151 181 140 110 83 113 187 273 246 199 197 88 280 266 206 211 138 186 187 128 28 196 145 87 131 67 206 251 210 262 168 127 184 149 105 198 78 7 146 153 172 223 120 106 102 183 289 96 185 182 86 15 216 210 122 49 177
63 82 138 77 169 95 176 97 117 72 170 131 105 133 139 72 109 167 65 104 18 31 114 48 49 140 134 157 139 83 151 129 113 82 32 192 159 61 140 143 92 61 45 93 68 133 124 137 45 23 65 177 36 135 73 135 31 35 60 84 162 59 52 88 156 90 102 63 99 150 84 170 95 136 173
205 91 35 128 132 184 183 210 285 107 5 285 142 289 139 113 110 149 183 211 172 142 101 142 218 306 278 225 225 119 312 298 237 241 171 205 211 160 49 223 175 117 163 98 237 283 240 295 200 160 213 165 137 226 110 39 179 183 201 255 136 135 132 214 322 125 210 212 108 30 249 235 144 69 198
55 105 150 147 102 184 88 36 140 122 171 121 180 126 67 72 68 91 31 36 110 88 169 123 129 153 107 68 56 58 152 152 63 167 61 102 67 34 128 57 1 116 47 80 144 116 65 132 68 72 156 95 89 54 75 139 64 128 153 127 92 131 119 46 166 50 194 154 158 145 105 81 172 111 81
72 166 212 201 145 228 108 37 122 180 233 85 233 91 114 134 128 129 71 30 151 140 228 174 153 125 65 45 23 121 117 132 28 188 104 109 62 89 189 30 64 173 97 142 161 77 15 98 92 119 187 124 143 18 137 202 102 166 188 127 135 184 172 46 133 113 232 185 216 207 98 53 224 171 91
82 39 96 67 131 110 148 101 156 43 126 161 100 164 105 28 69 132 67 106 52 17 91 47 94 177 158 147 135 44 185 169 124 125 43 168 144 48 94 137 79 36 41 48 114 160 133 169 72 30 103 145 14 133 28 91 51 69 95 126 126 52 40 99 193 54 127 101 79 105 120 160 92 91 150
86 36 93 62 134 107 152 106 159 38 124 165 95 168 108 30 71 136 72 112 51 16 86 43 95 180 162 152 140 47 189 172 129 125 47 172 149 53 93 142 84 31 46 49 114 165 138 173 76 34 102 148 12 138 29 89 55 68 93 128 128 48 35 104 197 57 123 100 74 103 124 165 88 91 154
142 25 43 54 139 113 174 158 214 29 76 221 79 225 126 58 85 148 125 162 95 68 47 65 141 236 218 193 185 75 245 227 183 163 103 196 185 103 63 186 129 39 101 58 160 221 190 229 132 90 136 164 64 184 55 45 111 105 124 182 137 57 54 157 252 86 137 134 44 62 179 205 77 74 183
63 126 169 168 106 203 81 30 140 143 189 115 201 120 73 93 84 92 45 25 128 109 191 144 143 150 98 47 34 78 146 152 52 180 79 90 50 55 145 35 23 138 67 99 156 108 50 127 80 92 172 92 110 33 96 158 80 146 170 133 96 152 140 45 161 69 212 170 180 163 108 60 193 127 70
87 79 115 132 71 179 80 76 174 102 133 159 166 165 39 48 28 67 60 75 114 83 147 116 145 189 147 91 88 29 190 187 102 181 73 99 82 44 89 87 39 100 58 46 162 155 104 171 94 77 165 77 82 88 51 103 80 133 159 156 63 120 108 85 203 17 195 163 138 108 137 103 159 72 82
54 155 211 152 209 151 195 86 40 149 242 62 176 62 175 135 160 200 81 94 88 106 190 123 59 63 74 149 126 137 75 53 81 86 76 205 161 97 207 133 109 138 87 154 58 68 94 64 47 86 96 204 110 121 137 207 67 92 102 19 200 135 128 71 79 138 145 94 175 219 13 160 165 198 184
110 161 194 210 97 250 50 74 179 183 207 145 244 151 74 129 105 78 94 66 176 154 229 189 192 185 125 18 37 111 177 190 84 229 127 49 2 100 164 31 67 179 114 128 204 137 75 158 129 139 221 69 154 42 132 182 129 194 218 178 87 196 184 89 193 100 260 219 219 183 151 23 236 143 31
