100 40
100 171 277 86 254 202 163 366 236 113 276 310 227 285 384 229 270 193 153 298 159 75 232 140 226 310 277 319 132 215 156 117 235 218 313 290 144 224 363 271
32 50 23 37 24 41 20 38 50 50 31 13 50 18 28 34 15 41 15 11 27 33 33 23 36 17 12 50 38 26 13 40 23 42 18 30 27 45 17 45 16 41 11 43 12 40 27 17 40 32 37 42 34 33 37 47 29 50 39 18 40 38 13 19 47 22 37 32 37 35 18 47 38 22 30 26 20 32 28 33 24 27 31 10 26 21 44 31 44 36 47 39 38 15 33 12 19 34 44 27
176 193 498 133 427 345 266 383 274 226 315 409 361 350 452 258 277 255 188 336 209 107 297 202 302 313 480 375 137 283 237 186 333 271 343 323 214 225 425 271
95 43 50 49 14 32 58 78 72 77 86 47 71 39 64 89 83 51 63 43 89 75 84 74 53 62 33 27 50 81 61 43 10 45 82 81 21 42 7 99
29 82 36 79 63 70 52 14 37 4 17 26 47 50 19 42 32 41 47 33 33 25 65 27 73 12 84 49 53 43 13 31 83 37 31 16 54 33 75 26
48 76 31 97 73 86 73 37 61 20 15 40 70 67 16 19 9 61 69 37 10 6 44 8 63 26 81 60 44 21 31 40 90 55 7 9 65 39 84 38
94 51 55 40 11 24 52 77 69 77 88 48 66 35 67 93 87 47 58 46 92 78 91 78 61 63 41 26 57 86 61 44 11 42 86 83 20 44 2 99
50 60 16 69 44 56 49 33 44 25 34 12 51 39 14 44 35 35 47 10 40 26 56 26 53 11 62 31 34 40 13 10 62 28 34 29 35 11 55 49
77 34 19 68 31 51 60 60 65 52 59 30 68 43 36 57 52 48 62 18 58 45 54 43 32 39 34 27 20 49 40 22 42 39 51 53 26 18 38 77
73 49 17 95 62 80 79 57 74 43 43 42 81 66 25 27 26 65 78 29 33 24 26 21 34 37 56 53 16 18 41 36 73 57 26 36 55 32 69 66
61 53 8 84 54 70 66 45 61 32 35 29 68 54 13 31 25 52 64 18 31 18 38 16 42 24 58 43 21 24 28 24 68 44 24 28 46 21 63 56
53 79 36 105 80 93 81 44 68 27 19 48 78 75 23 12 4 69 77 43 3 11 41 12 64 34 85 67 46 17 38 47 96 63 4 15 71 46 90 42
79 33 14 81 45 65 71 62 72 51 55 37 77 56 33 46 43 58 72 22 50 38 39 35 24 40 38 40 6 37 42 29 55 49 42 48 40 24 51 75
43 83 48 46 42 40 17 30 17 39 51 22 19 19 43 74 64 7 14 36 66 54 89 56 81 30 79 29 63 71 25 29 63 12 62 50 36 34 55 52
70 71 37 113 84 99 92 59 82 43 36 57 91 83 33 6 14 79 89 48 17 21 25 19 55 45 79 73 40 6 50 53 97 72 15 31 76 51 92 59
33 80 37 63 51 55 35 16 24 21 33 16 32 34 27 56 46 24 31 29 48 37 75 39 74 14 79 36 55 55 9 24 72 22 45 32 42 28 64 37
81 82 68 10 30 9 27 68 49 75 87 48 42 21 72 103 94 31 35 56 98 85 110 86 88 63 73 32 77 98 59 50 42 34 93 85 32 53 35 90
62 62 21 97 67 83 76 48 68 32 30 40 76 67 17 17 13 63 74 31 20 11 31 8 48 30 68 56 29 11 35 37 81 56 13 24 59 34 76 53
79 62 51 30 10 13 35 63 52 66 77 36 49 18 59 88 80 30 41 40 85 71 91 71 68 52 54 15 58 82 49 35 28 27 79 74 13 37 19 85
69 69 34 110 80 96 89 58 80 41 35 54 89 80 30 7 13 76 87 45 17 19 24 17 52 43 76 70 37 3 48 50 94 69 14 30 72 48 89 59
86 76 67 14 25 4 34 72 55 78 89 49 49 24 73 103 95 36 41 55 99 86 108 86 84 65 67 30 74 97 61 50 35 36 94 87 29 52 28 94
64 70 33 107 79 94 86 53 76 36 30 50 84 77 26 6 8 73 83 43 13 15 29 13 55 39 78 68 38 6 44 48 93 66 9 25 71 45 88 54
45 101 66 45 56 46 14 38 12 52 64 41 2 31 60 90 79 21 7 55 81 71 107 73 100 47 96 46 82 88 42 48 76 29 78 64 51 53 67 57
68 93 70 20 42 26 13 58 35 68 80 46 27 22 70 101 92 24 20 58 95 82 113 84 97 59 86 38 83 98 54 51 58 30 90 79 41 55 51 79
65 79 56 24 29 19 15 52 34 59 71 34 30 7 58 89 80 15 21 44 84 71 99 72 82 48 73 24 68 85 43 38 48 18 79 69 27 41 39 74
27 87 44 65 56 58 35 11 20 22 34 23 29 37 32 60 49 26 30 36 50 41 80 43 81 19 86 42 61 59 15 31 77 26 48 34 48 35 69 33
76 43 30 52 16 36 48 59 57 55 65 27 59 30 43 69 63 37 51 22 68 54 69 53 46 41 39 13 35 62 40 22 31 29 61 60 10 20 25 78
32 93 46 99 81 90 70 27 53 15 5 45 63 69 28 34 25 60 65 48 22 24 63 27 81 29 97 67 61 39 32 48 100 57 25 11 72 49 93 20
37 83 36 93 73 83 66 27 52 11 5 37 62 63 18 29 19 55 62 38 18 15 55 18 71 21 87 59 51 32 25 39 91 51 18 2 64 40 84 28
65 54 13 90 59 76 72 49 67 35 36 36 74 61 17 26 22 59 71 24 28 17 32 14 40 29 59 49 21 18 34 30 73 51 21 29 51 27 68 58
91 20 28 82 44 65 77 74 82 64 68 47 85 60 46 58 56 65 79 32 63 51 46 49 16 52 25 43 14 49 54 38 48 56 56 62 41 34 47 89
92 28 37 62 24 45 64 74 74 69 77 43 75 46 54 75 70 54 68 34 77 63 68 62 36 55 22 29 34 66 55 36 25 46 69 71 24 33 24 93
84 28 26 68 30 51 64 67 71 59 66 37 73 46 43 63 59 52 66 25 65 52 56 50 30 46 27 29 22 54 47 29 37 44 58 60 27 25 34 84
39 76 36 57 44 48 30 22 24 27 39 12 30 27 29 60 50 18 27 26 53 41 76 43 72 17 75 30 53 58 12 20 65 15 49 38 36 25 57 44
77 68 39 117 85 102 97 66 88 49 43 61 97 87 38 13 21 84 95 51 25 28 18 25 51 51 77 76 39 9 56 57 97 76 22 38 78 54 93 66
31 84 37 87 70 78 60 20 45 4 9 33 54 57 18 36 26 49 55 37 26 20 61 23 73 17 87 55 53 38 20 36 89 45 25 9 61 38 81 24
16 95 49 79 69 72 48 3 29 16 25 34 39 51 33 55 45 40 42 44 44 38 79 41 87 23 96 55 66 57 22 40 90 40 43 28 61 44 82 19
52 70 25 95 69 82 72 40 62 23 20 38 70 65 13 18 9 59 69 32 14 1 40 2 57 25 75 57 37 17 30 36 85 53 8 14 60 35 79 44
22 90 43 83 70 75 53 10 36 8 16 33 46 54 26 46 36 44 48 40 35 30 71 33 81 19 92 55 60 48 20 38 90 42 35 19 61 41 82 19
83 93 78 6 41 20 28 72 50 81 93 56 42 29 81 112 103 36 35 66 106 93 120 94 100 70 85 42 88 107 66 59 52 41 101 92 43 63 46 94
2 110 64 85 81 81 53 16 31 29 35 47 41 61 47 66 56 49 46 59 54 51 92 54 102 38 110 67 81 69 36 54 102 51 55 39 73 58 94 16
90 57 56 33 9 17 46 74 63 75 86 45 60 29 66 94 87 41 52 46 92 78 94 78 66 61 48 23 60 87 59 43 17 38 86 82 18 44 9 96
17 103 59 70 69 67 38 15 16 32 41 39 26 47 46 71 60 35 31 52 60 53 94 56 97 34 102 55 77 72 31 47 90 38 59 43 62 51 82 30
71 47 12 90 57 75 74 55 71 41 43 38 77 61 23 31 28 61 73 24 35 24 30 21 33 34 53 48 14 22 38 31 69 52 28 36 50 27 65 65
89 61 43 120 86 105 104 77 97 60 55 67 105 92 46 26 33 90 102 55 38 38 5 35 43 59 71 79 36 20 64 61 95 82 34 50 80 57 93 79
47 93 60 40 49 40 8 38 14 50 62 34 9 23 55 86 76 13 1 49 78 67 102 69 93 43 89 38 76 84 38 42 68 22 74 62 43 47 60 58
46 97 63 42 52 42 10 38 13 51 63 37 6 26 57 88 77 16 3 52 79 69 104 70 96 45 92 41 79 86 40 45 71 25 76 63 47 49 63 58
64 52 25 53 24 38 41 46 47 44 53 15 49 25 33 62 54 29 43 13 59 45 67 45 51 29 49 12 36 56 28 10 42 20 53 49 15 11 35 66
77 42 16 91 57 76 78 61 75 47 48 41 82 64 29 35 33 64 77 27 40 30 28 27 28 39 49 50 9 25 43 35 67 56 33 42 50 30 64 71
27 106 65 62 67 62 30 25 9 42 52 41 16 43 54 81 70 30 23 56 70 63 102 65 102 41 103 54 82 81 37 50 88 36 69 54 60 55 79 41
56 61 16 88 61 75 68 41 60 26 27 32 68 58 9 25 17 55 66 24 23 9 39 8 49 22 66 49 29 20 27 29 76 47 16 21 52 27 70 49
52 80 50 37 36 31 13 39 23 47 59 24 22 11 48 79 70 2 14 38 73 60 92 62 80 37 75 24 64 76 32 30 56 9 68 58 30 35 47 61
91 83 74 9 32 11 37 78 59 85 96 56 52 30 81 111 102 41 45 63 107 93 115 93 91 72 73 38 82 105 68 58 39 43 101 94 37 60 34 100
53 66 21 91 64 78 69 39 60 23 23 34 68 60 9 22 14 56 66 27 19 5 40 4 53 22 71 52 33 19 27 31 80 49 12 16 56 30 74 46
65 52 11 89 57 74 71 50 66 35 37 34 73 59 17 28 24 58 70 23 30 19 33 16 39 29 57 47 19 20 33 29 71 50 23 30 50 25 66 59
82 74 47 124 93 110 104 71 94 55 47 68 103 94 44 16 26 91 101 58 28 34 19 31 56 57 83 83 46 16 62 64 104 83 27 43 85 61 100 70
110 14 51 79 42 62 84 93 94 85 92 62 96 66 69 84 81 74 88 51 88 76 69 74 31 72 2 49 40 74 73 55 34 66 81 86 44 51 37 110
36 75 28 75 57 65 50 20 38 10 21 20 47 45 13 41 31 38 46 25 33 22 61 25 66 4 76 42 46 40 8 23 76 33 30 18 48 26 68 34
109 33 57 63 30 47 74 92 88 88 96 60 87 55 73 94 90 66 79 53 96 83 84 81 48 73 21 42 51 85 73 54 16 60 89 90 36 52 21 111
91 32 39 59 20 42 62 74 73 69 77 43 73 43 55 77 72 52 65 35 78 65 71 63 40 55 24 27 37 69 55 36 22 44 71 72 22 34 21 93
66 48 6 83 51 69 68 50 64 37 40 31 71 55 19 34 29 54 67 18 36 23 37 21 36 28 52 42 16 26 32 25 65 46 29 34 44 21 60 62
30 94 46 97 81 88 68 25 51 14 6 44 61 68 28 36 27 59 63 48 24 25 64 28 82 28 97 66 62 41 31 47 100 56 26 12 72 49 93 18
26 84 38 76 62 68 48 10 33 8 20 26 42 47 22 47 37 38 43 34 37 29 69 32 76 13 86 48 56 48 13 31 82 35 35 21 53 34 75 26
92 69 65 23 20 10 43 77 63 81 92 51 58 29 74 103 96 42 49 55 100 86 105 86 78 67 59 30 71 97 64 51 25 40 94 89 27 52 19 99
54 58 11 77 50 64 57 37 52 25 31 21 59 47 9 36 28 44 55 13 33 19 48 19 49 15 61 37 28 31 19 17 66 36 27 26 41 15 60 50
84 63 40 118 85 103 100 72 93 55 50 64 101 89 42 21 28 87 98 52 32 33 10 31 46 55 73 77 36 15 60 59 96 79 29 45 78 55 92 74
76 71 56 22 19 8 28 62 47 66 78 38 42 13 62 92 84 26 34 44 88 74 98 75 76 53 63 20 65 87 50 39 35 25 82 75 20 42 27 84
100 11 38 82 43 65 81 83 88 74 79 54 91 63 56 69 67 70 84 40 74 62 54 59 18 61 14 46 25 59 63 46 42 61 66 72 42 41 43 98
90 39 43 51 13 34 56 73 69 70 79 42 68 37 58 82 76 48 60 36 82 68 78 67 48 56 31 23 43 74 55 36 17 41 75 74 17 35 13 93
85 54 49 37 3 20 44 69 60 70 80 40 58 26 60 88 81 38 50 40 86 72 88 72 61 55 45 17 54 81 53 37 19 33 80 76 12 37 11 90
77 40 29 55 19 39 51 60 60 56 64 28 61 33 42 67 61 40 54 21 67 53 66 52 43 41 36 16 33 60 40 22 32 32 60 59 13 20 26 79
96 28 32 100 62 83 91 79 92 66 67 57 97 75 48 49 50 78 92 42 57 48 29 45 10 58 38 59 15 39 61 49 66 69 50 61 58 44 65 90
51 60 14 73 47 60 53 34 48 24 32 16 54 43 10 40 31 39 51 11 36 22 52 22 52 12 62 34 31 35 15 14 64 32 30 26 38 13 58 49
78 33 14 79 43 62 69 61 70 50 55 35 75 53 33 48 44 56 69 20 51 38 42 36 25 39 37 37 9 39 41 27 52 47 44 49 37 22 49 75
93 18 29 83 44 66 78 75 83 65 70 48 86 61 47 59 57 66 80 34 64 52 46 50 15 54 24 44 16 50 55 40 48 57 57 63 41 35 47 90
81 39 19 94 58 78 81 65 79 51 52 45 85 67 33 37 36 68 81 31 43 33 26 30 24 43 47 52 8 27 47 38 67 59 36 46 52 33 64 75
53 67 35 47 30 36 28 36 32 39 51 11 34 16 36 67 57 14 28 23 61 48 77 49 66 26 64 16 49 62 22 16 51 5 56 48 22 20 43 58
8 116 71 86 86 84 54 23 31 37 42 53 40 64 55 74 64 51 46 65 62 59 100 62 109 45 116 71 88 77 43 61 107 54 63 47 78 65 98 22
64 59 36 42 19 28 32 48 42 49 60 19 42 15 42 72 64 21 35 24 68 54 78 55 61 35 55 4 47 66 32 19 39 14 62 56 11 21 31 69
20 99 52 93 81 86 63 18 44 16 15 44 54 65 33 46 37 54 57 50 34 34 74 37 88 30 102 66 68 50 31 49 101 53 36 21 72 51 93 9
78 93 75 10 41 21 23 67 45 77 89 53 37 26 77 108 99 32 30 63 102 90 118 91 99 66 85 41 86 104 62 57 54 37 98 88 42 60 47 89
97 40 50 51 17 35 60 80 75 77 87 49 74 42 65 89 83 53 65 44 89 75 83 74 51 63 30 29 49 80 62 44 10 47 82 82 23 42 10 100
87 80 71 10 29 8 34 74 56 80 92 52 49 26 77 107 98 37 41 59 103 89 112 89 88 68 71 34 79 101 64 54 38 39 97 90 33 56 32 96
74 48 19 96 63 81 80 59 76 45 44 44 83 68 27 28 27 67 79 31 34 25 24 22 33 39 55 54 16 18 43 38 74 59 27 38 56 34 70 68
62 73 34 108 80 95 86 52 75 35 28 51 84 78 26 5 6 73 82 44 10 14 32 13 57 38 80 69 41 9 43 48 95 66 7 23 72 46 89 51
31 82 34 81 64 72 54 16 39 3 15 27 49 51 17 40 30 43 49 32 31 23 63 25 72 12 84 49 51 41 14 31 83 39 29 14 55 33 76 27
10 104 59 77 74 73 45 11 24 27 35 40 34 52 43 66 56 40 38 52 54 49 90 52 97 33 103 59 76 68 30 48 94 42 54 38 65 52 86 22
118 16 58 84 48 68 91 101 102 93 99 70 103 73 76 90 88 82 95 59 95 83 73 81 34 80 7 57 46 80 81 62 38 74 87 93 51 59 42 118
74 53 38 42 10 25 39 57 51 57 67 27 51 20 48 76 68 30 43 28 74 59 79 59 57 42 47 5 46 69 40 24 30 23 67 63 1 25 22 78
33 79 32 78 61 69 52 17 39 6 17 24 48 49 15 41 31 40 47 29 32 22 62 25 70 9 81 46 49 41 11 28 80 36 29 16 52 30 73 30
55 56 16 64 38 51 47 37 45 31 40 10 50 35 19 49 40 33 46 5 45 31 58 31 51 17 57 25 32 43 17 4 56 25 39 35 29 5 49 55
76 35 16 71 35 55 62 58 65 50 56 30 69 46 33 53 48 49 63 16 55 41 50 40 31 37 36 30 16 45 38 22 46 40 47 50 29 17 42 74
115 11 54 85 48 68 90 97 100 89 95 67 101 71 72 85 83 80 94 55 90 78 68 76 29 76 4 55 41 75 77 59 39 72 83 89 50 55 43 114
93 17 30 81 42 64 77 76 82 66 71 48 86 59 49 62 60 65 79 34 66 55 49 52 17 54 21 42 18 53 56 40 45 56 59 65 40 35 44 91
60 55 24 54 27 40 40 43 44 40 50 11 47 25 31 60 52 27 41 12 57 43 66 43 53 26 52 14 37 54 24 7 46 18 51 46 18 9 39 63
15 96 49 82 72 75 51 6 32 15 22 36 42 54 33 53 43 43 45 45 42 37 78 40 87 24 97 57 67 55 23 42 92 43 42 26 63 45 84 16
86 77 67 13 25 4 34 72 55 78 90 49 49 24 74 104 95 35 41 56 100 86 108 86 85 65 68 31 75 98 61 51 36 36 94 87 30 53 29 94
54 73 43 39 30 30 19 39 28 45 57 19 28 9 44 75 65 7 21 31 69 56 86 57 73 33 69 18 57 71 29 24 51 4 64 55 24 29 43 62
81 38 19 93 58 77 81 65 79 51 53 45 85 66 33 38 37 67 81 30 44 34 27 31 23 44 46 51 7 28 47 38 66 59 37 46 52 33 64 75
81 47 25 102 67 86 87 66 83 51 50 51 90 74 34 30 31 74 86 37 37 31 18 28 30 46 55 60 18 20 50 44 77 65 31 44 61 40 74 74
36 75 31 67 51 57 41 18 31 17 29 14 39 37 20 50 40 29 38 24 42 31 67 32 68 7 75 36 48 48 2 20 71 25 38 27 42 23 63 38
57 96 68 31 48 35 5 48 24 60 72 42 15 23 65 96 86 19 9 56 88 76 110 78 98 52 90 40 82 93 47 48 66 28 84 72 45 53 58 69
6 115 69 86 85 83 53 21 31 35 40 52 40 63 53 72 62 50 46 64 60 57 98 60 107 43 115 70 87 75 41 59 105 53 61 45 77 63 97 21
