250 100
452 205 352 238 316 210 75 191 118 181 191 344 148 364 178 347 164 205 158 116 383 179 97 258 63 179 275 259 320 281 453 374 195 175 172 221 86 134 101 164 388 207 125 295 237 290 311 167 255 199 294 275 342 334 259 218 257 165 230 246 373 238 278 244 142 141 256 71 257 371 147 115 194 224 282 104 431 200 120 337 148 356 268 176 357 291 60 268 132 127 246 104 281 369 229 347 187 132 189 137
19 40 14 11 29 11 20 42 37 15 35 10 29 46 23 16 31 22 45 34 43 21 23 31 27 23 10 28 28 14 41 11 21 26 19 28 28 15 39 25 14 37 31 38 16 19 34 15 14 23 16 12 17 21 39 11 22 37 38 12 48 17 39 18 17 14 31 32 29 41 15 36 44 32 12 44 43 21 42 48 46 27 14 41 11 12 20 27 15 18 20 17 37 27 47 30 47 40 27 30 44 16 20 26 25 46 29 28 22 17 31 43 16 45 43 20 31 38 22 23 16 10 22 21 14 11 50 13 10 13 32 27 16 29 13 17 40 27 15 32 49 47 17 22 30 37 14 42 48 33 14 26 37 41 15 39 42 14 31 18 28 42 37 21 39 23 50 42 20 49 40 41 14 38 15 11 37 25 13 37 27 45 41 30 45 20 20 19 24 17 20 15 16 49 23 22 49 45 46 12 19 21 24 28 31 48 24 11 36 25 20 47 32 32 24 45 21 42 27 46 21 34 35 15 12 18 29 40 27 22 47 13 15 47 45 24 34 24 30 40 34 24 24 12 21 34 16 16 18 34
495 375 422 239 436 213 122 327 139 253 245 413 187 495 208 417 164 364 227 227 420 315 155 493 119 353 321 362 341 286 474 468 249 241 278 254 131 146 202 261 420 400 169 323 237 394 366 243 397 301 354 414 497 404 325 330 441 250 255 470 423 302 298 453 182 153 465 130 399 488 203 122 215 373 325 140 497 252 125 467 291 464 286 228 381 310 110 377 150 146 437 105 327 369 327 353 360 170 333 210
137 64 115 114 72 237 115 150 214 138 168 119 235 138 208 141 117 107 122 23 104 80 151 210 112 193 228 161 57 79 115 107 103 151 157 266 105 188 169 193 49 129 107 182 247 119 109 39 207 103 131 229 126 215 63 89 208 78 44 108 231 172 161 84 203 147 143 224 224 240 59 116 168 179 87 93 219 71 154 54 177 186 103 129 125 121 154 188 135 185 204 105 122 199 98 268 105 191 151 84
81 52 61 61 25 187 69 108 156 81 112 90 178 126 154 103 56 118 68 46 44 85 130 165 94 132 168 110 9 68 82 58 102 96 100 210 89 129 114 132 77 125 102 131 191 82 73 71 155 42 116 172 68 163 92 68 153 41 81 72 171 114 108 72 153 120 83 169 163 180 17 67 114 118 33 66 167 14 106 91 129 125 60 114 71 61 132 145 140 144 144 87 82 139 47 210 78 130 122 23
141 76 120 107 77 244 122 158 209 141 162 106 228 123 200 150 117 123 126 35 102 64 136 218 97 191 229 167 60 65 103 113 87 155 152 259 118 190 173 192 65 113 122 173 241 128 118 55 198 103 116 233 122 207 79 100 201 69 60 97 228 167 153 97 210 158 144 217 223 241 55 122 161 177 91 81 225 68 161 70 168 184 95 114 118 117 139 177 119 174 199 117 112 196 92 262 92 190 163 84
96 161 106 66 127 170 128 147 36 95 15 101 58 140 42 154 78 223 105 167 77 152 126 172 121 44 93 123 128 130 94 119 148 106 22 91 178 87 107 46 195 154 198 38 71 147 146 191 50 88 132 123 53 52 210 163 35 106 201 91 62 8 33 172 146 184 75 50 72 102 119 119 22 36 113 109 146 108 130 211 50 44 83 130 56 60 124 72 176 79 28 176 78 34 81 90 107 52 181 103
43 64 34 113 58 113 14 26 163 44 138 161 191 202 180 22 65 97 33 101 83 167 202 85 170 120 132 41 78 149 152 27 183 42 124 222 49 88 57 119 102 204 68 166 203 11 18 106 186 65 192 118 101 190 109 45 173 118 112 141 160 130 145 56 80 47 64 186 141 143 99 21 144 113 51 143 98 88 32 117 171 113 125 190 116 92 203 192 221 195 149 46 144 136 107 214 152 113 46 69
144 113 128 78 96 252 139 177 176 144 128 54 190 66 159 173 111 172 134 81 89 15 79 233 41 170 215 177 77 12 54 128 33 161 121 219 155 184 176 171 117 59 164 131 202 152 143 108 154 100 59 229 98 164 133 135 163 42 115 52 202 137 114 135 219 190 139 178 203 227 53 136 125 156 102 33 230 66 174 125 122 165 58 57 87 98 82 128 71 123 169 153 67 170 66 225 40 172 192 86
150 60 128 155 90 233 118 144 249 151 206 170 272 192 248 131 141 63 133 50 137 133 204 201 164 219 246 163 86 132 165 116 157 159 193 304 84 203 177 219 21 183 76 224 285 113 104 23 249 129 184 239 161 257 17 77 247 125 13 156 259 207 202 67 201 126 162 262 247 258 101 123 208 207 106 144 220 107 154 5 222 212 149 182 165 154 206 236 188 234 236 85 170 229 140 303 156 215 132 112
141 57 121 166 92 211 106 124 251 143 213 190 277 217 256 110 142 28 125 71 143 161 227 177 188 216 237 147 96 156 184 108 184 147 199 309 60 193 163 216 34 210 47 234 289 96 89 44 258 131 209 224 168 265 20 62 253 142 39 174 257 211 212 51 182 98 158 268 242 248 117 113 216 205 106 164 201 119 137 32 234 209 164 207 175 160 229 250 218 249 238 62 186 228 152 305 177 211 105 117
83 144 91 51 110 165 112 134 52 82 16 92 75 134 57 141 62 206 90 150 60 140 121 164 111 47 96 112 111 117 84 103 138 94 8 108 162 82 98 49 178 146 181 45 88 132 130 174 63 71 125 122 36 67 193 147 52 91 184 80 74 10 31 156 139 170 62 67 78 106 103 103 24 35 96 97 141 92 118 194 54 44 70 123 41 43 120 77 168 83 42 160 68 42 66 106 96 52 167 86
125 201 140 111 167 172 160 171 9 124 57 142 27 177 44 181 116 259 138 210 120 195 160 183 162 50 80 144 171 174 136 153 189 130 66 55 213 96 125 51 237 192 232 64 36 178 179 234 56 128 170 117 97 50 250 200 32 151 243 134 30 51 72 209 155 211 105 31 54 84 163 151 61 55 152 152 149 152 153 252 78 56 128 168 100 102 158 93 214 102 20 210 120 32 126 47 149 59 207 145
124 85 107 73 70 232 115 153 175 125 127 70 193 92 164 148 95 145 113 54 75 41 103 211 63 162 204 155 51 31 66 104 61 141 118 223 127 169 157 163 91 87 137 137 205 127 117 82 161 82 84 213 90 170 107 108 166 34 90 59 197 134 117 108 198 163 123 181 195 216 31 113 126 148 79 44 211 45 152 101 130 156 58 82 84 88 105 140 98 137 167 126 75 165 59 227 55 162 166 65
138 212 152 119 178 185 173 184 18 137 64 145 15 178 40 195 128 271 150 220 130 200 160 196 165 63 91 158 181 179 140 166 193 143 75 42 225 110 139 65 248 194 245 65 23 191 192 244 51 139 172 130 106 44 262 212 31 158 253 139 40 60 77 222 169 225 118 23 65 95 172 164 66 68 164 158 162 162 166 263 78 69 134 170 108 113 157 90 216 99 32 223 125 46 134 36 154 73 221 155
45 134 67 112 110 79 77 71 104 44 102 165 132 209 132 83 70 175 61 161 92 196 201 79 181 56 54 42 125 173 156 78 203 36 92 160 127 11 22 55 173 218 146 130 142 89 94 175 142 83 199 49 91 142 183 121 122 140 182 147 89 87 117 132 53 112 42 131 66 65 134 71 110 57 94 158 55 120 52 189 141 52 132 197 108 86 201 164 238 169 90 124 141 75 117 147 163 47 107 101
172 236 182 131 201 227 204 220 55 170 80 142 29 165 37 229 155 299 182 237 150 200 145 237 160 102 134 195 200 181 140 195 188 179 94 29 255 150 177 104 268 183 274 63 26 223 222 263 39 163 161 173 125 30 283 239 41 168 272 142 83 85 84 248 210 259 150 28 108 138 186 195 78 104 188 161 204 178 203 283 71 107 142 160 121 134 142 72 203 80 69 252 127 84 147 47 153 112 256 177
159 72 139 177 106 231 125 144 266 161 226 197 291 220 269 130 157 44 143 76 156 162 231 197 192 233 255 167 107 160 191 126 186 166 213 323 80 211 183 233 39 211 67 246 304 116 108 47 271 145 212 244 181 278 24 81 267 150 39 182 274 225 224 70 202 118 175 282 259 267 125 131 229 222 121 170 221 130 157 28 245 226 173 211 186 173 234 260 217 258 253 82 195 244 162 320 183 228 125 130
41 63 31 110 55 115 11 28 161 42 136 158 189 199 177 25 62 98 30 99 80 164 199 88 167 119 132 42 75 146 149 23 179 42 122 220 50 87 57 118 101 201 69 163 201 12 17 105 183 62 189 118 98 187 108 45 170 115 111 138 158 127 142 55 82 50 61 184 139 142 96 18 141 111 48 140 100 85 33 116 168 112 122 187 113 89 200 190 218 192 147 47 141 134 104 212 149 111 49 66
41 101 44 48 67 142 66 91 93 40 61 101 119 145 103 96 16 160 45 114 29 131 139 131 116 63 101 75 74 109 91 56 137 56 47 152 116 67 66 63 137 153 135 88 132 85 84 135 109 29 135 112 28 113 151 101 98 75 144 82 103 54 68 110 110 125 25 112 94 113 75 57 67 50 52 93 118 61 78 153 94 56 67 133 45 21 139 116 173 119 80 113 78 72 52 147 98 61 123 47
80 80 74 153 89 111 53 34 200 81 178 199 228 239 218 22 105 82 73 121 122 199 240 77 207 155 157 63 108 183 190 65 216 74 164 258 43 115 83 153 109 240 54 206 239 35 42 116 225 104 229 134 141 229 110 55 211 153 120 179 192 168 185 61 85 8 101 224 170 166 132 61 184 149 87 179 105 123 52 121 211 148 163 227 156 132 241 232 255 235 185 42 183 171 146 249 189 146 7 106
100 138 100 28 104 196 121 150 80 99 32 55 95 97 67 154 69 204 102 134 54 106 86 190 75 83 132 134 99 84 48 110 102 115 29 126 165 114 123 85 166 109 182 41 108 140 136 161 66 71 88 156 33 74 182 147 68 64 170 45 108 44 20 154 167 181 83 84 115 143 83 113 29 71 94 63 171 76 137 181 40 80 40 86 20 42 85 59 131 61 74 163 32 78 44 130 60 88 180 79
77 110 73 10 76 180 94 125 95 77 49 63 115 108 91 128 43 175 76 109 26 100 101 169 79 83 129 112 72 77 54 82 102 93 38 147 137 102 104 84 140 116 154 68 128 113 109 135 92 43 98 146 12 99 155 118 89 48 144 45 116 53 45 126 148 154 63 105 116 140 60 86 50 69 66 58 156 50 114 155 68 78 31 95 9 17 101 87 137 89 86 134 40 84 22 148 61 85 153 51
153 66 132 171 100 225 118 138 260 154 220 192 284 216 263 124 150 41 136 71 150 158 227 192 188 226 249 160 101 156 186 119 182 159 206 317 74 204 176 226 34 208 61 240 297 109 101 42 265 139 208 237 175 272 18 74 260 145 35 177 267 219 218 64 195 113 168 276 253 260 120 125 223 215 115 165 215 124 150 25 239 219 168 206 180 167 230 254 214 253 247 76 189 238 156 314 178 221 120 124
79 156 98 157 140 33 98 72 143 78 148 210 170 255 175 86 111 182 92 190 134 237 247 43 226 97 71 52 158 215 201 105 246 63 139 194 136 51 46 95 194 262 153 176 178 101 110 198 186 122 245 36 136 185 200 137 164 181 204 192 120 133 163 147 18 107 85 172 93 76 172 96 156 102 127 201 8 158 60 209 187 95 176 243 153 131 247 209 283 215 131 134 187 115 160 178 207 88 100 138
95 149 100 47 114 181 122 146 56 94 8 80 74 120 50 152 70 213 101 151 63 131 107 179 100 61 110 126 113 109 73 112 127 107 10 106 171 98 112 63 181 133 189 32 87 142 139 176 53 77 112 137 38 59 196 154 48 86 186 70 83 19 15 162 154 181 75 64 91 120 101 114 10 50 102 88 156 92 131 196 40 59 63 110 36 47 106 63 155 68 49 168 57 53 63 108 86 67 179 89
80 162 97 92 130 131 116 124 45 79 55 137 73 179 75 135 79 216 94 177 89 182 166 138 156 3 51 97 138 159 129 111 182 83 53 102 169 51 78 5 200 191 189 79 83 133 135 198 86 92 170 81 72 84 212 157 64 130 207 124 39 40 73 168 111 165 61 72 34 61 136 107 63 14 114 140 107 123 106 216 92 9 112 168 83 74 164 113 213 120 31 166 113 15 104 92 140 13 161 111
86 22 67 124 48 163 51 73 200 88 165 160 226 195 208 61 91 54 71 62 97 147 200 131 163 162 182 94 61 135 152 54 167 92 151 258 21 138 109 162 51 192 32 189 239 43 35 57 212 82 185 170 121 218 56 7 204 111 62 141 203 161 167 4 131 62 103 219 187 193 86 58 169 152 57 136 150 82 84 65 191 155 128 183 131 112 202 209 205 210 186 20 150 176 112 253 148 156 67 72
40 127 60 85 98 109 77 84 83 39 73 137 112 181 107 94 50 177 55 148 69 171 172 106 154 38 62 58 109 149 128 73 176 43 63 142 129 28 41 37 166 190 149 102 123 93 96 165 116 64 171 72 63 117 177 119 98 116 174 119 78 60 88 130 81 124 24 109 61 74 114 68 81 33 81 132 84 100 66 182 112 31 105 169 79 60 172 135 211 140 69 127 113 55 91 132 136 30 120 83
133 53 114 164 88 199 97 113 245 134 209 191 271 220 252 99 136 18 117 74 139 166 229 165 190 209 228 137 94 159 185 100 188 138 195 304 49 183 154 208 40 214 34 231 284 86 79 50 255 126 212 214 164 261 29 54 248 142 47 174 250 206 209 43 170 86 150 264 234 239 117 105 212 199 101 166 190 118 127 42 231 202 164 210 172 155 231 248 223 248 232 51 185 222 150 299 178 203 93 113
73 161 95 130 137 76 105 95 97 71 108 181 123 225 130 109 94 202 89 188 114 217 214 88 198 53 28 67 151 194 172 106 222 64 101 147 154 20 48 51 201 235 173 134 131 116 122 202 141 108 215 28 108 139 211 149 119 161 210 164 73 92 125 159 61 136 66 125 47 38 159 99 116 60 121 177 53 144 77 217 146 52 150 213 123 105 214 168 256 175 85 151 157 69 137 132 181 44 130 126
105 103 94 32 74 213 110 146 133 105 84 39 149 79 120 145 71 169 99 87 47 59 80 198 47 125 170 140 61 36 31 97 64 122 76 179 139 141 137 126 123 82 153 93 161 126 119 115 118 62 69 185 53 127 139 119 122 12 124 21 157 92 73 123 180 167 97 137 158 182 37 104 83 111 73 20 190 39 139 135 87 119 14 66 42 54 81 99 101 97 125 137 33 125 22 184 29 127 168 55
118 39 96 111 53 214 92 126 207 119 163 127 229 153 205 116 103 86 102 6 95 97 163 186 124 180 212 139 44 92 122 86 120 130 151 261 79 170 148 181 31 146 83 180 242 95 85 22 205 89 144 210 119 213 47 63 204 81 31 113 220 165 158 59 180 121 127 219 211 224 57 95 165 168 70 101 198 64 131 42 177 173 105 143 121 112 165 191 155 190 195 79 126 189 95 261 113 177 126 71
73 52 54 59 21 180 63 101 151 74 108 92 174 130 151 97 49 118 60 51 39 91 133 158 97 125 161 103 12 73 84 52 107 89 95 206 86 122 106 126 80 129 100 128 187 77 68 75 152 35 120 165 63 159 95 66 149 44 85 73 165 109 105 71 146 116 76 164 157 173 23 60 110 112 26 70 160 14 99 95 127 119 60 117 68 56 134 144 145 143 139 84 82 133 45 205 81 123 117 16
145 133 133 66 109 252 148 186 155 145 108 24 166 42 133 184 110 196 138 107 87 34 50 238 10 157 204 180 93 22 28 136 27 162 104 193 173 178 176 158 144 42 185 106 177 164 156 135 128 102 32 222 88 138 160 153 139 45 142 32 184 119 92 155 220 204 136 153 189 215 67 143 103 143 111 20 229 75 179 153 95 152 45 30 73 91 52 98 62 93 150 171 44 154 61 201 16 160 205 93
150 132 137 73 110 258 151 189 164 150 116 34 175 43 143 186 115 194 142 104 92 25 55 242 17 164 212 184 93 18 37 139 19 167 112 202 173 185 181 166 140 40 184 115 186 166 158 131 137 106 35 229 95 147 156 153 148 47 138 40 193 128 101 154 225 205 142 162 197 223 68 146 112 151 114 25 235 77 183 149 105 160 52 33 81 97 58 107 57 101 159 171 53 162 66 210 24 168 207 96
167 140 152 92 122 275 165 203 184 167 137 52 194 46 162 199 133 198 158 106 110 15 63 257 33 184 232 200 103 29 57 153 9 183 132 221 181 203 198 186 142 34 191 134 205 178 169 132 156 122 41 248 114 166 157 161 168 63 138 60 213 148 121 162 242 216 160 181 217 243 79 161 132 171 127 44 252 90 198 149 123 180 72 40 101 116 67 124 44 118 179 180 73 182 85 230 44 188 218 111
63 36 41 76 2 165 44 82 158 64 120 113 183 151 163 77 50 101 48 53 50 111 154 141 119 127 157 88 21 95 105 34 128 77 106 216 65 115 95 127 72 151 81 142 196 55 47 70 166 38 141 156 75 172 85 45 159 66 79 94 168 117 120 51 131 94 72 175 156 169 44 43 123 115 15 91 146 36 82 88 143 120 80 139 83 66 156 161 166 161 146 63 102 137 64 213 103 123 96 24
87 158 99 71 124 157 120 136 36 86 27 111 62 152 53 145 74 217 98 167 76 160 138 159 131 30 79 112 128 137 104 112 157 95 27 95 172 74 95 33 193 165 191 52 75 139 139 190 62 85 143 109 54 63 207 158 44 111 199 99 54 12 45 167 133 175 66 57 59 89 121 111 35 23 109 117 132 109 119 209 64 30 90 141 61 60 136 86 187 93 24 169 87 23 85 90 116 39 171 101
102 176 121 180 163 14 120 90 160 102 169 233 185 278 193 103 135 197 115 212 158 260 270 44 249 116 81 73 181 239 224 127 269 86 160 207 153 72 69 114 214 286 169 196 192 120 130 218 204 146 268 42 159 203 219 156 182 205 224 215 133 153 185 166 32 120 108 188 106 83 196 118 177 122 150 225 15 181 81 228 208 114 200 266 176 154 270 230 306 236 148 151 210 132 184 190 231 106 113 161
175 147 161 100 130 283 173 211 190 175 143 58 200 44 167 207 141 205 166 113 118 21 63 266 38 192 239 209 111 37 63 161 10 192 139 225 189 211 207 194 148 30 198 139 210 186 178 138 160 131 41 256 122 170 163 169 173 72 144 67 220 155 127 169 250 224 168 187 225 251 87 169 138 178 136 52 261 99 207 154 128 188 80 41 108 124 67 127 36 121 186 188 80 189 93 235 51 195 227 119
107 39 88 147 70 172 70 85 222 108 188 180 248 214 231 71 113 31 92 73 120 163 220 139 182 184 200 109 81 153 173 75 184 110 174 281 21 156 126 183 50 210 14 212 261 58 52 59 235 105 204 186 144 241 48 28 227 131 60 162 224 183 190 20 143 61 125 241 207 211 106 78 192 174 80 156 162 103 99 60 213 176 150 202 154 135 222 232 221 232 208 23 171 197 134 275 168 177 68 95
148 63 127 171 98 217 112 130 257 149 218 194 282 220 261 117 147 31 132 74 148 163 230 183 191 222 243 154 100 159 188 114 186 154 205 315 66 199 170 222 36 212 52 239 295 102 95 46 264 136 212 230 173 270 21 69 258 146 40 178 263 216 217 58 188 104 164 274 248 254 121 119 221 211 112 168 207 124 144 31 239 215 169 210 180 165 233 255 219 254 244 69 190 234 156 311 180 217 111 122
106 51 85 82 43 209 89 126 181 107 136 98 202 126 176 119 83 111 91 24 71 75 134 185 96 159 195 133 25 65 92 79 96 121 124 234 93 156 138 159 60 121 102 151 215 97 87 52 176 69 117 198 93 184 76 74 176 51 61 83 197 139 130 73 175 131 110 192 190 207 28 88 137 145 56 72 191 37 127 72 148 152 75 115 93 87 137 161 133 160 170 92 96 165 67 235 84 157 134 50
133 55 111 118 68 230 108 142 217 134 172 128 238 149 212 132 116 95 117 17 106 91 161 202 122 193 226 155 56 89 123 102 115 146 160 270 94 185 164 193 37 141 96 187 251 111 101 26 212 102 141 225 128 220 51 79 212 84 32 115 232 174 166 74 197 136 141 228 224 238 63 111 173 180 84 102 213 73 148 43 183 186 110 140 129 123 164 196 147 193 206 94 129 200 103 271 114 190 141 83
112 170 120 67 135 190 142 163 41 111 15 91 54 127 29 170 90 234 120 171 85 146 111 191 111 63 110 141 134 125 86 132 139 123 29 85 191 107 126 65 202 142 210 19 67 161 159 197 33 98 120 142 60 38 217 175 27 105 207 85 74 25 22 183 165 199 92 43 88 119 122 133 13 56 123 104 165 113 147 217 32 64 81 118 56 68 109 53 164 60 40 188 70 50 83 89 99 72 197 111
133 172 134 62 138 221 156 183 77 132 42 62 81 92 48 188 103 238 136 164 89 120 74 219 81 98 147 165 132 102 60 144 109 146 50 107 200 138 152 101 199 108 217 22 91 175 171 192 41 106 85 177 67 51 214 182 56 91 201 63 111 57 26 189 195 216 114 68 125 156 113 147 34 89 129 81 197 109 169 212 9 98 66 84 54 77 72 24 129 27 77 197 47 87 76 116 73 106 214 113
81 169 102 114 140 108 117 117 65 80 82 162 91 204 99 129 91 218 97 190 106 204 192 119 181 25 25 88 151 181 154 114 206 79 78 116 169 36 68 23 208 216 189 106 99 132 136 208 111 105 196 56 93 108 219 161 88 150 216 147 43 67 100 171 92 158 66 93 20 36 153 109 90 37 123 163 85 139 98 224 119 27 135 194 106 93 191 140 238 147 54 166 138 38 125 102 164 19 153 124
82 38 61 75 19 185 65 102 167 83 125 103 190 138 167 96 63 104 67 36 55 93 143 161 106 140 174 108 4 79 96 55 111 97 112 222 77 133 114 140 64 136 89 144 203 74 65 59 168 49 128 175 80 176 79 57 165 54 68 85 180 125 122 59 151 111 88 181 171 186 29 64 127 127 33 79 166 28 103 79 143 133 74 126 84 72 145 159 150 158 155 75 96 149 60 221 91 137 113 30
59 124 73 144 113 53 68 38 154 59 147 197 182 241 181 52 94 148 67 160 118 216 236 34 210 106 94 25 132 196 187 77 228 42 136 209 102 59 34 104 162 247 118 176 192 68 78 166 190 103 231 67 125 191 167 104 171 162 172 177 137 134 160 114 20 73 73 181 112 102 149 68 155 106 101 184 39 136 29 176 185 101 161 229 143 118 236 208 266 213 140 100 176 124 144 196 192 96 67 115
139 62 120 172 96 200 103 115 253 140 217 200 279 229 260 102 143 11 123 83 147 174 238 166 199 215 233 141 103 168 194 107 197 143 203 311 52 188 158 215 48 223 35 239 291 90 84 59 263 134 221 217 172 269 36 60 256 151 55 183 256 213 217 50 172 86 156 271 239 243 126 110 220 205 109 175 192 126 130 49 240 208 172 219 180 163 240 257 232 257 239 55 194 229 159 306 187 209 93 121
16 74 6 80 49 121 25 52 130 17 103 131 157 174 144 55 30 124 3 100 51 147 172 102 143 90 112 45 66 127 122 19 159 30 89 189 77 69 48 89 113 178 97 130 169 44 44 114 150 34 164 108 66 154 124 66 138 93 122 111 131 95 110 76 87 83 31 152 115 124 80 16 108 81 34 116 101 66 43 129 136 83 95 162 82 57 172 157 197 160 116 75 112 104 77 182 124 84 81 46
42 130 64 114 107 76 73 64 110 41 107 167 138 212 138 77 70 170 58 158 93 196 204 74 183 63 60 35 123 174 158 74 204 31 96 166 121 17 16 61 169 219 140 135 148 83 89 171 148 82 202 50 93 148 178 116 128 140 179 149 96 92 121 127 48 106 42 138 72 70 134 67 114 63 92 159 52 119 46 185 145 58 133 199 110 88 204 168 240 174 97 119 144 81 118 154 164 53 100 100
29 67 20 100 53 114 9 34 149 30 124 149 177 191 165 34 51 109 18 100 70 159 190 90 159 107 122 38 72 140 140 17 173 33 110 208 60 78 50 106 106 194 80 151 189 24 27 109 171 52 181 112 87 175 115 53 158 108 116 129 147 115 131 63 80 62 49 172 129 133 91 9 130 99 42 132 97 79 31 122 157 100 113 179 102 78 191 178 212 181 135 57 131 122 95 200 141 100 60 59
94 179 112 111 147 128 130 134 46 92 70 155 71 195 81 145 96 231 109 195 108 201 181 139 174 19 38 105 156 178 147 126 200 94 70 96 183 54 85 19 217 208 202 91 79 146 149 216 93 110 187 74 91 90 229 172 69 149 224 142 25 56 89 183 112 175 76 74 16 46 155 122 78 33 131 158 105 142 115 233 105 26 131 185 102 93 180 125 230 132 36 180 131 23 123 82 158 23 170 129
133 64 112 107 68 234 112 148 207 134 161 111 227 131 200 140 111 112 118 23 98 73 143 208 104 187 223 158 52 72 107 104 97 147 150 259 106 183 165 187 54 122 110 174 240 118 108 44 199 97 123 225 119 208 69 89 201 70 50 100 225 165 153 85 200 147 138 217 218 235 52 113 161 173 83 85 216 64 152 61 169 180 96 122 117 114 146 181 129 178 197 106 115 193 91 261 97 185 151 78
94 182 115 126 153 110 130 127 66 93 90 172 89 214 102 140 104 230 110 203 119 216 201 125 191 34 17 98 164 193 164 127 217 90 88 111 181 46 79 32 221 226 201 112 96 144 148 221 114 118 205 55 105 110 233 173 90 163 230 158 37 75 108 184 98 169 80 93 10 26 166 122 97 47 137 174 88 152 109 238 125 38 147 204 118 106 199 146 248 153 57 179 148 43 137 95 175 31 163 137
112 24 91 133 59 193 79 104 218 113 180 159 243 189 223 92 109 48 96 44 109 136 197 162 158 185 208 123 63 128 153 78 158 120 166 276 46 164 137 184 21 184 44 201 256 73 64 29 225 98 180 199 134 232 27 37 219 110 32 142 226 177 178 28 161 89 127 235 212 220 85 84 182 173 73 134 180 86 114 35 200 177 132 178 141 126 200 217 193 216 205 47 153 196 119 272 146 179 94 83
164 139 150 90 120 272 163 201 181 164 134 49 191 44 159 197 130 198 156 106 107 16 61 255 30 182 229 198 102 27 54 151 8 181 129 218 180 201 196 183 142 34 190 131 202 177 168 132 153 120 39 245 111 163 157 160 165 61 139 57 210 145 118 161 239 215 157 178 214 240 78 159 129 168 125 42 250 89 196 149 120 177 69 38 98 114 65 121 45 115 176 179 70 179 82 227 41 185 217 109
96 125 93 15 91 197 113 145 94 96 46 47 110 91 82 147 63 191 96 119 44 93 83 188 66 92 140 131 85 71 39 101 91 112 39 141 154 117 122 93 152 102 171 56 123 132 127 146 81 62 82 161 29 89 168 135 83 49 155 33 120 55 35 142 166 173 81 99 124 151 68 105 44 78 83 50 173 62 133 166 53 88 25 80 11 36 83 70 123 71 87 152 23 89 29 145 49 96 172 67
81 164 102 153 146 44 106 85 129 81 138 206 155 250 163 99 111 195 96 196 133 237 241 60 222 85 54 60 162 215 197 111 244 67 130 178 148 42 49 83 203 259 165 166 163 112 120 206 174 123 241 19 132 172 210 147 151 181 213 188 104 123 155 158 35 122 83 158 77 58 174 102 146 91 131 199 21 160 70 219 177 83 173 238 149 127 241 199 280 206 118 146 182 102 158 162 204 76 115 140
86 55 73 145 73 139 51 54 206 88 178 186 234 224 220 40 102 56 74 96 115 179 227 105 191 164 174 81 90 165 178 61 198 86 164 265 14 131 99 163 80 222 27 204 246 33 33 88 226 98 214 156 137 230 81 31 214 138 91 167 204 171 183 34 110 29 107 228 184 185 115 60 183 156 76 164 130 108 70 92 208 157 152 212 150 128 229 228 236 230 192 13 173 179 135 258 175 156 35 94
83 103 83 163 107 90 65 32 198 84 181 212 226 254 220 30 113 104 80 143 133 218 253 54 222 151 146 57 127 200 203 78 234 72 168 256 67 108 76 149 133 256 77 210 237 51 60 140 228 116 244 119 149 230 134 78 212 169 144 192 186 171 191 85 67 26 103 223 162 154 150 71 188 148 102 194 86 139 48 145 217 145 176 241 165 140 254 239 272 243 183 66 195 169 158 244 204 142 19 120
61 140 81 140 123 49 82 60 134 61 134 194 162 238 164 74 94 170 74 173 117 219 231 48 209 87 69 36 141 198 184 88 229 45 124 188 123 39 28 85 179 245 141 163 171 87 95 182 174 105 228 42 120 174 186 123 153 164 189 175 115 120 149 133 21 98 68 162 89 77 155 79 142 89 109 184 26 141 46 194 173 83 159 226 137 114 231 196 265 201 121 121 171 105 143 173 190 77 92 120
128 146 123 43 115 229 143 176 110 128 64 23 119 62 86 177 94 213 127 132 73 80 51 220 43 118 168 163 104 62 20 130 71 144 64 146 180 149 154 120 168 75 195 59 130 161 155 160 81 91 53 191 61 91 184 160 92 57 169 26 141 78 47 165 199 202 113 106 149 178 82 136 58 106 110 42 205 81 165 180 49 115 35 51 43 68 51 55 97 52 106 177 13 112 51 154 34 124 202 92
51 138 73 120 116 71 81 71 109 50 110 173 137 218 139 84 78 178 67 167 100 204 209 73 189 62 53 42 132 182 164 83 211 40 100 164 129 14 23 60 178 226 148 138 147 91 98 180 149 91 208 41 99 149 187 125 128 148 188 155 92 95 125 135 46 112 50 137 67 62 142 76 118 64 101 166 47 127 53 194 149 58 140 206 116 94 209 171 247 177 96 127 150 80 125 150 171 52 106 108
93 171 108 89 137 149 128 140 28 92 43 129 56 169 57 150 86 228 106 182 92 178 154 156 148 21 65 114 143 155 122 122 175 99 45 86 181 69 95 23 207 182 201 64 67 146 147 205 68 98 160 98 71 66 221 168 46 128 214 118 36 30 61 178 129 180 73 54 43 74 138 120 50 23 122 135 126 126 122 223 77 25 108 159 79 76 153 98 204 105 13 178 105 5 103 79 134 31 176 116
36 96 39 50 63 139 61 86 98 36 66 103 124 148 109 91 12 155 39 110 28 131 142 128 118 66 102 71 71 109 94 51 139 52 52 157 111 67 63 66 133 155 130 94 137 80 78 131 114 25 138 111 32 119 146 96 103 76 140 84 106 60 73 105 108 119 23 118 97 114 73 52 72 54 47 94 116 59 73 149 99 59 69 136 49 24 142 121 175 124 85 108 82 76 53 152 100 63 118 44
162 214 168 105 180 234 190 213 65 161 63 106 52 127 28 219 138 279 169 210 129 164 107 239 124 106 148 190 175 147 105 180 151 172 77 67 238 153 174 108 243 145 257 37 58 210 207 237 17 144 123 183 105 21 259 221 40 137 246 109 100 74 59 229 212 249 141 41 122 153 159 181 58 102 169 127 210 153 197 257 38 108 112 123 96 114 104 34 165 42 74 236 94 89 120 82 119 115 246 155
117 185 128 89 151 179 149 166 15 115 34 117 34 153 28 174 102 246 127 191 101 171 136 185 137 51 92 140 152 150 112 141 165 124 45 66 201 98 123 53 219 168 220 41 47 168 168 216 39 112 146 127 77 37 234 186 16 128 225 110 50 32 48 196 158 204 95 27 68 99 143 141 37 49 137 129 155 132 148 235 55 54 105 144 78 84 134 72 190 80 18 198 96 34 104 66 125 61 201 127
124 145 119 40 113 224 139 172 105 123 59 27 115 67 83 174 90 211 123 131 70 83 56 216 47 113 163 158 102 64 23 127 75 140 59 143 177 144 150 115 167 79 193 55 126 158 152 160 78 88 58 186 56 88 183 158 88 57 168 26 136 73 43 163 194 199 109 103 145 173 81 132 54 101 107 44 200 79 161 180 46 110 33 56 39 64 56 55 102 52 102 175 12 107 48 151 36 119 199 89
109 191 127 115 159 144 145 151 32 107 68 154 55 193 69 162 108 246 123 206 116 204 178 157 174 31 52 123 166 181 147 140 201 110 71 78 198 72 103 32 229 207 218 84 62 161 164 227 81 121 185 89 97 77 242 187 57 154 236 143 10 56 85 197 130 192 90 59 26 56 163 137 74 42 143 161 122 150 132 245 98 38 134 183 105 100 176 116 229 124 27 195 131 22 128 65 159 38 187 139
79 122 87 164 120 62 74 36 183 80 174 216 211 259 209 44 113 132 82 162 136 228 256 27 227 136 124 46 140 209 206 86 242 64 161 239 91 89 61 134 156 263 104 203 221 66 76 162 218 119 249 93 147 219 158 99 200 176 167 195 168 161 185 107 40 54 97 210 142 131 160 77 181 135 111 200 59 148 42 169 211 131 179 246 164 139 256 234 280 238 169 89 196 154 162 226 209 126 47 128
140 169 138 60 136 234 159 189 96 139 57 45 100 72 67 193 108 235 141 156 90 103 55 229 63 115 164 173 127 87 45 147 91 154 63 124 200 151 162 117 192 88 216 41 110 178 173 185 59 108 66 192 72 69 208 181 75 82 194 51 130 73 40 187 206 219 122 87 143 173 106 151 50 104 129 67 209 104 177 205 28 113 58 65 56 81 53 30 110 27 96 197 37 105 72 135 58 122 218 112
67 132 75 50 97 152 97 118 63 66 32 97 88 141 72 125 48 192 75 140 50 140 130 149 116 43 90 96 101 117 89 88 141 78 20 120 147 70 82 44 167 152 167 61 100 116 115 164 79 58 131 112 30 83 181 132 66 88 173 82 77 23 44 142 125 154 46 81 76 101 96 88 39 29 83 98 128 83 102 183 69 38 70 130 41 34 129 92 173 97 50 145 73 45 62 117 99 46 151 75
116 43 97 153 76 181 80 94 230 117 195 184 256 216 239 81 121 24 100 73 127 164 223 147 185 192 210 119 86 155 177 84 186 120 181 289 30 165 135 192 45 211 18 219 269 67 61 55 242 112 207 195 151 248 41 37 234 135 55 167 233 191 196 27 152 69 133 249 216 221 110 87 199 183 87 159 171 108 108 53 220 185 154 205 160 142 225 238 222 238 216 33 176 206 140 284 172 186 76 101
60 148 82 127 125 68 90 78 108 59 112 179 135 224 139 92 86 186 76 176 108 211 215 74 196 62 45 50 141 189 170 92 218 49 104 161 138 15 32 59 187 232 157 140 144 100 107 189 150 99 214 33 105 149 196 134 128 155 197 161 88 97 128 144 47 119 58 136 62 54 150 85 120 66 110 173 44 136 61 203 151 59 147 212 122 101 214 174 253 180 95 135 156 79 132 146 178 52 113 117
157 220 167 114 185 219 189 207 46 156 64 125 27 151 21 215 139 283 167 220 134 183 131 227 144 92 129 182 183 165 123 180 172 166 78 43 239 140 165 94 251 168 258 46 32 208 207 246 22 147 146 166 109 13 266 223 27 150 255 125 79 69 67 232 200 245 136 18 103 133 169 180 61 92 172 144 196 161 190 266 54 96 125 145 104 117 128 58 189 67 58 237 110 74 130 57 137 102 242 160
71 150 91 149 134 41 92 69 136 71 139 202 163 246 168 83 103 179 84 183 126 229 239 48 217 90 66 46 151 207 192 98 238 55 130 188 132 43 38 88 189 254 150 168 172 97 105 192 178 114 236 35 128 177 196 132 157 173 199 183 114 125 155 143 21 106 76 164 88 72 165 89 147 94 120 193 17 150 55 204 178 87 168 234 145 122 238 201 274 207 123 130 179 107 152 172 199 80 99 130
112 196 130 123 165 140 148 152 40 111 77 163 60 202 77 163 113 249 127 212 123 212 186 154 183 36 46 123 172 190 156 144 210 112 80 81 201 72 103 36 234 216 221 93 66 164 167 233 89 127 194 84 104 84 247 191 65 162 242 152 7 64 94 201 127 193 94 66 20 49 170 140 83 48 148 169 118 157 133 250 107 43 142 192 113 108 185 125 238 133 36 198 139 30 136 66 168 41 188 145
101 188 121 123 158 124 137 138 53 100 82 167 76 208 90 150 107 238 117 206 120 213 193 139 186 31 30 109 167 191 159 134 213 100 83 97 190 57 89 30 227 220 210 102 82 152 156 226 102 121 199 69 103 98 238 181 78 161 234 154 23 68 100 191 111 179 85 80 4 36 167 130 89 45 141 171 102 153 120 243 116 37 143 197 114 105 192 135 243 143 45 187 143 34 135 81 171 33 174 140
149 228 165 139 194 182 185 193 37 148 85 167 31 200 62 204 143 285 163 238 148 222 182 198 187 72 87 165 199 201 162 179 215 152 94 39 238 114 145 73 264 216 258 87 29 202 204 261 72 155 194 126 125 64 278 226 53 179 271 161 36 79 98 236 170 233 130 43 63 88 191 176 88 80 179 179 161 180 174 280 100 78 155 192 128 131 179 111 238 120 48 235 146 57 154 23 175 80 229 172
148 219 161 122 185 197 182 195 27 146 67 144 3 174 35 205 135 279 159 225 135 200 155 208 163 74 103 168 186 180 140 174 191 153 79 33 234 121 149 76 254 191 253 62 13 200 201 250 45 146 168 142 111 36 268 220 29 160 259 140 52 66 77 229 181 234 127 15 77 107 176 173 68 78 170 158 174 166 177 269 74 80 136 167 111 118 153 84 212 93 42 231 125 56 137 34 153 84 231 161
85 147 99 169 138 31 93 59 170 85 169 223 197 267 200 71 120 162 94 184 144 242 261 12 236 123 101 51 158 222 213 102 254 68 158 223 120 75 57 121 183 273 134 198 206 90 100 188 210 129 257 66 150 210 187 125 189 188 194 203 149 155 183 134 15 85 98 198 123 106 175 93 177 125 127 210 29 162 54 197 208 119 187 254 168 143 262 230 292 236 157 118 201 141 170 208 218 113 78 141
96 169 114 175 156 16 113 83 158 95 165 228 183 273 191 96 129 190 108 205 152 254 265 39 243 113 81 66 174 233 219 120 263 79 156 206 146 68 63 111 207 280 162 192 191 113 123 211 201 140 262 42 154 200 212 149 179 199 217 209 132 150 180 159 25 114 103 186 105 83 189 111 173 118 143 219 9 175 74 221 204 111 194 260 171 149 265 226 300 232 146 144 205 130 178 189 225 103 107 155
69 25 49 109 35 152 35 63 182 71 148 148 208 186 191 53 73 71 53 64 81 142 189 123 153 145 165 80 52 127 140 36 160 76 134 241 30 121 94 144 63 184 47 173 221 32 22 67 195 65 176 155 105 201 71 12 187 100 73 129 186 143 151 21 120 62 86 201 170 177 77 41 153 135 41 126 138 70 71 78 175 137 115 174 116 96 191 194 198 195 168 28 136 158 99 235 137 139 65 58
182 169 171 99 147 288 186 223 175 181 131 47 180 11 147 221 146 230 176 139 123 50 32 274 31 185 234 216 129 54 56 174 27 198 131 203 209 211 212 187 175 8 220 121 190 202 193 166 139 139 14 255 121 149 191 189 155 82 173 64 207 145 114 191 256 241 171 167 216 244 104 181 125 172 149 57 264 113 216 183 108 181 80 16 104 125 36 103 30 95 173 208 71 179 97 215 49 190 243 131
80 71 71 148 82 120 49 38 200 81 176 193 228 232 217 25 102 74 70 112 118 191 234 86 200 156 161 67 101 176 184 61 209 76 162 259 33 119 86 155 99 232 45 203 240 30 36 106 223 100 222 140 138 227 100 46 210 147 110 173 194 167 182 52 93 13 101 223 173 171 125 58 182 149 81 172 113 116 56 111 208 149 158 220 152 129 236 229 247 232 186 32 178 172 140 250 183 148 16 100
150 195 154 85 161 231 176 201 72 149 53 83 67 106 36 207 123 261 155 188 111 141 86 232 101 104 150 181 155 124 82 165 128 162 65 88 222 148 166 106 223 123 239 24 76 195 192 216 25 127 101 183 88 35 238 204 47 115 225 86 108 66 43 211 207 235 130 55 126 158 137 167 45 97 151 104 207 132 186 236 17 105 90 101 77 97 83 14 144 23 77 219 71 90 100 101 95 113 233 136
76 70 60 42 38 184 74 111 137 76 93 76 159 115 134 109 45 136 66 65 27 83 117 165 83 116 156 108 29 63 67 61 96 92 80 191 103 119 109 117 97 117 118 111 172 90 82 91 135 32 105 163 49 143 112 83 133 30 100 56 154 95 89 88 150 130 73 149 148 168 20 69 94 102 37 55 163 7 106 111 109 110 42 103 51 43 118 126 134 125 126 101 64 122 27 191 66 115 131 19
48 79 39 41 45 156 58 91 116 48 77 91 140 135 120 93 14 142 43 89 11 112 132 141 103 88 125 83 49 90 82 46 121 65 63 173 101 89 80 89 114 139 119 101 153 77 72 111 124 7 124 133 33 130 128 84 116 56 120 71 128 74 79 92 123 118 43 132 120 137 51 51 81 75 31 77 134 36 82 130 103 81 55 122 45 24 133 123 158 125 103 99 73 96 37 170 85 86 118 22
54 86 55 134 83 92 39 4 171 55 153 184 200 226 192 10 84 106 51 125 105 193 225 61 194 126 128 33 103 174 175 51 207 45 139 230 60 86 53 124 122 229 77 181 211 30 40 127 200 87 216 107 120 202 126 64 184 142 133 164 163 142 162 74 61 37 75 196 141 137 124 43 159 121 76 167 81 113 23 136 188 119 148 214 136 111 226 210 246 213 157 58 166 143 130 219 176 117 32 93
94 58 75 65 38 201 83 121 163 95 118 84 184 117 159 116 68 122 81 41 53 72 123 179 85 142 180 124 18 58 78 72 90 110 106 216 98 142 127 143 76 115 109 134 197 94 85 69 158 54 107 185 75 167 92 78 158 35 78 68 180 121 112 80 167 131 96 174 174 192 10 81 119 128 47 59 181 20 120 89 131 135 58 105 75 70 125 145 128 143 152 96 80 148 49 217 71 141 134 36
159 212 166 103 177 231 187 210 63 158 60 105 51 127 25 217 135 276 166 207 126 163 107 236 123 103 145 187 173 146 104 177 150 169 74 67 235 150 171 105 241 145 254 34 57 207 205 235 14 141 123 180 102 18 256 218 38 135 244 108 98 71 56 226 209 246 138 39 120 151 156 179 55 99 166 126 207 150 194 255 36 105 110 122 93 111 104 34 165 42 71 233 92 86 118 81 117 113 243 152
134 61 112 112 69 233 112 147 212 135 166 118 233 138 206 138 114 106 119 20 102 80 151 207 111 190 225 158 54 79 114 104 104 147 155 264 102 185 166 190 48 130 105 180 245 116 106 37 205 100 131 226 124 213 62 86 206 76 43 107 229 170 159 81 200 144 140 222 221 237 57 113 166 177 84 92 216 68 151 53 176 183 102 129 123 118 153 187 136 184 201 102 121 197 96 266 104 188 148 81
77 128 80 32 93 171 102 128 72 76 28 77 93 121 71 133 50 192 81 131 42 121 110 165 96 62 110 110 93 99 69 91 121 91 14 125 150 89 98 64 161 131 168 52 106 122 119 156 74 56 111 132 18 80 175 133 68 72 166 63 93 29 31 141 142 161 59 84 95 121 83 94 31 48 81 79 146 73 114 176 57 58 51 109 22 26 110 79 153 83 62 147 53 61 46 125 79 66 160 69
51 75 48 127 73 102 29 13 171 52 149 176 199 218 190 7 78 99 45 114 97 182 217 73 185 126 132 38 93 165 167 42 198 46 135 230 51 89 57 125 111 220 69 177 211 18 29 116 197 79 207 114 114 200 116 54 182 133 122 156 165 140 157 63 71 36 72 195 144 142 114 35 156 120 66 158 90 103 27 125 183 120 140 205 130 105 218 205 236 208 157 49 158 143 122 220 168 118 34 84
125 152 123 44 120 222 143 174 96 125 52 37 105 73 72 177 92 219 126 141 74 94 60 216 57 108 157 159 111 76 34 131 85 140 54 132 183 141 149 110 176 87 200 45 116 162 157 169 67 92 65 182 57 77 192 164 78 67 178 37 128 66 34 170 193 203 109 92 138 167 90 136 46 96 113 55 198 87 162 189 35 105 42 64 41 66 59 44 109 43 93 181 22 100 55 140 47 114 203 96
18 94 33 103 76 93 37 36 131 18 114 156 160 200 152 46 53 134 27 126 76 175 195 75 169 86 95 17 93 154 146 40 186 6 101 190 86 51 22 85 134 205 105 143 171 48 53 136 160 61 189 84 86 163 142 80 144 120 144 136 124 103 125 91 59 76 36 156 104 106 108 32 121 81 62 143 73 95 20 150 150 80 120 187 103 78 196 173 224 177 117 83 135 103 102 180 150 78 72 74
31 94 41 116 81 86 37 23 144 32 128 168 173 211 166 35 65 127 35 129 88 184 208 64 180 98 103 10 99 164 158 44 196 18 115 203 79 59 27 97 133 216 98 157 184 42 49 136 174 72 201 86 99 176 140 77 158 130 143 148 136 117 139 87 52 64 50 170 114 113 117 35 135 94 69 154 68 103 6 148 164 92 132 199 116 91 208 187 234 191 130 77 148 116 114 192 162 90 60 83
69 129 75 43 94 158 97 120 67 68 30 90 91 133 72 126 46 190 75 136 45 133 123 154 108 50 98 100 97 110 81 87 133 81 16 123 147 77 87 52 163 144 166 58 103 116 115 160 78 55 124 119 23 82 177 131 67 81 169 75 84 25 40 140 130 155 49 82 83 109 90 88 36 36 80 90 134 78 105 179 65 46 63 122 34 28 122 88 166 92 55 144 66 51 55 121 91 53 153 71
66 149 84 89 118 121 102 110 59 64 60 137 87 180 87 120 68 203 80 167 81 178 168 125 155 12 51 83 128 156 128 97 180 68 54 116 155 39 64 11 188 191 175 87 98 118 121 187 97 81 171 75 67 96 200 144 76 125 195 122 53 45 77 154 99 150 47 86 40 62 128 93 69 13 102 137 97 114 91 204 99 6 109 169 81 67 167 121 213 128 45 152 113 29 99 106 138 7 146 100
107 116 98 24 85 212 116 151 119 107 71 31 134 75 104 152 72 182 102 102 49 68 72 200 45 115 162 142 74 46 22 104 68 123 64 164 150 136 136 117 138 82 165 77 146 134 127 131 102 66 65 181 46 111 154 130 107 28 140 11 145 80 58 135 180 175 95 122 148 174 52 110 68 102 82 25 189 51 142 151 71 111 5 63 31 50 73 83 103 81 112 148 17 114 23 169 27 118 175 63
61 68 53 132 71 113 32 24 181 62 157 178 209 219 199 11 84 86 52 108 101 181 220 81 186 137 145 51 90 164 169 44 197 57 143 240 39 102 69 136 102 220 57 185 221 14 23 107 205 83 209 126 120 209 105 44 191 134 112 158 176 149 164 53 82 28 82 205 156 155 113 40 163 131 67 159 102 103 40 115 190 131 143 207 135 111 221 212 236 214 167 37 162 153 125 231 169 129 27 85
45 44 24 89 28 139 18 56 156 46 123 133 183 174 166 51 48 97 28 75 59 137 175 115 141 119 141 63 48 119 125 11 152 55 109 215 53 98 73 118 84 175 72 149 195 31 24 85 171 42 164 135 81 176 94 38 161 88 93 113 160 118 127 47 106 72 60 176 144 153 69 19 128 108 22 114 122 58 57 100 152 111 98 161 94 72 176 172 191 174 142 50 118 132 81 209 124 113 72 40
69 158 91 122 132 83 102 95 90 67 100 173 117 217 123 108 88 201 85 183 108 210 207 93 191 46 29 67 146 187 165 102 214 61 94 142 152 16 47 43 198 227 172 127 125 114 120 198 134 102 208 35 100 132 207 146 112 154 207 157 69 85 117 157 66 136 60 119 43 40 153 96 108 53 116 170 60 138 77 214 139 44 143 206 116 98 206 161 249 167 78 150 149 62 130 127 173 36 131 121
74 155 91 87 123 130 110 119 49 73 53 133 77 175 77 129 72 210 88 171 83 177 163 135 152 6 54 92 131 154 125 104 177 78 49 107 163 48 74 7 193 187 183 79 88 127 129 192 87 85 166 82 66 86 206 151 66 124 200 119 46 38 71 161 108 159 54 76 39 65 130 101 61 8 107 135 106 117 101 209 91 4 107 164 78 68 161 113 209 120 35 160 109 20 98 97 135 12 155 104
168 231 178 125 196 226 200 217 53 166 75 135 29 159 32 225 150 294 177 231 145 194 139 235 154 100 134 192 194 175 133 191 181 176 89 35 250 148 174 102 262 177 269 57 28 219 218 257 33 158 155 172 120 24 277 234 37 161 267 136 83 80 78 243 208 255 146 25 108 138 180 191 72 101 183 154 203 173 200 277 65 104 136 154 115 128 136 66 197 74 66 247 120 82 141 51 147 110 252 171
139 57 120 167 92 207 104 120 250 141 213 192 276 220 256 107 141 23 123 73 143 164 229 173 190 215 234 144 97 159 186 106 187 145 199 308 57 190 161 214 37 213 42 235 289 93 86 48 259 130 211 221 168 265 24 60 253 144 43 176 256 210 212 49 178 94 156 268 240 245 118 111 216 204 105 166 198 120 134 36 234 207 165 209 175 159 232 251 221 250 237 59 187 227 153 304 179 209 101 117
142 211 154 113 177 196 175 190 23 140 58 134 8 165 27 199 128 272 153 216 127 191 147 205 154 71 104 164 178 171 130 167 182 148 71 40 227 118 145 72 245 182 247 53 21 194 194 241 37 138 160 141 103 29 260 213 19 151 251 130 53 58 68 222 178 229 121 8 78 108 167 166 59 73 163 149 173 158 172 261 65 76 127 158 102 110 144 76 203 85 37 224 115 52 128 43 144 81 225 153
74 67 65 142 77 120 43 35 195 76 170 187 223 227 212 21 96 75 65 108 112 186 228 87 194 151 158 63 95 170 178 55 204 71 156 254 31 115 82 150 97 227 46 198 234 24 30 104 218 94 217 138 132 222 99 42 205 141 108 167 190 162 177 49 91 18 95 218 169 168 120 52 176 144 76 167 111 111 52 110 202 144 152 214 146 123 230 223 242 226 180 30 172 167 134 245 177 143 21 94
71 102 74 153 103 81 58 21 184 72 169 204 213 246 207 25 103 112 70 142 124 212 244 47 214 137 133 43 122 194 194 70 227 59 156 242 71 94 62 136 136 249 84 198 223 47 57 142 215 106 236 106 138 217 138 79 198 162 146 183 172 158 179 87 55 35 91 210 148 141 144 63 176 134 96 187 75 133 35 149 205 132 167 233 155 130 245 227 266 231 170 69 185 155 149 230 196 128 28 113
136 72 115 103 72 239 117 154 205 136 158 104 224 122 196 146 112 121 121 31 97 64 135 213 96 186 224 162 55 64 101 108 88 150 147 255 114 185 168 187 63 114 119 170 237 124 114 53 194 98 115 228 117 203 78 96 197 65 59 94 224 163 149 93 205 154 139 213 218 236 50 117 157 172 86 78 220 64 156 69 164 179 91 114 114 113 138 175 120 171 195 113 109 191 88 258 90 185 158 79
79 98 79 159 102 92 61 28 195 80 178 207 223 249 217 25 109 101 76 139 129 213 249 57 217 148 145 54 122 196 198 73 229 69 164 253 63 106 74 147 129 251 74 206 234 46 55 136 224 111 239 119 145 227 130 74 208 164 140 187 184 167 187 81 68 23 100 220 161 153 145 67 184 145 97 189 87 134 45 141 213 142 171 237 161 136 250 235 267 238 181 61 190 166 153 241 199 139 16 115
70 100 64 16 65 175 84 116 103 69 58 68 124 113 100 119 35 165 67 100 15 99 108 163 83 86 130 105 62 76 59 72 104 86 46 156 126 100 99 87 130 120 143 78 137 103 98 125 102 33 102 145 15 109 145 108 99 45 135 49 122 60 56 115 143 144 58 114 119 142 52 77 60 72 55 59 151 41 106 145 79 80 33 100 20 13 108 98 140 99 92 123 48 89 19 157 64 87 144 40
47 44 27 96 33 136 14 51 161 48 129 140 188 181 172 45 54 93 31 78 66 143 182 110 148 122 143 61 53 126 132 13 159 55 115 220 47 99 72 122 84 182 66 155 200 24 17 86 177 49 170 134 88 182 93 33 167 95 93 120 163 123 134 44 102 65 63 181 147 154 75 19 134 112 29 121 119 65 53 100 159 115 105 168 101 79 183 179 198 181 147 44 125 136 88 214 131 116 65 47
32 105 42 61 74 128 63 83 92 31 66 114 119 159 107 90 23 161 41 122 41 144 152 120 130 55 89 64 83 122 105 55 151 45 53 151 115 54 53 55 143 166 135 95 131 82 82 142 114 37 149 98 40 117 156 102 100 89 150 95 96 57 76 112 98 119 13 114 85 101 87 54 73 44 57 106 105 72 68 159 102 48 80 146 58 35 152 125 187 129 78 112 91 67 65 145 111 52 116 56
63 72 57 136 76 109 36 22 183 65 161 183 212 224 202 9 88 88 55 112 106 186 224 77 191 139 145 50 95 169 174 49 202 59 147 242 42 102 70 138 106 225 58 189 223 19 28 111 208 88 214 125 124 212 109 48 194 138 116 163 177 152 168 57 80 25 85 207 156 155 118 44 167 133 72 164 99 108 39 119 194 132 147 211 139 115 225 215 241 218 169 40 167 155 129 233 174 131 23 90
155 118 139 91 104 263 149 187 189 155 141 64 202 69 171 182 123 175 144 83 101 9 85 244 49 183 228 187 84 24 65 137 33 172 134 231 160 196 188 184 118 59 169 143 214 161 151 108 166 111 63 241 111 176 133 141 175 54 114 64 215 150 127 141 230 197 151 190 216 240 63 146 137 169 112 46 242 76 184 124 134 178 71 62 100 111 88 138 66 133 182 159 79 183 79 238 52 185 200 97
172 146 158 97 128 280 171 209 186 172 139 54 196 42 163 205 138 204 163 113 115 21 60 263 34 188 236 206 109 35 59 159 6 189 136 221 188 208 204 190 148 29 197 135 206 184 176 138 156 128 38 253 119 166 163 168 169 69 144 64 216 151 123 168 247 222 165 183 221 247 85 167 134 175 133 49 258 96 204 155 124 184 76 38 104 121 64 124 38 117 182 186 76 185 90 231 47 191 225 117
73 96 73 153 98 90 55 22 189 74 172 202 217 244 211 20 103 103 70 136 123 208 243 56 212 142 140 48 118 191 193 68 224 63 158 247 62 100 68 141 128 246 75 200 228 42 52 134 218 105 234 115 139 221 130 72 202 159 139 182 178 161 181 79 64 26 94 214 155 149 140 61 178 139 93 184 84 129 39 140 207 136 166 232 155 130 244 229 263 232 175 61 184 160 148 236 194 133 19 110
121 207 140 136 176 138 157 158 50 119 90 176 67 215 88 170 125 258 136 224 136 225 199 156 196 47 43 129 184 203 169 153 223 120 93 83 210 77 109 47 245 229 229 105 71 172 176 244 100 138 207 82 117 94 257 200 76 175 253 165 14 77 107 211 129 199 104 74 22 44 182 149 96 60 159 182 118 169 139 261 119 54 155 205 126 120 197 136 251 144 48 207 153 43 149 65 181 51 194 157
89 53 69 65 31 195 76 115 162 89 117 89 184 122 159 109 64 118 76 41 51 79 128 172 90 139 176 118 12 64 82 66 96 104 105 216 92 137 122 140 73 121 104 134 196 88 79 67 159 50 113 180 73 167 89 72 158 39 76 71 178 119 112 74 161 125 91 174 171 188 14 74 119 126 41 64 175 18 113 87 132 132 61 111 75 68 130 147 135 146 151 90 82 146 50 216 76 137 128 31
63 96 58 22 61 168 78 110 103 63 60 75 125 119 103 112 28 161 61 99 10 104 114 156 89 83 126 98 61 81 65 66 110 80 47 158 121 94 92 84 128 126 139 82 138 97 93 124 105 27 109 139 15 112 143 103 100 49 133 55 120 61 59 110 136 138 52 116 116 137 53 70 63 69 50 65 145 41 99 143 83 77 40 107 25 9 115 103 146 105 92 118 54 88 24 157 71 83 137 36
66 45 45 66 11 170 52 91 152 66 112 102 176 141 155 86 46 110 52 53 42 102 143 148 108 124 157 94 15 85 94 41 118 81 98 209 76 116 98 124 77 141 91 133 189 65 57 74 157 33 131 158 67 164 91 56 152 55 83 83 164 111 111 62 136 104 71 168 154 169 34 50 115 111 17 81 151 25 89 93 133 117 69 128 74 59 145 151 156 151 140 74 91 133 53 207 92 121 106 16
118 32 96 120 55 209 89 121 213 119 171 139 236 166 213 110 107 73 102 19 101 110 175 180 136 184 214 136 50 105 133 85 133 129 158 269 69 171 147 184 19 159 71 189 249 89 79 13 214 93 157 209 126 221 35 55 211 92 22 124 225 171 167 49 177 112 129 227 213 225 67 93 173 172 72 113 194 72 128 33 187 177 115 155 129 119 178 202 168 200 201 70 136 194 105 267 125 180 117 76
159 180 156 76 149 255 176 208 116 158 79 44 117 56 84 210 126 246 159 163 107 98 36 249 57 137 186 193 138 86 48 164 81 174 85 138 214 173 183 139 200 73 229 60 126 195 189 192 75 125 52 213 91 84 216 194 93 90 200 57 151 95 62 199 227 236 143 104 164 195 115 169 72 126 144 70 231 115 196 212 47 135 69 52 74 99 34 37 94 30 117 212 47 126 85 151 58 144 235 126
205 183 192 124 165 312 206 244 202 205 158 73 206 34 173 241 170 241 197 149 146 58 54 297 55 211 260 239 146 71 81 194 38 222 157 228 225 236 235 213 184 19 234 147 215 221 212 174 164 161 41 281 146 174 199 205 181 103 180 89 234 171 140 206 279 259 195 193 243 271 122 202 151 198 169 79 289 132 238 190 134 208 104 42 130 150 57 127 4 119 199 224 97 206 120 240 73 216 261 151
92 163 104 75 129 159 125 141 31 91 27 113 57 153 49 150 78 222 103 171 81 162 138 163 132 32 80 116 132 140 106 117 159 100 30 90 177 77 99 34 198 166 196 50 70 144 144 195 59 89 144 111 59 59 212 163 40 114 204 102 51 14 45 172 137 179 71 52 59 89 125 116 34 26 114 119 135 114 124 214 63 33 93 143 64 64 137 84 188 91 19 174 89 21 89 86 118 41 176 106
188 177 178 105 154 294 193 230 177 188 134 52 181 9 148 229 153 238 182 147 130 58 30 281 37 189 238 223 137 62 61 181 34 205 134 203 217 216 218 190 183 11 228 122 190 209 201 174 139 146 17 260 126 149 199 197 156 90 180 70 210 148 116 199 262 249 177 168 220 248 112 188 128 176 156 64 270 120 223 191 109 185 86 19 109 131 33 102 29 94 175 216 76 182 103 215 55 194 250 138
144 210 155 109 176 202 176 192 28 142 55 128 14 158 19 201 128 272 154 213 125 185 139 210 148 75 111 167 176 165 124 168 176 151 69 43 228 123 149 77 243 174 247 46 25 195 195 239 29 137 152 148 100 20 258 213 15 147 248 125 61 57 63 222 183 231 122 1 85 115 164 167 55 76 162 144 178 155 175 259 58 79 122 151 98 108 136 68 196 77 41 225 110 57 125 49 138 85 228 151
204 181 191 125 163 312 205 243 205 204 160 75 210 38 177 240 170 238 197 146 146 55 59 296 56 213 262 239 144 69 83 193 36 221 159 232 222 237 236 215 181 21 231 150 219 219 210 170 168 161 44 282 147 178 195 203 185 102 176 90 237 173 143 203 279 257 196 197 245 272 120 201 154 200 168 79 289 131 237 186 138 209 105 45 131 150 62 131 3 123 202 221 99 208 120 244 74 217 259 150
128 40 106 132 67 216 98 127 225 129 183 150 248 175 225 116 118 67 112 29 113 118 185 186 146 196 224 144 62 114 144 95 141 138 170 281 72 181 156 196 9 167 70 201 261 96 86 2 226 105 166 218 138 233 25 61 223 103 10 135 236 183 179 53 184 115 140 239 225 236 79 102 185 183 83 123 202 84 136 21 199 188 127 165 141 131 188 213 175 212 213 73 148 205 117 279 136 192 120 88
184 255 198 155 221 226 218 231 64 183 101 170 36 194 62 241 172 316 196 259 171 227 174 240 189 109 131 204 222 208 167 211 216 189 114 5 271 155 184 111 289 212 290 89 24 237 237 285 66 182 190 170 146 56 304 256 61 192 294 169 79 102 108 266 213 271 163 45 106 132 210 209 100 114 207 187 205 201 212 304 98 115 167 189 144 154 171 101 232 109 78 268 153 92 171 26 181 119 267 197
67 28 45 84 7 165 44 81 166 68 128 120 191 157 171 74 57 93 51 49 58 115 161 140 125 134 162 89 24 100 112 36 133 80 114 223 58 120 98 134 65 156 73 150 204 52 43 64 174 45 147 159 83 180 78 38 167 72 72 101 175 125 128 43 132 89 77 183 162 174 49 45 131 122 21 97 148 42 83 81 151 127 87 145 91 74 163 169 171 169 153 56 109 145 72 220 109 129 91 32
102 73 84 57 51 209 94 133 158 102 111 70 178 102 150 128 72 137 90 52 53 60 108 189 70 141 182 133 33 43 64 83 76 118 101 209 113 146 135 142 89 100 124 124 190 107 98 81 149 59 92 190 71 158 105 92 151 22 90 54 178 116 103 95 176 145 100 167 174 194 8 91 111 127 57 44 189 22 130 101 120 135 47 90 68 67 110 133 114 131 148 111 67 146 41 211 57 141 148 43
114 40 92 103 49 212 90 125 200 115 156 119 222 145 197 116 97 92 98 2 88 91 155 185 116 174 207 137 37 84 114 84 113 127 143 254 82 166 145 175 39 139 87 173 235 95 84 30 197 83 137 207 112 205 55 65 196 73 39 105 214 157 151 62 179 123 122 212 205 219 49 92 157 161 65 93 195 56 130 50 170 167 97 135 113 105 158 183 148 181 188 82 118 182 88 254 105 171 127 65
91 142 102 176 138 43 92 55 185 91 180 229 212 273 213 64 126 151 97 181 149 245 268 7 241 137 118 56 157 225 219 103 258 75 169 238 111 89 67 135 176 277 124 209 221 85 96 182 223 133 262 83 158 223 179 119 203 192 187 209 165 167 193 128 31 73 106 212 139 123 177 94 188 138 128 215 46 164 56 189 219 133 193 260 175 151 269 241 296 246 171 110 208 155 175 224 223 127 66 144
54 52 34 62 17 160 45 83 143 55 104 104 168 144 147 80 35 115 41 65 35 110 145 139 112 113 145 83 27 91 95 33 124 69 90 200 77 104 87 113 87 146 94 127 180 60 53 85 150 22 134 146 59 157 100 58 144 59 93 84 153 102 105 65 126 101 59 159 142 157 42 41 108 100 8 84 140 29 80 103 128 105 69 132 69 51 147 147 163 148 130 75 90 122 52 197 95 109 102 11
142 170 140 62 138 236 161 192 98 141 59 45 101 71 68 195 110 237 143 158 92 103 53 231 63 117 166 176 129 87 45 149 90 157 65 125 202 154 165 119 193 87 218 42 111 180 175 186 60 110 65 194 74 70 209 182 76 83 195 52 132 75 42 188 208 221 125 88 145 175 107 153 52 106 131 68 212 105 179 206 29 115 60 64 58 83 51 29 109 26 98 199 38 107 73 136 58 124 220 114
43 130 65 115 108 75 73 64 111 42 108 168 139 213 139 77 72 170 59 159 94 197 205 73 184 64 60 35 124 175 159 75 205 32 98 167 122 17 16 62 170 221 141 137 149 84 90 172 149 84 203 49 94 149 179 117 129 141 179 150 96 94 122 127 47 105 44 139 72 70 135 68 116 64 93 160 50 120 46 186 147 59 135 201 111 89 205 169 241 175 98 119 145 82 119 154 166 54 100 101
119 128 111 35 98 224 130 164 121 119 73 19 133 63 102 165 84 194 116 112 62 65 59 212 35 122 170 154 86 45 9 117 61 136 69 162 163 146 148 124 148 72 178 74 145 147 141 140 98 79 53 190 56 108 164 143 106 38 149 6 149 85 58 148 192 188 107 121 155 181 63 123 69 109 95 24 200 63 155 160 66 118 18 51 40 61 60 75 93 72 115 161 10 119 36 169 19 126 189 77
42 107 48 50 74 139 70 93 88 41 57 103 114 148 99 99 22 166 48 120 34 136 141 131 119 56 95 75 81 113 94 61 141 56 44 146 121 63 64 57 144 156 140 86 127 89 88 141 105 35 138 107 29 109 157 106 93 80 150 85 96 50 66 116 109 128 24 107 88 107 81 61 64 43 58 97 115 67 79 160 92 49 70 136 47 24 141 114 177 118 74 118 80 66 56 142 101 54 125 53
154 226 168 129 192 200 188 201 34 153 74 150 8 180 41 211 142 286 166 232 142 207 161 212 170 80 106 174 194 187 146 181 198 159 86 26 241 126 155 81 261 196 260 68 6 206 207 257 50 153 174 145 118 40 275 227 35 168 266 146 54 73 84 236 185 241 133 21 81 109 183 179 75 84 177 165 178 173 183 276 80 85 143 173 118 125 158 89 218 97 48 238 131 62 144 27 160 89 237 168
14 83 21 96 63 104 26 38 134 15 112 147 162 191 152 44 45 126 15 113 67 164 187 85 159 90 105 28 81 144 138 28 176 16 98 193 78 61 34 89 122 195 97 141 174 40 44 124 159 51 180 96 80 162 131 70 145 110 132 127 130 102 121 81 70 74 35 157 111 116 97 20 119 83 50 133 85 83 26 138 147 84 111 178 96 71 188 169 214 173 119 75 127 106 93 184 141 83 71 63
61 130 71 56 96 144 92 111 64 59 39 105 91 148 78 119 45 189 70 141 52 146 138 141 123 38 84 89 102 123 96 84 147 71 28 123 144 62 75 39 166 159 163 68 103 111 111 163 85 57 139 104 35 88 180 129 71 92 173 89 75 28 52 139 117 148 40 85 71 95 98 83 47 24 81 104 120 85 95 182 77 32 76 137 48 36 137 100 180 105 51 141 80 43 66 118 106 40 145 75
103 27 84 137 60 177 68 88 216 105 180 169 242 201 223 75 106 39 88 61 111 151 208 144 170 179 199 110 70 141 162 70 172 109 166 274 27 155 126 179 40 197 26 203 254 59 51 48 227 97 192 187 135 233 41 24 219 120 51 151 220 176 181 13 146 70 120 234 204 210 94 75 184 169 72 144 165 92 100 52 204 172 139 190 145 127 210 222 208 222 202 28 161 192 124 269 156 173 76 85
91 178 113 151 156 65 121 106 111 90 127 202 135 246 146 119 115 215 107 207 135 238 235 85 220 71 30 79 171 216 193 123 243 80 122 156 167 41 62 69 218 256 185 153 142 130 137 220 158 128 236 9 129 155 227 164 134 183 228 186 82 112 145 175 60 145 87 139 55 33 179 116 135 80 140 199 46 165 89 234 165 71 172 234 145 127 234 187 277 194 100 165 178 85 158 139 202 63 138 147
86 164 106 163 148 28 106 80 145 86 152 216 171 261 178 94 118 189 99 198 141 244 253 45 232 100 70 60 166 223 207 113 253 70 143 195 144 55 53 98 202 269 160 180 179 109 118 206 189 130 251 33 142 187 208 145 167 188 212 198 120 137 168 155 24 114 92 173 93 73 180 104 160 105 134 208 5 166 68 217 191 98 183 249 159 137 253 214 289 220 133 141 193 117 167 178 214 91 107 145
102 176 115 89 142 159 136 149 19 100 39 125 47 164 47 158 91 235 113 186 95 176 148 166 145 31 74 123 146 154 119 129 172 108 44 78 188 79 105 33 212 178 208 56 59 154 155 209 58 103 156 108 73 56 226 175 36 129 218 115 38 28 56 185 139 188 81 44 50 81 140 127 45 32 127 133 136 128 131 228 70 35 107 154 79 78 147 89 200 97 5 186 102 14 103 72 131 41 185 120
65 138 77 65 105 140 98 114 57 63 40 113 84 156 75 122 54 196 75 151 62 155 144 140 131 28 75 90 111 132 104 90 156 73 31 116 150 57 74 29 175 167 170 69 97 116 117 173 83 66 146 98 44 85 188 137 66 102 182 98 65 26 56 146 115 152 43 79 61 86 108 89 48 14 90 113 116 95 97 191 79 23 85 145 57 46 144 102 188 108 43 147 88 34 76 110 114 30 149 84
144 59 122 136 80 236 117 148 234 145 189 146 256 166 230 137 130 85 128 32 122 107 179 207 140 208 239 163 71 107 142 112 131 156 177 288 93 197 174 208 28 157 91 205 268 116 106 19 230 117 159 236 145 238 38 82 230 103 19 134 248 191 184 74 204 137 154 246 238 251 81 120 190 195 97 120 221 90 155 27 202 201 128 157 147 139 182 214 162 212 222 94 148 216 121 288 132 205 142 98
100 166 116 183 157 12 111 78 174 100 178 236 200 281 206 90 135 181 110 203 158 259 274 24 251 128 99 68 176 238 227 120 269 84 168 224 139 81 70 126 202 287 153 206 208 109 119 207 216 144 271 61 163 215 206 145 195 204 213 217 149 163 193 154 25 103 111 202 122 102 192 111 186 132 145 226 24 179 72 216 217 125 201 268 180 157 274 239 307 245 161 137 214 145 185 207 232 118 96 158
60 150 82 111 123 91 95 92 85 59 91 162 113 206 116 105 78 195 77 174 97 199 196 97 180 38 36 63 136 176 153 94 203 55 83 139 146 11 43 36 189 216 166 118 122 108 113 190 127 91 197 46 89 126 200 139 105 143 198 146 68 75 107 150 70 134 50 113 44 48 142 88 99 43 107 159 66 127 74 205 129 36 132 195 105 87 195 152 237 158 72 144 138 56 119 126 162 28 128 110
160 236 175 142 202 198 195 205 42 159 87 165 23 195 56 216 151 295 173 243 153 221 176 213 184 84 103 178 205 201 161 189 212 164 98 23 248 128 158 85 271 211 268 83 15 213 214 268 65 163 189 142 130 55 285 235 50 181 277 161 51 84 98 245 185 246 140 36 78 104 195 187 88 90 187 179 177 185 187 287 95 90 157 188 131 136 173 104 233 112 55 245 146 67 157 13 174 93 242 179
173 157 161 92 136 280 176 213 174 173 128 42 181 21 148 211 138 218 166 127 115 39 40 265 23 180 229 208 118 43 50 163 15 190 127 205 198 205 204 182 163 15 209 121 191 191 183 154 141 130 18 249 114 151 179 178 155 72 161 57 205 141 111 179 248 230 163 168 212 240 93 171 123 167 139 48 257 102 207 171 109 177 72 18 98 118 43 106 34 99 171 196 66 176 88 216 41 185 232 121
34 69 20 61 37 142 39 73 126 34 92 110 152 153 135 74 16 128 24 87 31 125 151 124 121 92 123 66 49 105 100 27 137 50 77 184 85 82 67 92 106 156 103 117 164 58 54 105 139 13 142 125 50 144 119 69 130 71 114 90 133 87 96 78 108 99 37 145 121 135 59 32 96 80 21 94 121 45 65 123 121 85 74 140 64 41 151 141 175 144 113 82 92 103 56 180 103 88 98 25
160 208 165 98 174 237 187 211 71 158 61 96 61 116 33 217 134 273 166 202 123 154 96 239 113 108 152 189 168 137 95 176 140 171 74 78 233 154 174 110 236 134 251 32 68 206 203 229 21 139 112 187 100 28 251 216 45 129 238 100 107 73 54 223 213 245 139 49 127 159 151 178 54 103 163 117 212 145 195 249 30 110 103 112 89 109 93 23 154 31 78 231 85 93 113 93 108 118 243 148
60 149 82 119 124 80 93 86 96 59 101 171 123 215 127 98 81 191 76 175 102 205 205 86 188 49 39 57 138 182 162 93 210 51 93 149 142 7 37 47 189 224 162 129 132 104 110 190 138 95 205 38 97 137 198 136 116 149 197 153 77 86 117 147 59 127 53 124 52 49 146 86 109 54 108 166 55 131 67 204 140 47 139 203 113 94 205 162 245 169 83 140 147 67 125 135 170 40 121 113
73 69 65 142 78 117 43 33 193 74 169 188 221 228 211 19 96 78 64 110 112 187 229 84 195 149 155 61 97 172 179 55 205 69 155 252 34 113 80 148 100 228 49 197 233 24 31 107 217 94 218 135 131 221 102 45 204 142 111 168 188 161 176 51 88 17 94 217 167 165 121 51 175 143 76 168 108 112 50 113 202 143 152 215 146 122 230 223 243 225 179 33 172 165 135 243 178 141 19 95
151 232 168 146 199 179 187 193 44 150 92 175 39 208 71 205 148 288 165 243 153 230 190 196 195 74 84 165 204 208 170 182 223 153 101 44 240 114 145 74 269 224 260 95 37 204 207 266 81 160 202 122 131 72 282 229 61 185 275 169 35 85 106 239 168 234 132 51 60 83 197 179 95 83 183 187 158 186 175 285 108 81 162 201 135 136 188 120 246 129 53 238 154 60 160 25 183 81 230 177
153 163 147 68 134 254 165 200 129 153 87 22 134 39 101 201 118 229 151 143 97 75 25 245 33 143 192 188 121 63 29 153 59 169 89 158 199 174 180 145 180 54 213 75 144 183 177 172 93 115 32 216 86 103 196 179 109 71 180 40 162 101 69 183 224 224 139 121 173 202 97 159 80 131 131 48 230 99 189 191 62 140 55 31 69 93 25 59 76 52 128 197 36 135 72 169 36 148 225 113
151 63 130 166 96 226 117 138 256 152 216 186 280 209 258 125 147 46 134 65 146 152 220 193 181 223 247 160 96 149 180 117 175 158 202 313 75 203 175 223 28 201 64 235 293 109 101 36 260 135 201 237 170 267 13 74 256 139 28 171 264 215 213 63 196 115 165 272 250 258 114 123 218 212 111 159 215 119 150 18 234 216 162 200 176 163 223 249 207 247 243 77 183 235 151 310 171 218 122 120
73 141 83 57 107 153 105 124 53 72 28 102 79 145 65 131 57 201 82 150 60 147 133 152 121 36 85 101 111 124 94 96 147 83 19 111 156 70 86 38 176 156 175 57 91 124 123 173 73 67 135 110 38 75 190 141 58 96 182 88 69 15 43 151 127 161 52 72 69 96 105 96 36 23 92 104 128 93 107 192 67 33 77 134 48 43 132 89 178 95 41 153 78 36 70 108 105 41 158 84
106 161 119 191 156 30 110 73 190 106 190 244 217 288 221 83 141 169 113 200 164 262 283 14 257 143 118 71 175 242 234 120 274 89 180 242 130 96 78 141 195 293 142 219 225 104 115 201 231 149 277 80 171 230 198 138 210 208 206 224 168 176 204 147 36 91 119 218 141 121 194 112 198 146 146 231 43 181 73 208 229 140 208 275 189 165 283 252 312 257 177 129 222 161 191 226 238 133 84 161
141 52 119 154 84 220 107 131 244 142 204 174 268 198 246 118 136 49 124 53 134 141 209 188 170 212 237 152 84 138 168 107 164 149 190 301 70 193 166 212 16 190 61 223 281 101 92 25 248 124 190 228 158 255 2 65 244 127 18 159 253 203 201 55 189 111 155 260 240 249 102 113 206 201 100 147 208 106 142 11 221 205 150 188 163 151 212 237 197 235 232 71 171 223 139 299 160 208 118 108
144 153 137 58 124 246 155 190 126 143 82 14 133 44 100 191 109 219 141 134 87 70 34 236 29 136 186 178 111 56 19 143 57 160 82 158 189 166 171 138 171 57 203 73 144 173 167 163 93 105 35 209 77 103 187 169 107 61 171 30 158 96 64 173 215 214 130 120 167 196 87 149 76 124 121 40 222 89 180 182 61 133 45 34 60 84 34 62 79 56 123 187 26 130 62 168 28 142 215 103
63 113 71 148 107 65 61 24 168 63 157 200 197 243 194 36 97 130 66 151 119 214 240 36 211 121 113 29 126 194 190 72 227 48 145 225 86 76 46 119 148 247 101 186 207 56 66 154 202 103 233 86 131 204 152 91 184 161 159 179 154 145 169 100 36 55 80 195 130 121 146 63 165 119 97 185 56 133 26 162 195 116 163 230 148 123 240 217 265 221 154 84 180 139 146 212 193 111 48 113
91 153 105 174 145 25 99 65 172 91 172 228 199 272 203 77 126 168 99 191 149 248 266 13 241 125 101 57 164 228 218 109 260 74 162 224 126 78 61 123 189 278 140 201 208 96 106 194 213 134 262 65 155 212 193 132 192 194 200 208 150 158 187 141 18 90 102 200 123 105 181 100 180 128 133 216 27 168 61 203 211 122 192 260 172 148 266 234 297 239 159 124 206 143 175 208 223 115 83 147
140 219 156 133 186 173 176 183 31 138 80 163 33 198 61 194 135 276 153 230 140 217 180 188 183 62 78 155 191 196 158 170 211 142 88 48 229 104 135 63 256 213 248 84 35 193 195 253 73 147 191 117 118 65 269 216 51 172 262 156 26 72 94 227 161 224 120 44 53 79 184 167 83 71 171 175 152 173 164 272 98 69 150 190 122 123 178 111 235 120 40 226 142 48 148 33 171 70 219 164
87 50 73 142 69 144 52 58 206 89 177 183 234 220 220 44 101 53 74 90 113 174 223 111 187 165 177 84 86 161 174 60 194 88 163 266 8 133 102 164 75 218 23 203 246 35 33 82 225 96 210 160 135 230 75 26 214 134 85 163 205 170 181 28 115 35 107 228 186 187 111 60 182 157 74 160 135 105 73 86 206 158 149 208 148 126 225 226 231 228 192 8 170 180 132 258 172 158 41 91
66 55 54 129 63 126 32 37 186 67 159 173 214 213 201 24 84 75 54 96 99 172 215 94 180 144 155 61 81 157 165 43 190 65 145 245 27 111 79 143 89 213 46 186 226 13 16 94 207 81 203 138 120 211 92 31 195 127 99 153 183 151 165 40 95 32 86 208 164 165 106 41 165 136 62 153 114 97 51 102 190 137 138 201 133 110 216 211 228 213 172 25 159 159 121 237 163 136 34 80
129 199 141 103 165 184 162 177 11 127 48 129 20 163 28 186 116 260 140 205 116 184 145 193 149 58 94 151 167 163 124 155 177 135 60 52 214 106 133 60 234 178 234 49 33 181 181 230 40 126 156 131 92 34 248 200 16 142 239 123 46 46 61 209 166 216 108 17 68 99 157 153 50 60 151 142 161 147 159 249 63 63 118 155 92 98 143 77 200 86 24 212 109 40 119 51 137 68 212 141
131 118 118 55 94 239 133 170 150 131 102 29 163 57 132 168 96 182 123 93 73 36 64 223 25 147 194 165 77 15 27 120 38 148 96 192 157 166 162 149 131 58 169 104 175 148 140 122 128 87 48 210 77 137 147 137 136 29 130 25 177 112 88 140 206 188 123 151 180 206 52 128 99 134 96 7 216 59 164 141 96 143 34 45 64 79 66 102 76 98 144 156 41 146 47 199 15 150 189 78
105 140 104 29 105 202 125 155 85 105 37 49 99 91 69 158 73 205 106 133 57 101 79 195 69 90 139 139 99 80 43 113 96 120 35 128 168 121 129 91 167 103 185 42 111 144 140 161 67 74 82 163 37 76 182 149 71 62 170 40 114 50 23 156 173 185 88 87 121 149 82 117 33 77 97 59 178 76 142 181 39 87 37 80 22 46 79 56 125 58 80 165 26 84 44 134 55 95 184 81
76 92 74 154 96 96 55 25 193 77 174 202 221 243 214 20 104 97 71 132 124 206 243 62 211 147 146 53 116 190 193 68 223 67 161 251 57 105 73 145 123 245 69 203 232 40 49 129 221 106 233 121 140 224 124 67 206 158 134 182 183 164 183 74 71 20 97 218 160 154 139 62 181 142 92 184 90 128 43 135 209 141 166 231 156 132 244 231 261 234 178 55 185 164 148 240 193 138 13 110
92 72 76 49 46 201 87 125 149 93 103 69 169 105 143 122 62 138 82 57 43 67 109 181 72 131 172 124 30 49 62 75 82 109 92 201 110 136 125 132 92 104 123 118 182 102 93 85 142 49 95 181 61 151 108 90 143 20 94 52 168 107 96 93 167 141 90 159 164 184 6 84 103 118 50 45 179 13 122 105 114 125 42 93 59 58 111 128 120 127 139 108 63 136 33 203 57 131 142 34
161 216 169 108 181 231 190 212 60 160 63 112 45 134 24 219 139 281 169 213 131 170 114 236 130 102 143 188 178 153 110 180 157 171 77 60 239 149 172 104 246 152 258 39 50 210 208 240 16 145 130 179 106 15 261 222 36 141 249 114 95 73 61 230 209 248 140 35 117 148 162 182 58 99 170 132 207 155 195 260 42 105 116 129 98 115 111 41 172 49 70 236 98 85 123 75 124 112 246 156
109 179 127 189 168 4 124 92 171 109 179 242 196 287 204 104 143 196 120 216 166 268 279 40 257 127 92 78 187 246 233 132 277 92 170 218 154 82 77 124 216 294 168 207 203 123 133 221 215 153 277 53 168 213 221 159 193 212 227 223 144 164 195 168 35 119 117 199 117 93 202 123 187 132 155 233 24 188 84 230 218 125 208 275 185 163 279 240 314 246 159 152 219 143 192 200 239 117 112 168
112 25 91 135 60 190 78 101 219 113 181 163 245 193 224 89 110 44 95 49 111 140 201 159 162 185 208 122 66 132 156 78 162 119 167 277 42 164 136 185 25 188 40 203 257 71 62 33 227 99 184 198 136 234 28 35 221 114 35 146 226 179 181 25 159 85 127 237 212 219 88 84 184 174 74 137 178 89 112 37 203 178 135 182 144 128 203 220 198 219 206 43 157 197 121 274 150 180 91 85
174 168 165 90 144 279 181 217 162 174 118 37 166 8 133 217 139 231 169 141 116 57 20 267 25 173 222 209 127 55 46 168 35 191 119 189 208 201 203 175 178 22 220 107 176 197 190 169 125 132 3 245 111 135 194 187 141 79 176 56 194 132 101 190 248 238 162 153 204 232 102 175 112 160 145 53 255 109 209 187 95 170 72 5 94 116 23 89 44 81 160 206 60 167 90 201 43 178 239 126
89 176 109 116 146 117 125 126 57 88 79 162 82 203 93 138 96 226 105 195 110 206 190 129 181 23 28 98 156 183 154 122 207 88 77 106 178 46 78 22 215 216 198 101 90 140 144 214 104 110 195 63 95 101 227 169 81 153 223 148 33 64 97 179 102 168 73 85 12 37 157 118 87 37 130 164 94 143 108 231 115 28 136 193 107 96 189 135 238 143 47 175 137 33 127 92 164 22 163 129
54 143 75 103 116 96 90 90 83 53 84 154 111 198 112 102 69 190 70 166 88 190 188 100 171 35 43 61 128 168 145 88 195 51 76 139 142 13 42 33 182 208 161 112 121 104 108 183 122 83 189 54 81 122 193 133 101 135 191 137 69 69 100 144 73 131 42 110 48 55 134 82 92 38 99 150 72 119 71 199 123 31 123 186 97 78 187 145 229 152 69 139 130 53 110 126 154 25 126 102
162 197 163 88 164 250 184 213 95 161 69 70 91 86 59 217 132 263 165 185 116 127 65 248 86 125 172 194 155 113 72 173 112 176 79 109 227 166 181 127 221 103 244 43 98 203 199 214 48 134 82 203 96 58 237 208 70 111 222 79 131 85 55 215 224 244 143 78 149 180 135 176 61 116 156 95 225 132 199 233 30 125 87 82 82 105 62 9 123 2 99 225 66 111 100 123 84 133 243 139
74 160 93 99 129 119 111 116 56 73 67 146 84 188 88 127 79 212 89 178 92 189 176 126 165 10 41 88 139 166 138 107 190 75 62 112 164 39 68 8 198 200 183 92 94 127 130 197 98 92 179 69 78 97 210 153 76 135 206 131 44 51 84 164 99 156 57 84 29 52 139 102 74 21 113 147 95 125 97 214 104 11 119 178 90 78 175 126 222 133 43 161 122 27 109 100 148 4 152 111
145 214 158 115 180 200 179 194 27 144 60 135 7 165 26 203 131 275 156 218 130 192 146 209 155 75 108 168 181 171 131 171 183 152 73 38 230 122 149 76 248 181 250 53 19 197 197 244 36 141 159 145 105 27 262 216 21 153 253 131 57 61 69 225 182 233 124 6 82 112 169 170 60 77 166 150 177 160 176 263 65 79 128 158 104 113 144 75 203 83 41 228 116 56 130 42 145 84 229 156
98 178 118 170 161 34 120 96 142 97 154 223 167 267 176 109 128 205 112 211 150 254 258 59 239 99 62 74 178 232 214 126 261 83 147 188 159 59 65 97 217 276 176 181 174 124 133 220 188 140 258 23 149 185 223 160 165 198 227 205 114 139 171 170 40 130 100 170 87 63 191 117 162 107 147 216 20 176 83 232 193 98 190 256 166 145 258 215 297 221 131 157 199 115 175 170 221 90 123 157
72 68 56 43 35 180 70 107 136 72 92 79 158 119 134 105 41 134 62 66 25 87 120 161 87 114 152 104 28 67 70 57 100 88 80 190 100 116 104 114 96 121 116 111 171 86 78 91 136 28 109 160 48 143 112 80 133 34 101 59 152 94 89 86 146 126 70 149 146 164 23 65 94 100 33 59 158 9 102 111 110 107 45 107 51 42 122 127 138 127 125 98 66 120 29 190 69 112 127 15
134 159 131 52 126 232 152 183 103 134 60 34 109 66 76 186 101 225 134 145 82 92 51 225 53 116 166 169 116 75 33 139 81 150 63 135 191 150 159 118 181 81 207 49 120 170 165 173 70 100 58 192 66 80 197 171 83 70 182 39 135 75 42 177 203 211 118 96 146 176 95 144 53 105 120 55 207 93 171 193 37 114 47 57 49 74 50 42 103 39 101 188 25 108 62 144 46 123 211 103
171 235 182 130 200 229 204 221 56 170 79 139 30 162 36 229 154 298 181 235 149 197 142 238 158 103 136 195 199 179 137 195 185 179 93 33 254 151 177 105 267 180 273 61 28 222 222 262 37 162 158 174 124 28 282 239 41 166 271 140 84 84 82 247 211 259 150 28 110 139 185 195 76 104 187 158 206 177 203 281 69 108 140 158 120 133 139 69 200 77 69 252 124 85 145 50 151 113 256 175
159 222 170 117 187 220 191 209 47 158 66 129 25 154 23 217 141 285 169 222 136 187 134 228 148 93 129 184 186 168 126 182 175 168 80 40 242 141 166 95 254 171 261 49 29 210 209 249 25 150 149 166 112 16 269 226 28 153 258 128 78 72 70 235 201 247 138 18 103 133 172 182 64 93 174 147 196 164 192 269 58 97 128 148 107 120 131 61 192 69 59 239 113 75 133 54 140 103 244 163
67 144 86 147 129 43 87 62 139 67 140 200 166 244 170 76 100 172 80 178 123 226 237 43 215 92 72 40 147 204 191 93 235 51 130 192 126 44 34 90 183 252 143 169 175 90 99 186 180 111 234 42 126 179 189 126 159 170 193 181 118 126 155 136 16 99 74 167 92 78 161 84 148 95 115 191 20 146 49 198 179 89 165 232 143 120 237 202 272 207 126 124 177 110 149 177 197 82 92 126
36 122 55 81 93 110 72 82 86 35 73 134 114 178 108 91 45 173 51 143 64 167 170 106 150 42 67 56 104 144 125 68 173 40 62 145 125 31 40 41 161 187 145 102 126 89 91 160 117 59 168 76 60 119 172 115 99 111 169 116 82 60 87 125 82 121 19 111 66 79 109 64 81 35 76 128 86 95 64 177 112 35 101 166 76 56 169 135 208 140 72 122 110 58 87 136 132 35 117 78
49 135 70 120 114 70 78 67 113 48 111 173 140 218 142 80 77 174 64 164 99 203 210 70 189 65 57 38 129 181 164 80 210 36 102 168 125 17 19 63 175 226 144 140 150 87 94 177 151 89 208 44 99 151 183 121 131 147 184 155 96 97 126 132 44 107 49 140 71 67 140 72 119 67 98 166 46 126 49 191 150 61 140 206 116 94 210 173 246 179 99 123 150 83 124 154 171 55 102 106
75 153 90 79 120 138 110 122 46 74 44 124 74 166 70 132 69 209 87 166 77 169 153 142 143 14 64 96 127 146 116 103 169 81 40 105 163 56 79 16 190 178 182 70 85 128 129 188 80 81 157 91 59 80 203 150 60 117 197 110 50 28 62 160 115 162 54 71 47 74 124 101 52 5 104 126 114 111 104 206 82 12 99 155 70 62 152 104 200 111 31 160 100 19 91 97 127 21 158 100
60 149 81 103 121 101 96 97 76 59 81 154 104 197 107 109 73 197 76 171 91 192 187 106 172 29 39 69 132 169 145 94 195 58 74 132 148 19 49 27 188 208 168 108 114 111 115 188 117 87 188 55 81 116 199 140 96 137 196 138 62 65 97 150 79 138 47 104 41 51 137 89 89 34 104 151 76 122 78 204 119 26 124 186 97 80 186 142 229 148 63 146 130 47 112 119 154 19 133 106
167 153 155 86 130 274 170 207 168 167 122 36 176 24 143 205 132 214 160 123 108 37 39 259 17 174 223 201 113 38 44 158 16 184 121 201 193 198 197 176 160 21 204 116 186 185 177 150 136 124 17 242 108 146 176 173 150 66 157 51 199 135 106 175 241 225 157 163 206 234 88 165 117 161 133 42 250 96 201 168 104 170 66 16 92 112 43 102 41 96 165 191 60 170 82 211 35 178 226 115
122 199 137 112 166 167 157 167 12 121 59 144 32 180 49 178 115 257 135 209 119 197 163 178 164 46 74 140 170 175 138 151 192 126 67 59 210 92 121 47 235 195 230 68 41 175 176 233 61 126 173 112 97 55 249 197 37 151 242 136 25 51 74 207 151 208 102 36 48 79 163 149 63 52 150 154 144 152 149 251 81 52 129 171 101 102 161 98 217 106 19 207 122 29 126 50 151 55 203 144
70 158 92 132 135 69 101 89 105 69 114 184 131 228 138 102 94 197 86 186 115 218 219 80 201 60 36 61 150 196 175 103 224 59 106 155 149 20 43 58 198 238 167 140 139 111 117 199 148 107 219 25 110 147 207 144 126 162 207 167 82 98 130 155 53 129 66 133 55 44 159 95 122 66 119 179 45 144 71 214 152 58 153 217 127 107 218 174 259 181 93 146 160 77 139 140 183 50 123 126
77 129 81 33 94 170 102 128 71 76 27 78 92 121 70 133 50 192 82 132 43 122 111 165 97 61 109 110 94 100 70 92 122 91 14 124 150 89 98 63 161 132 169 52 105 122 119 157 74 56 112 131 18 80 176 133 67 73 166 64 92 28 31 142 141 162 58 83 94 120 84 94 31 48 81 80 146 74 114 177 57 57 52 110 23 26 110 79 154 83 61 147 54 60 47 124 80 65 160 69
120 182 135 203 174 19 129 93 192 120 197 256 218 301 225 104 155 191 129 220 178 278 295 34 271 147 114 87 194 258 247 138 289 103 188 240 152 101 90 145 217 307 164 226 225 125 135 222 235 164 291 75 183 234 219 159 213 224 227 237 166 183 213 168 45 113 131 220 139 116 211 130 205 151 163 245 42 198 90 230 236 144 221 289 201 177 295 259 327 265 180 150 234 164 205 223 252 137 106 177
155 218 165 114 184 216 187 205 43 154 63 127 23 153 20 213 137 281 165 219 133 184 133 224 146 89 125 180 182 165 124 178 173 163 77 42 238 137 162 91 250 170 257 47 29 206 205 245 23 146 148 163 108 13 265 222 24 150 255 126 75 68 67 231 197 243 134 15 99 130 169 178 60 89 171 144 193 161 188 265 56 93 125 147 104 116 131 61 191 69 55 235 110 71 130 54 138 99 240 159
51 38 31 94 28 142 21 57 163 53 130 137 190 177 173 50 55 90 35 71 65 138 178 116 144 126 148 67 48 121 129 17 154 60 116 222 46 104 78 125 78 177 65 155 202 29 20 80 178 48 167 140 88 183 88 30 168 91 88 117 167 125 133 40 109 68 67 183 151 159 70 24 135 115 26 117 126 61 60 94 158 118 102 164 100 78 180 178 193 180 149 44 123 139 85 216 127 120 69 44
109 90 94 49 66 218 107 145 151 109 103 53 168 86 140 142 77 154 100 68 55 49 91 199 53 139 183 142 49 29 47 95 62 126 94 199 129 150 142 140 105 85 141 113 181 121 113 97 138 65 76 194 67 146 121 109 141 9 106 38 174 110 93 111 184 160 105 157 172 195 23 103 102 125 69 27 196 32 140 117 107 134 34 74 60 66 93 118 101 116 142 127 52 141 35 203 39 140 162 52
156 159 148 71 132 259 166 201 140 156 96 19 146 29 113 201 121 224 152 136 98 63 23 249 22 151 200 191 117 53 28 153 46 172 97 170 196 180 184 153 173 43 210 86 156 183 176 165 105 116 21 223 91 115 190 176 121 67 173 39 173 110 79 180 228 224 143 133 182 211 92 159 90 139 130 42 235 96 192 184 74 148 55 19 74 97 24 71 65 65 138 195 40 145 73 181 30 156 224 112
104 129 99 20 96 205 120 152 98 103 50 40 113 84 83 154 70 195 103 120 50 88 75 195 59 99 147 138 88 66 32 107 85 119 45 143 159 125 130 100 154 94 176 56 125 138 133 148 81 68 74 169 36 90 170 140 86 48 157 27 126 61 37 146 174 179 89 101 131 158 69 112 47 85 89 45 181 64 140 168 52 95 22 72 19 43 75 67 116 66 92 157 16 95 32 148 43 103 179 71
74 117 74 20 82 173 95 124 85 74 40 70 106 115 82 128 43 181 76 118 31 110 106 165 88 72 119 109 81 88 61 84 112 90 27 138 141 94 99 74 148 124 159 61 118 115 111 144 85 46 105 138 7 91 163 123 80 59 153 54 105 42 39 131 143 155 58 96 106 130 70 87 42 58 71 68 149 60 112 164 64 67 41 103 13 16 106 84 145 87 75 138 47 73 33 138 70 75 154 57
73 153 89 83 121 133 109 119 48 72 49 128 77 171 74 129 69 209 86 168 79 173 158 137 147 10 59 93 128 150 120 103 173 78 45 107 162 51 75 12 191 182 181 75 88 126 128 189 84 82 162 86 62 84 203 149 64 120 198 114 49 33 66 159 111 159 53 74 43 69 126 100 57 4 105 130 109 113 102 207 87 7 103 160 74 64 157 109 204 116 34 159 104 20 94 98 131 16 155 101
47 123 60 64 91 130 81 97 74 46 54 116 102 160 92 105 40 180 58 139 53 153 151 126 133 38 76 74 99 130 107 74 157 56 43 133 133 49 59 38 161 170 153 83 114 99 100 159 100 53 150 92 43 102 174 120 84 98 168 99 78 42 67 130 102 135 26 97 69 88 100 72 62 26 75 112 105 86 80 177 92 31 85 148 58 41 150 115 191 120 60 130 92 49 73 127 115 35 132 72
78 165 100 141 143 64 108 93 110 77 121 193 135 237 144 107 103 202 94 194 124 227 227 78 210 66 35 66 158 205 184 110 233 67 114 159 154 29 49 64 205 247 173 148 143 117 124 207 155 116 227 16 119 153 214 151 132 171 214 176 84 106 138 162 52 133 75 138 57 41 167 103 129 74 127 188 41 153 76 221 160 65 161 225 135 116 226 182 268 188 98 152 169 83 148 142 192 57 127 134
145 166 141 62 134 243 161 193 111 144 70 33 115 57 82 196 111 232 144 150 92 90 41 236 49 127 176 179 123 75 35 149 76 160 74 139 199 161 169 129 186 73 214 56 125 180 174 178 74 110 51 202 77 84 202 179 90 76 187 43 144 85 52 185 213 221 129 102 156 186 101 154 63 115 129 57 218 100 182 198 43 125 54 50 60 85 40 42 95 36 110 197 32 118 70 150 47 133 221 111
79 44 64 133 61 142 43 54 198 81 168 174 225 211 211 41 92 59 66 85 104 167 215 110 179 157 171 78 77 153 165 51 186 81 154 257 10 127 96 156 73 210 30 194 237 28 24 80 216 87 201 155 126 221 76 19 205 126 84 154 197 162 172 25 112 39 99 219 179 181 103 52 173 149 64 152 132 96 68 86 197 150 140 199 139 117 216 217 224 218 184 8 161 172 123 250 163 150 44 82
72 126 83 157 120 52 74 38 170 72 163 209 198 253 197 49 107 142 77 164 130 226 249 23 222 122 109 37 139 206 200 84 238 56 151 225 99 75 49 121 162 258 114 192 208 69 79 167 206 114 243 79 139 207 166 104 187 172 173 190 153 150 175 113 26 65 87 197 128 116 158 75 170 122 109 196 45 145 37 176 201 118 173 241 156 132 250 223 276 228 156 97 189 140 156 212 204 112 58 124
152 160 145 66 131 254 163 198 131 151 88 18 137 37 104 198 117 225 149 139 95 70 26 244 29 143 193 187 117 58 26 151 55 168 89 161 196 174 179 145 176 52 210 77 147 181 174 168 96 113 30 217 85 106 192 176 112 68 176 37 164 102 70 180 223 222 138 124 174 203 93 157 82 131 129 45 230 96 188 187 65 141 52 28 68 92 26 63 74 56 129 194 34 136 70 172 32 149 222 110
86 78 72 38 48 195 85 123 139 87 92 65 159 104 132 121 54 144 77 67 34 72 106 177 71 121 163 120 35 52 57 73 84 103 81 190 113 128 119 122 101 105 127 107 171 101 93 95 132 42 94 173 51 140 117 93 132 18 104 46 158 96 86 97 161 141 82 148 154 175 17 81 93 107 48 44 173 13 118 115 105 115 34 91 49 47 108 120 122 119 128 111 56 125 23 192 54 121 142 31
153 121 137 85 105 261 149 187 181 153 133 55 194 61 163 183 120 180 143 88 98 6 76 243 40 177 223 186 86 17 57 137 26 170 127 222 163 192 185 179 124 52 172 135 206 161 152 114 157 109 55 237 106 167 139 144 167 50 121 56 208 143 119 144 228 199 148 182 210 235 63 145 130 163 111 38 239 75 183 131 125 172 64 53 94 106 79 129 62 124 175 162 71 177 74 229 43 179 201 95
138 185 142 75 150 220 164 189 65 137 41 79 65 107 32 195 111 250 143 179 100 137 88 221 98 94 141 169 145 119 77 153 126 150 53 90 210 137 154 96 213 123 228 12 75 183 180 207 25 116 101 173 77 35 228 193 41 107 216 80 101 55 31 200 195 223 118 52 117 149 128 155 33 86 140 98 196 122 174 227 8 94 81 100 66 86 86 22 145 30 68 208 64 80 90 100 90 102 221 125
102 191 124 157 167 76 134 120 106 101 128 206 129 249 143 133 124 229 119 218 143 245 238 99 224 71 23 92 181 222 198 135 249 92 124 147 181 50 75 69 230 260 199 152 134 143 150 232 154 137 240 21 135 151 239 177 131 190 240 191 75 112 146 188 74 159 96 134 49 21 188 128 136 82 151 205 59 174 103 246 165 72 177 238 149 133 236 186 282 193 97 178 182 83 165 129 207 64 152 156
112 200 132 137 170 122 148 146 62 111 96 181 81 221 100 158 120 248 128 219 133 227 206 140 200 45 27 117 180 205 173 145 227 109 96 99 200 64 97 44 239 234 219 114 86 162 166 238 112 134 213 66 117 107 250 191 87 175 247 168 27 82 114 202 114 187 97 88 12 28 180 140 102 59 154 185 102 167 127 255 128 51 158 211 128 119 205 146 256 154 57 197 157 47 149 81 185 46 182 153
63 27 41 94 19 156 34 69 170 64 134 133 196 170 177 62 60 85 46 58 66 128 173 129 138 135 159 80 38 113 124 29 146 73 120 228 46 116 91 134 66 170 63 158 208 40 30 67 181 51 160 153 90 187 77 27 173 85 75 113 176 130 136 34 122 76 76 188 161 171 62 37 138 124 26 110 139 55 73 82 160 127 99 158 100 81 175 178 184 179 156 44 120 147 82 224 122 129 78 42
200 172 186 123 156 308 199 237 207 200 161 75 213 44 180 234 166 228 192 137 143 47 65 292 55 213 261 234 137 63 82 187 31 217 159 237 214 235 232 214 171 26 223 153 223 213 204 161 172 156 47 279 145 182 186 195 188 97 166 89 238 174 144 195 275 250 192 200 245 272 113 195 156 199 162 76 286 125 232 176 141 209 102 48 130 148 68 136 14 129 203 213 99 208 117 248 72 217 253 145
150 135 138 72 112 258 152 190 161 150 114 30 171 40 139 187 115 197 143 107 92 29 51 242 13 163 210 184 95 21 34 140 21 167 110 198 175 184 181 164 144 38 186 111 182 167 159 135 133 107 31 228 94 143 160 155 145 48 142 38 190 125 98 157 225 207 141 159 195 221 70 147 109 149 115 25 235 78 183 153 101 158 51 29 79 97 54 103 57 97 156 173 50 160 66 207 22 166 208 97
98 72 80 54 48 206 91 129 155 98 108 70 175 104 148 125 68 137 86 54 49 63 109 185 71 137 178 129 31 46 63 79 79 114 97 206 111 142 131 138 89 102 123 122 187 104 96 82 147 55 94 186 67 155 106 91 148 21 91 53 174 113 101 93 172 143 96 164 170 190 5 88 108 123 54 45 185 18 126 102 118 131 45 92 64 64 111 131 117 130 145 109 66 142 38 208 57 137 145 39
101 18 79 107 38 194 73 105 197 102 156 132 221 162 199 96 90 75 84 23 86 110 170 165 131 167 196 119 37 101 125 68 132 112 143 254 60 154 130 167 32 157 66 176 234 74 64 30 200 77 153 192 111 208 47 43 197 83 38 115 208 156 154 40 161 101 112 212 196 208 58 76 159 155 55 106 178 60 112 48 175 160 105 151 116 103 172 191 168 190 185 60 126 177 92 252 119 163 106 60
107 93 93 44 67 216 107 144 146 107 97 49 163 84 134 142 74 158 98 73 51 52 88 198 51 134 179 141 51 30 42 94 63 124 88 193 131 146 139 136 110 84 144 107 175 122 114 102 132 63 74 191 62 141 126 111 136 4 111 33 168 104 87 114 182 161 102 151 168 190 26 102 96 120 69 24 193 33 139 122 102 129 28 72 54 61 90 113 101 110 137 129 47 136 30 197 36 136 163 52
131 202 143 105 167 185 164 178 12 129 51 131 18 164 29 188 118 262 142 207 118 186 147 194 151 59 94 152 169 165 126 156 179 137 62 50 216 107 134 61 236 180 236 51 30 183 183 232 40 128 158 131 94 34 250 202 17 145 241 125 46 48 63 212 167 218 110 16 69 99 159 155 52 61 153 144 162 149 161 251 64 64 121 157 95 101 144 78 202 87 25 214 111 41 121 49 140 69 214 144
204 189 193 121 168 310 208 245 192 204 150 68 195 25 162 243 169 249 198 157 145 66 42 297 53 205 254 239 150 75 77 196 43 221 151 216 230 233 234 207 193 18 240 137 204 223 215 183 153 161 34 276 142 163 208 210 171 104 189 86 226 164 132 211 278 263 193 182 236 264 125 203 143 192 171 79 286 134 238 200 124 202 102 36 126 147 45 115 19 107 191 229 92 198 119 229 71 210 264 153
119 45 100 155 78 184 83 97 233 120 198 186 259 217 241 84 124 22 103 73 129 165 225 150 186 195 213 122 87 156 179 87 186 123 184 292 34 169 139 195 44 212 21 221 272 71 64 54 244 115 208 198 153 250 39 40 237 136 54 168 236 194 199 30 155 72 136 252 219 224 111 90 202 185 90 161 175 110 111 51 222 188 156 206 162 145 227 240 222 240 219 36 178 209 142 286 173 189 78 103
123 180 130 75 145 198 152 174 41 122 25 94 48 127 19 181 101 244 130 180 94 150 110 200 114 70 116 151 144 130 90 142 142 133 39 78 201 115 135 72 211 143 220 14 60 171 170 207 23 108 121 149 69 28 227 185 21 112 216 90 76 35 28 193 175 210 102 36 93 124 130 143 21 64 133 109 174 122 157 226 28 72 87 119 65 78 108 47 165 54 43 199 75 56 91 84 103 79 207 120
75 95 67 16 61 182 86 120 112 75 66 63 133 107 108 121 40 160 71 92 17 90 104 168 76 96 140 110 55 67 54 73 96 92 55 165 124 109 105 97 123 113 140 84 145 104 98 118 108 34 97 153 24 116 139 105 107 35 127 43 132 70 62 111 149 145 65 122 129 151 43 79 67 82 53 51 159 33 111 138 83 90 27 94 24 23 104 101 132 101 102 121 45 99 10 165 57 97 145 36
165 152 154 84 130 272 169 206 166 165 121 34 174 23 141 204 130 214 159 123 107 38 38 258 15 172 221 200 112 38 42 157 17 182 119 199 192 197 196 174 160 22 204 114 184 184 176 151 134 122 16 241 106 144 176 172 148 65 158 49 197 133 104 174 240 224 156 161 204 232 87 164 115 159 132 40 249 95 199 168 102 169 64 15 90 110 41 100 42 94 163 191 58 168 81 209 33 177 226 114
149 153 141 64 125 253 159 194 136 149 91 12 143 35 110 194 114 218 145 132 92 62 29 242 21 145 195 184 111 50 21 146 47 166 91 168 190 174 177 147 169 47 204 83 153 176 169 160 103 109 26 217 84 113 185 170 117 61 168 32 168 105 74 174 222 217 136 130 177 205 86 153 85 133 124 37 229 90 185 179 71 142 48 24 67 90 30 70 70 64 133 188 33 139 66 178 25 151 218 105
149 198 154 88 163 228 176 200 66 148 51 89 60 113 29 207 124 263 155 192 113 147 93 230 107 100 145 179 158 130 88 165 135 161 64 81 223 145 164 102 226 130 241 22 69 196 193 220 18 129 108 179 89 27 241 205 41 120 229 92 102 64 43 213 204 235 129 48 121 152 141 167 44 94 153 109 204 135 185 240 21 102 94 107 79 98 91 21 151 30 71 220 76 85 103 94 101 109 233 138
121 70 101 83 61 226 107 144 185 121 138 87 204 111 176 138 95 127 107 36 78 57 121 203 82 167 206 149 41 50 83 97 78 136 127 235 112 169 154 168 73 104 120 150 216 116 106 64 175 81 102 212 97 183 89 93 177 46 71 75 204 143 129 92 192 150 123 193 199 218 31 105 137 153 72 61 207 45 145 82 145 161 71 100 94 93 124 156 114 153 175 111 90 172 68 238 73 166 153 63
37 125 59 110 102 80 68 62 110 36 104 163 139 207 137 74 65 166 53 153 88 191 200 76 178 63 64 33 118 169 154 69 199 27 94 167 117 20 13 61 165 215 137 133 149 79 85 166 146 77 197 55 89 147 174 112 127 135 174 144 97 90 118 122 51 103 38 137 75 74 129 62 112 62 87 154 56 114 43 180 143 58 129 195 106 83 200 166 235 171 96 115 140 81 113 155 160 53 98 95
130 61 109 107 66 231 109 145 207 131 161 113 227 134 200 136 109 108 115 20 97 76 145 205 106 185 221 155 50 74 109 102 99 144 149 259 102 181 162 186 51 125 106 174 240 115 104 41 199 95 126 223 118 208 66 86 201 71 47 101 224 164 153 82 197 144 136 216 217 233 52 110 161 172 81 87 214 63 149 58 170 178 96 124 117 113 148 181 133 179 196 102 115 192 91 260 98 183 148 76
194 186 185 110 163 299 201 237 177 194 136 57 179 13 147 236 159 248 189 157 136 68 26 287 45 191 240 229 146 72 66 188 45 211 137 200 226 221 223 193 194 20 238 122 188 217 209 184 137 153 23 264 131 147 209 206 155 98 191 76 211 150 118 208 268 257 183 166 222 251 121 195 129 179 164 72 275 128 230 201 108 188 92 25 114 136 29 99 34 91 176 225 80 184 110 213 63 197 258 146
86 76 78 155 89 121 56 43 206 87 183 200 234 239 224 30 109 72 77 117 125 197 241 86 207 162 166 71 107 182 191 68 215 81 169 265 36 124 91 161 102 239 45 210 246 37 43 110 230 107 229 144 145 234 102 51 217 153 113 180 200 174 189 56 95 7 107 230 178 175 131 65 189 156 88 179 114 123 61 114 215 155 165 227 159 136 242 236 254 239 192 35 185 178 147 256 190 153 13 107
96 150 101 47 115 182 123 147 56 95 7 80 73 120 49 153 71 214 102 151 64 131 106 180 100 61 111 127 114 109 73 113 127 108 11 105 171 98 113 63 182 133 190 31 86 143 140 177 52 78 111 138 39 58 197 155 47 87 186 70 83 20 14 163 155 182 76 63 91 120 102 114 9 50 103 88 157 93 132 197 39 59 63 110 37 48 105 62 155 67 49 169 57 54 63 107 85 68 180 90
70 125 74 36 90 163 96 121 72 69 32 83 95 127 75 126 44 187 75 130 40 126 118 157 102 57 104 102 91 103 75 86 126 84 17 127 145 82 91 59 158 138 163 58 108 115 113 154 79 52 118 125 17 85 173 128 71 74 164 68 91 30 38 137 134 155 51 86 90 116 83 87 37 43 77 83 139 72 107 174 64 52 56 116 27 23 117 86 159 90 61 142 59 58 48 126 85 60 153 66
157 111 139 100 101 264 147 185 201 157 152 79 215 85 184 179 127 163 145 73 106 25 101 243 65 192 235 188 81 38 80 136 48 173 144 244 153 201 190 193 106 73 160 157 227 157 147 96 180 114 79 245 119 190 120 134 188 61 101 77 225 161 139 133 231 191 155 203 225 247 64 145 149 178 111 59 244 78 184 111 148 186 82 78 110 118 104 153 78 148 193 152 93 193 87 250 66 193 195 98
25 111 46 103 90 86 55 52 116 24 105 157 145 201 140 63 56 153 40 140 79 182 195 76 171 70 76 25 106 160 147 56 191 13 93 174 105 32 10 68 151 208 124 134 156 67 72 153 149 67 191 68 84 151 160 98 131 126 161 138 107 92 117 109 54 93 31 142 86 87 118 49 112 66 74 147 64 103 34 167 143 64 122 189 101 77 195 166 228 170 102 102 135 87 105 163 153 61 88 83
104 111 95 24 80 211 112 148 123 104 74 35 139 78 109 148 69 177 99 97 46 66 76 197 47 117 164 139 68 43 26 100 68 121 67 169 145 136 134 118 132 83 160 82 151 130 123 125 107 63 67 180 46 116 148 125 111 23 134 15 148 83 63 130 179 170 94 127 150 175 46 106 72 103 77 24 187 46 139 145 77 112 4 65 33 49 77 89 104 87 115 143 23 116 20 173 28 120 171 59
33 99 39 55 67 134 61 84 96 33 67 108 123 153 109 90 16 157 39 115 34 137 146 124 123 62 97 67 76 115 99 52 144 48 53 155 112 61 59 62 136 160 131 95 135 80 79 135 115 29 143 106 35 119 149 97 102 81 144 89 103 59 75 107 103 118 18 117 92 109 79 52 73 50 51 99 111 64 70 153 101 55 74 140 53 29 147 123 180 127 83 109 86 73 58 150 105 59 116 49
34 100 46 119 86 80 43 26 143 35 129 172 172 216 166 38 69 132 40 135 92 189 212 60 184 97 98 4 105 169 162 50 201 19 116 201 85 56 23 95 139 220 103 158 183 47 55 142 174 76 205 81 102 177 146 83 158 135 149 152 133 117 140 93 46 67 51 169 111 108 122 41 136 93 74 158 62 109 7 154 166 91 136 203 119 94 212 189 239 193 129 82 151 114 118 190 166 88 62 88
92 156 107 175 147 22 102 68 171 92 172 229 198 273 202 80 127 171 101 193 150 250 267 16 243 125 99 58 166 229 219 111 261 75 162 223 129 77 62 122 192 279 143 201 206 99 109 197 212 136 263 63 156 212 196 134 191 195 203 209 149 158 187 144 18 94 103 199 122 103 183 102 180 128 135 217 25 169 63 206 211 121 193 261 173 149 267 234 299 239 158 127 207 142 176 207 224 115 86 149
103 55 83 76 42 208 88 126 175 104 130 92 196 121 170 120 79 116 89 30 65 72 129 184 90 154 191 131 23 60 86 78 92 118 118 228 96 152 136 154 66 117 106 145 209 98 88 59 170 65 112 195 87 178 82 77 170 44 67 76 192 133 124 77 174 133 106 186 186 203 21 87 130 140 54 66 189 32 126 79 142 147 69 110 87 82 131 155 129 153 165 95 89 160 60 229 78 152 136 46
92 3 70 113 38 179 60 90 197 93 159 144 222 177 202 79 87 64 75 41 89 127 183 149 145 163 188 106 45 116 136 58 148 101 145 255 42 145 119 163 37 173 50 181 235 58 48 40 204 76 167 181 114 211 48 25 198 95 47 126 204 156 158 21 146 83 106 214 191 200 69 65 162 152 52 119 164 68 98 53 181 156 114 165 121 105 185 198 185 198 184 41 136 175 100 251 131 158 87 63
131 145 125 45 114 232 144 177 116 130 70 17 125 57 92 179 96 211 128 129 75 75 47 223 37 124 173 165 103 57 15 131 65 147 69 152 179 153 158 125 165 69 194 65 136 162 156 157 87 93 48 196 64 97 181 159 98 55 166 22 147 83 53 164 202 203 117 112 155 183 80 137 64 111 110 38 208 80 167 177 54 120 34 46 47 71 48 60 91 56 112 177 14 118 51 160 28 129 203 92
119 100 105 53 77 228 118 156 154 119 105 45 170 75 140 153 86 164 110 76 64 40 81 210 43 145 190 153 59 18 41 106 51 136 97 199 140 158 152 146 113 74 152 112 182 132 124 104 137 75 65 203 73 146 129 119 142 16 113 34 178 113 94 122 194 171 114 158 178 202 34 114 103 131 80 19 206 44 151 124 105 140 35 63 63 73 84 115 90 111 146 138 49 146 41 204 31 147 173 63
137 170 137 60 137 230 158 188 90 137 52 50 94 78 61 191 106 236 139 159 90 109 61 226 69 110 159 171 128 91 49 146 97 152 59 119 200 147 159 112 194 94 217 35 104 177 173 187 54 107 72 187 70 64 210 181 69 85 196 54 124 68 35 187 202 218 120 81 137 168 108 150 45 99 129 72 206 105 175 207 22 108 60 71 55 79 59 26 116 25 90 197 40 99 73 129 63 117 217 112
64 153 87 123 129 77 97 89 97 63 104 175 124 219 129 102 87 195 81 180 107 210 209 86 192 51 35 60 143 187 166 98 215 56 97 149 146 12 40 49 193 229 165 132 133 108 114 194 140 100 210 33 102 139 203 141 118 154 202 158 76 89 121 152 59 129 58 125 51 45 151 91 113 57 113 171 53 137 70 209 143 49 144 208 118 98 209 165 250 172 85 144 151 69 130 135 174 42 124 118
77 138 85 47 103 163 106 128 58 76 21 90 81 133 63 135 56 200 84 144 54 136 121 160 109 48 97 107 105 114 82 97 135 89 9 114 156 80 94 50 172 144 175 50 94 126 124 168 69 65 124 121 30 73 186 140 58 86 177 77 78 16 33 149 136 164 57 73 80 107 97 97 28 35 89 93 138 86 113 187 58 44 66 122 37 37 120 81 166 86 47 153 66 46 61 112 93 53 162 80
