150 30
317 255 302 73 76 180 228 365 196 159 261 68 188 317 143 396 123 236 202 155 170 51 109 347 258 301 249 307 176 83
48 20 20 50 31 23 28 39 17 47 19 43 35 29 20 23 11 35 48 47 35 36 31 35 45 15 36 16 16 34 13 10 17 18 40 23 34 38 14 47 21 28 31 10 11 33 23 17 43 27 50 28 15 29 12 29 43 24 46 42 24 20 34 36 13 32 28 20 46 27 42 25 24 20 20 34 28 26 34 44 22 25 34 25 14 17 40 39 21 11 45 20 38 11 49 12 41 50 11 22 14 26 26 35 15 22 38 35 19 25 24 33 43 45 12 21 44 35 19 31 19 44 34 19 27 35 50 16 48 24 10 45 37 50 41 21 48 48 39 24 42 34 11 10 12 17 43 44 49 34
465 275 471 110 138 316 415 382 275 271 418 118 226 496 176 397 160 348 372 207 195 100 216 432 269 465 384 445 249 158
53 111 126 57 108 36 57 85 39 22 106 76 73 77 112 22 23 23 36 9 25 94 65 49 48 104 91 87 23 87
35 125 118 101 91 94 57 93 21 36 116 72 108 134 135 61 50 81 93 50 71 93 83 106 34 76 111 131 72 120
112 37 59 43 56 78 35 16 76 75 32 29 31 96 44 96 94 82 88 70 99 31 9 102 58 68 20 59 96 36
109 140 170 71 161 36 113 127 105 88 141 127 90 35 131 66 77 43 31 75 57 140 106 17 111 163 121 82 54 101
117 35 63 39 63 76 43 22 82 79 33 38 24 91 38 98 97 82 87 73 100 37 15 100 64 76 15 51 97 27
76 78 94 36 81 46 32 53 45 37 73 47 45 78 80 55 53 44 53 30 58 63 32 68 37 82 59 66 55 58
49 101 108 63 87 57 38 71 18 11 94 57 73 96 106 40 33 47 59 16 47 77 55 74 23 81 83 93 46 86
184 69 113 77 129 112 119 91 153 145 80 113 64 95 49 154 157 126 124 135 151 103 90 130 139 147 68 49 147 51
66 84 90 54 71 61 21 53 30 29 76 40 60 96 90 56 50 55 66 30 62 60 38 81 18 68 66 84 60 72
4 147 148 105 123 84 80 116 36 36 139 98 118 124 152 39 29 68 78 46 48 120 101 88 58 110 129 135 51 131
120 45 29 80 19 111 41 23 83 89 33 22 68 133 63 117 111 111 119 90 122 8 41 134 61 36 44 95 120 70
108 54 83 18 81 56 47 41 76 70 53 50 13 71 50 83 84 63 67 61 84 55 23 79 64 90 34 39 80 26
66 107 126 47 111 24 61 84 50 34 104 78 65 64 106 30 34 14 25 20 28 95 63 40 56 110 87 76 25 79
114 65 39 94 10 119 43 41 78 87 53 28 85 146 83 118 110 117 127 92 124 28 54 141 57 16 64 112 123 88
53 104 97 86 70 89 35 71 21 36 94 50 90 126 114 67 57 79 91 47 75 71 63 105 14 57 90 115 75 102
128 120 156 54 152 41 110 113 114 99 123 120 71 2 107 86 95 56 46 85 78 128 94 42 115 159 102 55 75 78
92 108 135 39 126 4 79 92 77 61 107 92 59 37 101 51 59 21 16 47 45 105 71 25 80 128 88 59 42 71
153 5 49 70 67 110 73 37 116 115 17 59 50 116 16 135 134 118 122 110 137 44 50 134 96 87 22 66 134 41
37 116 112 89 86 83 47 84 9 25 107 64 96 122 124 54 43 71 83 39 63 85 72 97 24 74 100 119 64 108
136 93 132 37 133 51 97 92 114 101 97 103 47 29 78 98 104 67 61 87 92 107 76 64 108 143 76 25 89 50
35 141 151 86 130 57 81 113 46 34 135 100 103 96 142 10 11 41 50 33 18 121 94 58 65 122 121 115 21 117
89 71 60 78 35 97 19 40 52 61 60 17 73 127 85 92 84 93 103 66 98 35 41 118 31 31 62 101 97 81
138 70 29 114 17 143 68 56 103 113 59 51 102 167 90 143 136 141 151 117 150 41 74 166 82 29 76 128 148 102
69 133 153 67 138 29 87 111 68 51 130 105 87 63 129 26 37 16 18 40 16 122 89 24 79 135 112 92 14 100
169 73 117 61 129 93 110 88 140 131 82 107 52 74 53 136 140 108 105 120 133 102 82 109 128 145 66 31 129 42
87 78 101 21 92 35 46 58 59 49 75 58 35 62 76 59 60 39 45 38 58 71 36 59 53 95 57 52 55 49
91 114 141 45 132 6 83 98 79 63 114 98 65 37 107 50 58 19 11 49 43 111 77 19 83 133 94 65 39 77
79 83 103 30 91 35 43 61 51 40 80 57 43 67 82 51 52 35 43 29 52 72 39 57 47 93 63 60 49 57
108 63 42 88 16 112 36 36 72 81 51 21 79 139 80 111 104 110 120 85 117 25 48 134 50 20 59 107 116 83
126 98 135 35 134 40 94 93 106 93 102 102 50 20 85 87 94 57 50 79 81 109 76 52 103 142 81 33 78 56
132 68 29 109 11 137 62 52 97 107 56 45 97 162 87 137 130 136 145 112 144 37 69 160 76 25 72 124 142 98
49 113 126 61 108 41 57 87 35 18 108 76 76 81 114 20 19 27 39 7 25 95 67 53 46 103 94 91 24 90
142 103 143 48 144 55 107 103 122 108 108 114 58 23 88 102 109 71 64 94 96 118 87 64 118 154 87 35 92 61
90 60 72 42 60 66 18 31 54 52 53 26 40 92 66 75 72 66 74 49 79 41 13 89 37 65 42 67 77 51
20 144 150 95 127 70 80 114 40 32 137 99 110 110 147 23 16 54 64 38 33 120 97 73 61 116 125 125 35 124
120 135 168 66 161 39 115 124 112 95 137 128 85 22 124 77 87 50 38 81 68 139 104 28 116 165 116 73 65 94
133 57 97 26 102 64 75 60 103 95 62 75 16 61 44 103 106 77 77 84 101 75 48 85 92 114 42 13 97 15
109 78 49 102 19 124 47 52 75 87 66 36 95 153 96 118 110 120 131 93 125 40 63 146 56 4 75 122 124 99
62 95 87 81 61 88 27 62 27 40 85 41 84 124 105 71 62 80 91 49 79 61 55 106 10 50 81 109 79 94
138 104 143 46 143 51 106 102 119 105 109 113 57 20 89 99 106 68 60 91 92 118 86 60 115 152 88 36 89 62
66 105 124 46 109 25 59 82 49 33 102 76 63 65 104 31 35 16 27 19 30 93 61 42 54 108 85 75 27 77
65 128 147 64 132 28 81 105 61 45 125 99 83 65 125 22 32 13 19 34 14 116 84 28 73 129 108 90 10 97
52 102 113 56 94 46 44 74 28 14 96 63 69 85 105 33 29 36 48 6 38 82 55 62 34 90 83 87 37 82
152 23 67 58 82 100 77 45 117 114 33 67 38 101 4 130 130 109 111 107 130 56 50 122 99 100 23 49 127 26
172 73 118 64 130 96 112 90 143 134 83 109 54 77 53 139 143 111 108 122 136 103 84 113 130 146 67 34 132 44
98 76 55 92 26 112 34 47 63 74 64 27 86 142 92 105 97 108 118 80 112 38 54 133 43 16 70 114 111 92
122 29 40 62 41 96 40 4 84 86 19 25 47 114 43 111 107 99 106 84 114 14 25 120 64 57 22 73 112 48
118 62 34 95 5 122 46 40 83 92 50 30 85 147 81 122 115 120 129 96 128 26 55 144 61 19 62 112 126 87
95 69 54 81 29 102 24 38 59 68 57 16 75 131 84 98 91 98 108 72 105 31 43 123 37 26 61 103 103 81
91 58 68 48 54 71 14 28 54 54 51 21 44 98 66 79 75 71 80 52 83 36 14 94 35 59 42 72 81 54
73 93 79 90 51 101 31 61 40 54 82 38 90 135 106 85 76 93 105 63 93 57 59 119 24 37 82 116 93 99
25 137 144 88 122 64 74 108 36 26 131 94 103 103 140 18 9 47 58 30 28 114 90 68 56 113 118 118 30 117
173 53 97 69 113 107 105 76 141 135 64 98 53 96 33 145 148 120 119 125 144 88 76 126 125 131 53 45 140 39
48 104 113 61 93 52 43 75 22 9 97 62 73 91 108 34 28 41 53 9 41 82 57 67 30 87 85 92 40 86
7 152 150 114 124 95 84 121 40 44 144 102 126 135 159 50 40 79 90 55 59 123 107 99 61 110 136 144 62 139
21 142 148 93 125 68 78 112 38 30 135 97 108 108 145 22 13 52 62 35 31 118 95 71 59 115 123 123 34 122
46 109 103 88 77 87 40 77 15 31 100 56 93 125 119 61 51 76 88 44 70 77 67 102 18 64 95 117 70 105
143 86 127 39 130 60 98 89 119 107 92 102 43 39 70 106 112 76 71 94 101 104 75 75 111 142 71 17 98 44
114 45 37 73 26 102 33 17 76 81 33 14 61 125 61 109 104 102 111 82 114 8 32 125 54 39 40 89 112 64
126 131 165 64 161 42 116 123 116 100 134 127 81 14 119 84 94 55 44 86 75 137 103 36 119 165 112 67 72 89
107 44 66 37 62 70 34 23 72 69 40 32 27 89 48 89 87 74 81 64 91 37 5 94 54 72 25 55 88 35
108 59 90 12 87 51 51 47 78 70 59 56 13 64 54 81 82 59 62 60 80 62 29 74 66 96 39 35 77 27
105 71 101 4 97 40 57 58 77 67 71 65 22 54 64 74 77 49 51 55 72 73 39 63 69 104 51 34 69 35
115 78 113 12 110 39 72 70 90 78 80 79 28 41 68 80 85 52 51 66 77 85 52 59 83 119 59 25 73 38
129 63 102 21 104 58 74 63 100 91 67 76 17 55 51 97 100 71 70 79 95 78 49 78 90 116 46 11 91 21
87 64 79 38 67 59 22 37 52 49 58 33 39 87 68 70 67 60 68 44 73 47 17 82 37 70 45 65 71 50
71 97 117 39 104 25 54 75 50 36 94 70 55 63 96 39 41 21 30 22 38 86 53 45 52 103 77 68 35 69
68 97 115 41 101 29 51 73 47 32 93 67 57 67 96 37 39 23 34 19 38 84 52 49 48 100 77 71 35 71
99 87 61 104 31 122 45 59 67 80 75 39 98 153 103 111 102 116 127 88 119 48 66 142 49 11 82 126 118 104
41 114 123 67 102 51 53 85 24 8 107 72 80 92 117 25 18 38 50 9 33 92 67 64 38 95 95 98 32 94
180 72 117 72 131 106 117 92 150 141 83 113 61 87 52 148 152 120 117 131 145 105 89 122 136 148 69 43 141 49
41 138 151 82 131 51 81 112 49 35 133 100 99 90 139 5 13 35 43 31 11 120 92 51 66 124 119 110 14 113
135 18 55 52 64 92 57 25 99 97 20 47 33 101 21 117 115 99 103 92 118 37 32 115 80 81 3 55 115 28
126 72 110 19 111 51 77 69 99 89 76 81 24 46 60 92 97 64 63 76 89 85 54 70 91 121 55 13 85 30
103 47 67 37 61 69 30 24 68 65 42 30 29 89 51 86 84 72 79 60 88 37 3 92 51 70 28 57 86 38
96 55 74 34 65 62 28 31 61 58 50 33 31 85 59 78 76 65 72 52 81 43 9 86 46 72 36 58 78 42
78 85 106 30 94 32 46 63 53 41 82 60 44 65 84 50 51 32 40 29 50 75 42 55 49 96 65 60 47 58
34 140 150 86 129 57 80 112 45 32 134 99 102 96 141 10 9 41 50 32 18 119 93 58 64 121 120 115 21 116
23 135 130 104 103 92 66 103 24 35 126 83 113 133 143 54 43 78 90 49 65 104 91 102 43 88 119 135 66 126
115 37 64 38 63 75 41 21 80 77 34 36 24 90 40 96 95 80 85 71 98 37 13 98 62 75 17 52 95 29
121 64 33 98 3 125 49 42 85 94 52 33 87 150 82 124 117 123 132 98 131 28 58 147 64 19 64 115 129 90
44 106 112 67 91 58 42 76 16 6 99 62 77 97 111 36 28 47 59 15 44 82 60 73 26 84 88 97 43 91
92 73 98 17 90 38 46 55 64 54 71 57 30 62 70 64 65 43 48 43 64 68 33 62 56 95 53 47 60 44
122 27 50 52 52 89 42 10 85 85 21 31 37 104 37 107 104 93 99 81 110 25 20 112 66 66 13 63 107 37
142 23 23 81 40 118 61 26 105 108 13 43 64 132 43 133 129 121 128 107 137 22 47 141 83 61 33 87 134 60
154 90 133 50 139 71 109 97 130 118 97 111 52 45 73 117 123 87 82 105 112 112 84 84 123 151 78 24 109 50
41 113 121 67 101 52 51 84 23 6 106 71 80 93 116 26 19 39 51 9 34 91 66 65 36 94 94 98 33 94
111 70 103 3 101 42 63 61 84 73 72 69 20 51 62 79 82 53 54 62 77 76 43 64 75 109 51 28 73 32
128 26 61 44 66 84 53 25 93 90 27 45 25 94 26 109 108 91 95 84 110 39 26 107 75 81 6 49 107 23
145 25 20 85 39 121 63 30 107 111 16 45 67 136 45 136 132 125 132 110 140 24 51 145 86 61 36 90 138 63
101 149 176 79 165 40 115 133 101 85 148 131 99 48 141 59 71 42 31 72 49 145 111 16 111 165 129 94 48 111
124 55 92 18 94 59 65 53 93 85 59 66 7 62 45 95 97 70 71 75 93 68 39 81 81 106 37 21 90 15
74 91 78 88 50 99 29 59 40 53 80 36 87 134 104 85 75 92 103 62 93 55 56 118 23 37 80 114 92 96
120 71 107 12 106 47 71 65 93 82 74 76 21 47 60 87 90 59 59 70 84 81 49 67 84 116 52 19 80 30
83 67 71 55 54 74 5 35 46 48 58 21 54 103 75 75 70 71 81 48 80 40 24 96 26 54 51 81 78 64
89 60 66 54 50 76 9 29 52 54 52 16 50 104 70 80 75 74 84 54 85 35 19 98 32 53 45 78 83 59
29 132 125 104 98 95 63 99 23 37 122 79 112 135 140 59 47 81 93 51 69 100 88 105 39 83 116 134 70 125
58 140 158 78 140 41 89 116 63 48 137 108 97 76 138 17 29 27 31 40 8 126 96 36 78 135 120 104 9 111
110 41 65 38 61 72 36 21 75 72 37 33 26 90 45 92 90 77 83 67 94 36 8 96 57 72 22 54 91 33
108 111 143 42 137 20 91 100 93 78 113 103 61 21 102 66 75 36 27 64 59 114 79 28 95 141 92 54 56 71
165 72 116 57 127 90 107 86 137 127 81 105 49 71 52 133 137 104 101 116 129 100 79 106 125 142 64 27 125 40
133 52 92 27 97 67 72 55 102 94 57 71 13 66 39 104 106 79 79 84 102 70 45 88 90 110 37 17 99 10
138 25 66 47 75 87 64 35 103 99 30 56 26 93 17 116 116 96 99 92 117 48 36 110 86 91 12 44 113 18
128 82 120 25 120 48 85 79 104 92 86 90 34 37 68 92 98 63 59 79 88 94 63 65 97 130 65 17 84 39
78 83 103 31 91 36 42 60 51 40 79 57 44 68 83 51 51 35 43 29 52 72 39 58 46 92 63 61 49 58
157 8 46 77 66 117 77 40 120 120 18 62 56 123 21 141 139 124 128 116 143 45 55 140 100 87 28 73 140 47
33 121 129 75 107 57 59 92 24 10 115 78 89 97 125 22 13 42 54 16 31 98 75 66 42 99 103 105 32 102
95 57 57 61 41 85 13 25 57 61 47 7 55 112 69 89 83 84 93 62 94 27 23 108 36 45 45 83 92 62
99 65 50 81 26 103 26 35 63 71 54 15 74 132 81 101 94 100 110 75 108 28 42 125 41 25 58 102 106 80
58 108 124 52 108 32 57 83 42 26 104 75 68 72 108 26 28 20 32 12 27 93 63 47 49 105 88 82 25 82
141 77 118 34 122 62 92 80 115 104 83 94 35 47 61 106 111 77 74 92 102 95 67 79 106 134 62 8 98 35
53 130 146 70 129 38 78 105 53 37 126 96 88 76 129 10 21 21 30 28 5 115 85 39 66 124 110 98 3 102
137 100 139 43 140 50 103 99 116 103 105 109 54 22 86 97 105 67 60 89 91 114 82 60 112 149 84 32 88 58
109 40 58 45 53 78 31 14 72 72 34 25 34 98 48 94 91 81 88 68 97 28 7 102 54 64 24 62 94 40
113 51 36 80 19 107 35 25 76 83 39 16 69 132 68 111 105 107 116 85 117 13 39 130 54 32 48 97 115 72
113 88 122 21 119 32 78 80 91 78 90 87 38 32 78 76 82 47 43 65 72 95 61 50 87 126 69 32 68 48
17 133 132 96 107 81 65 101 21 26 124 83 107 122 139 42 31 67 78 39 52 104 87 90 42 94 116 127 54 120
152 91 133 49 138 69 107 96 128 116 98 110 51 43 74 115 121 85 79 103 110 111 83 82 121 150 77 24 106 50
160 83 127 53 134 79 108 93 133 123 91 109 50 56 65 124 129 95 90 110 120 107 82 93 124 148 72 23 116 46
73 79 92 41 77 51 27 51 40 34 73 43 49 84 82 55 52 48 57 29 59 61 32 72 31 77 60 71 57 62
113 69 42 97 12 122 45 45 78 88 57 31 88 149 87 119 111 119 129 93 125 32 58 144 57 12 68 116 124 92
112 90 124 22 120 30 79 81 91 77 92 88 40 31 80 75 81 45 41 64 70 96 62 48 87 127 71 34 67 50
116 135 167 66 160 36 113 124 109 92 137 126 85 25 125 74 84 47 35 79 64 138 103 24 114 163 116 74 62 95
88 84 109 21 99 27 53 65 63 51 82 66 39 55 80 56 59 33 38 38 55 78 44 51 59 103 63 51 51 52
161 30 74 64 91 105 87 55 126 123 41 77 44 103 10 138 138 116 117 115 137 65 60 127 109 109 33 50 134 31
95 146 172 76 160 36 110 129 95 79 145 126 97 50 139 53 64 36 26 67 43 141 107 13 105 160 126 93 41 109
60 103 119 49 102 34 52 78 40 25 98 69 64 74 103 30 31 24 36 11 33 87 57 51 45 100 83 79 30 78
134 75 35 115 17 142 66 59 99 110 63 50 104 168 94 141 133 140 150 115 147 43 75 165 79 24 79 131 146 105
138 30 18 83 32 119 57 26 101 105 19 38 67 135 50 131 127 121 128 105 135 17 47 142 79 53 38 92 133 65
48 102 102 73 79 72 34 70 10 20 93 52 80 110 109 51 42 62 74 30 59 73 57 88 12 69 86 103 59 93
148 86 127 43 132 65 101 90 123 111 92 104 46 43 69 111 117 81 76 98 106 105 77 79 115 144 72 18 103 45
148 12 32 78 51 117 67 31 111 113 8 51 59 128 32 136 133 122 127 110 139 31 49 140 90 72 28 80 136 53
155 6 47 73 66 114 75 38 118 118 17 60 53 120 18 138 136 121 125 113 140 44 52 137 98 86 25 70 137 44
90 62 61 62 43 84 9 29 53 57 52 10 58 112 73 85 80 82 91 59 91 31 26 106 31 45 49 85 89 65
118 72 41 104 11 128 51 50 83 94 60 37 94 155 91 125 117 125 135 99 131 36 64 150 63 11 72 122 130 97
68 101 120 43 106 25 56 78 49 34 98 72 59 64 100 35 38 18 29 20 34 89 57 44 53 105 81 72 31 73
160 40 84 58 99 98 89 60 126 121 50 82 40 93 20 134 135 110 110 112 133 72 61 119 110 116 37 40 129 26
124 25 49 53 52 90 45 11 87 87 19 33 37 105 35 109 106 95 100 83 112 25 22 114 68 68 12 63 109 37
38 118 126 70 106 52 57 89 26 10 111 76 84 93 120 21 14 38 50 11 30 96 71 63 41 99 99 100 30 98
106 47 47 63 36 91 24 15 68 72 37 8 53 115 60 99 94 92 100 72 103 16 23 114 47 45 37 81 101 58
124 67 104 16 105 52 72 64 96 86 71 76 19 51 56 91 95 65 64 74 89 79 49 72 87 116 50 15 85 25
146 35 78 46 89 87 75 49 112 107 43 69 27 86 19 121 121 98 99 98 120 62 47 109 96 105 26 35 116 13
112 132 163 62 156 31 109 120 104 87 133 122 82 25 122 69 79 42 30 74 60 134 99 20 109 158 113 73 57 92
110 94 127 25 123 26 80 84 89 76 96 90 44 28 85 71 78 41 37 62 66 99 65 43 87 129 75 39 63 54
116 34 43 60 40 93 35 2 79 81 25 21 47 112 48 106 102 95 103 79 110 14 22 117 58 54 25 74 107 49
110 106 139 37 133 22 89 95 94 79 108 100 56 20 96 70 77 39 31 65 63 110 75 34 94 138 87 48 60 66
44 138 151 81 132 49 82 112 51 36 133 101 98 87 138 5 15 33 41 32 9 120 92 49 68 125 118 109 12 112
61 93 88 78 63 84 25 61 25 36 84 40 80 120 103 68 59 76 87 45 76 61 52 102 6 53 79 106 75 91
93 66 56 76 33 97 19 35 56 64 55 13 70 126 80 94 87 93 103 68 100 30 38 118 34 31 57 98 99 77
119 54 30 88 11 116 43 31 82 90 42 24 76 140 72 119 113 115 124 93 125 17 48 139 60 28 53 104 123 79
